
$orca_hessian_file

$act_atom
  0

$act_coord
  0

$act_energy
        0.000000

$multiplicity
  1

$hessian
48
                    0                  1                  2                  3                  4        
    0      6.9383114943E-01  -6.8757487784E-02   6.5603233985E-02  -1.3232130480E-01   4.9986840504E-02
    1     -6.8757487784E-02   5.5553274391E-01   3.7791176796E-01   4.9711294700E-02  -3.3810819679E-01
    2      6.5603233985E-02   3.7791176796E-01   3.8743997965E-01   2.5050719203E-02  -2.1448139225E-01
    3     -1.3232130480E-01   4.9711294700E-02   2.5050719203E-02   6.5302856355E-01  -5.8219816442E-02
    4      4.9986840504E-02  -3.3810819679E-01  -2.1448139225E-01  -5.8219816442E-02   6.4086026075E-01
    5      2.6912404947E-02  -2.1264037516E-01  -2.2905521546E-01   4.9081133877E-02   3.6267498869E-01
    6      1.0672825996E-02  -1.3235464980E-02  -1.0773558674E-02  -2.1538155383E-01  -6.3596723815E-02
    7     -2.8889426486E-02  -2.2980194026E-02  -3.2921414869E-02  -6.1021529419E-02  -1.4971394858E-01
    8     -2.4614048297E-02  -2.5327063444E-02  -8.3871159818E-03  -1.0016772273E-01  -1.1075369007E-01
    9     -2.3479737688E-02   3.0333548974E-02   1.5612345339E-02  -2.5957924123E-01   8.6138868822E-02
   10      4.1940595203E-02  -1.3017099782E-02  -1.3299954374E-02   7.3603906451E-02  -1.3939389898E-01
   11      2.5653695718E-02  -1.5969761892E-02   6.6222046924E-03   1.7334969097E-02  -5.1119150307E-02
   12      5.4232847087E-03  -5.5847019786E-03  -2.6694372054E-03  -5.3731114953E-02  -6.3986795698E-04
   13      5.9373800169E-03  -3.9027976669E-03  -4.8503293956E-04   1.0457393429E-02   8.4954438057E-03
   14      6.3451430669E-03  -3.1732337642E-03  -2.4516239209E-03  -2.2210803499E-03   1.0791800353E-02
   15      1.2940619691E-04  -1.0454683783E-04  -1.6118763799E-04  -3.0200984164E-03  -2.1419597606E-03
   16     -2.0434831859E-04   4.2227645470E-04  -3.1791116857E-04  -4.0668281683E-04  -3.0539324388E-03
   17     -2.2521594347E-04  -5.0630788489E-05   5.2529401823E-04   3.6635971340E-05  -3.2095709488E-03
   18     -3.4958611440E-04   2.9466464274E-04   9.9623411623E-05   1.4612524538E-03  -1.1433445596E-03
   19      2.0839652066E-04  -2.9268067895E-04   2.5123411324E-05  -1.3076719887E-04   1.0142059159E-03
   20     -5.4299042038E-05   2.7194748856E-05   9.8694886993E-05  -5.4068066251E-04   2.3523267538E-04
   21     -2.2802877690E-01  -1.0199911847E-01  -1.2585016445E-01   7.2215374598E-03   3.6599192801E-03
   22     -9.6037641395E-02  -1.0145967713E-01  -8.8494036439E-02  -2.1389585160E-02  -6.8886368219E-03
   23     -1.2167614175E-01  -9.0698872080E-02  -1.1467678919E-01  -1.5521746713E-02  -3.8373666567E-03
   24     -3.2307216813E-01   1.0602479521E-01   2.8927812479E-02  -2.9068420753E-03  -2.5178314231E-03
   25      9.9989637905E-02  -7.8928630595E-02  -2.9224319788E-02   2.4879948734E-02  -6.2010699147E-03
   26      2.5208032597E-02  -2.8934293285E-02  -3.8963292069E-02   1.9148291011E-02  -2.4791071859E-03
   27     -4.6671257406E-03  -1.2702033207E-03  -1.3828110128E-03   1.4340179360E-02  -1.6735105576E-02
   28     -2.7109355751E-03   2.1578802710E-03   2.4991566049E-04   1.3215885301E-03  -1.6690530722E-02
   29     -2.7298851390E-03  -8.3255804454E-04  -4.8158564456E-04   1.0951719762E-02  -3.6195506406E-03
   30      1.9066022869E-03   1.3925193365E-03   2.8968246414E-03  -2.1495415332E-02   1.5078549016E-02
   31     -5.7970626163E-04  -5.8868833207E-05   6.1658090418E-04  -2.2474348097E-02   1.0247016442E-02
   32     -1.1579172935E-04  -1.5904319895E-03  -1.0351431707E-03  -8.4547507748E-03   1.9167432244E-02
   33      7.3701264649E-05   1.8871720735E-03   9.0314199212E-04   6.0563236154E-03  -6.6745472997E-03
   34     -6.2178132166E-04   2.5315450468E-04  -2.8692607814E-05   2.6137349364E-03  -1.0783102893E-03
   35      1.4045024458E-05   1.0037799428E-03   3.4071043930E-04   1.8174287859E-03  -1.1060978191E-03
   36      2.3513504278E-05   1.3605454846E-03   1.7970503159E-03   6.4347050752E-03  -3.5057740212E-03
   37     -1.5781820349E-04   1.9095165279E-04   5.3465423749E-04   1.0798408048E-03   5.5920981035E-04
   38     -5.7103747464E-04   4.6439031594E-04   3.3564845320E-04   3.9916490439E-03  -3.0024866826E-03
   39     -6.3217065620E-05  -1.4441454085E-04   2.4446039687E-05  -2.9656869061E-04   5.2011641645E-04
   40     -5.7907793101E-05   1.1652861371E-04  -4.3156327349E-05   7.9749040450E-05  -5.0943757006E-05
   41      1.0451501117E-04  -6.4597662726E-05  -1.5520078585E-04  -2.8018750808E-04   2.1677648529E-04
   42     -1.0558364039E-04   8.9021598440E-05  -3.4404507067E-06   3.9476021837E-04  -1.1077998472E-04
   43     -6.7180716423E-06   2.8734017763E-05  -3.4457396514E-05  -1.3948493282E-04   3.6176721524E-05
   44      9.3644287073E-05  -9.6541930646E-05  -1.1421924885E-04  -7.8317309428E-05   7.9117571022E-04
   45      2.7016696951E-05   2.5013437441E-05  -4.8697540947E-05  -2.0518239805E-04  -1.3347299008E-04
   46     -6.1716486768E-05   4.5876082341E-05  -2.6615271490E-06   6.9687230539E-05  -3.2845155835E-05
   47      2.5804300327E-05  -3.3785416789E-05  -4.2346668519E-05  -1.3018610937E-04  -2.5071539716E-04
                    5                  6                  7                  8                  9        
    0      2.6912404947E-02   1.0672825996E-02  -2.8889426486E-02  -2.4614048297E-02  -2.3479737688E-02
    1     -2.1264037516E-01  -1.3235464980E-02  -2.2980194026E-02  -2.5327063444E-02   3.0333548974E-02
    2     -2.2905521546E-01  -1.0773558674E-02  -3.2921414869E-02  -8.3871159818E-03   1.5612345339E-02
    3      4.9081133877E-02  -2.1538155383E-01  -6.1021529419E-02  -1.0016772273E-01  -2.5957924123E-01
    4      3.6267498869E-01  -6.3596723815E-02  -1.4971394858E-01  -1.1075369007E-01   8.6138868822E-02
    5      4.9085527664E-01  -5.8958758668E-02  -7.7588123048E-02  -1.4597883908E-01   3.1292153378E-02
    6     -5.8958758668E-02   7.2882843345E-01  -1.9802199067E-01   7.5964778963E-02  -7.2111726674E-02
    7     -7.7588123048E-02  -1.9802199067E-01   4.1363379822E-01   2.8463085165E-01   1.7369415729E-02
    8     -1.4597883908E-01   7.5964778963E-02   2.8463085165E-01   5.4231142581E-01  -9.8357572478E-04
    9      3.1292153378E-02  -7.2111726674E-02   1.7369415729E-02  -9.8357572478E-04   5.9653473670E-01
   10     -5.3491529672E-02  -1.8306541246E-02   1.6596824930E-02   3.1505842874E-03  -4.7928946729E-02
   11     -9.3908023281E-02  -2.7484686577E-02   1.1624432480E-02   7.5366585640E-03   6.8304863595E-02
   12     -1.1663801511E-02   8.1528456061E-04   1.3291521319E-03   2.1496624393E-05  -1.6128190005E-01
   13      1.3311142239E-02   2.7335545776E-03  -1.1263533672E-03  -2.0356488413E-03  -5.7171394945E-02
   14      3.6842429882E-03   2.7322475307E-03  -3.3994855940E-03   7.0018682698E-04  -7.3624429769E-02
   15     -2.7942500527E-03  -2.4755847691E-04   1.1924431617E-03   4.0641654475E-04  -4.5915191302E-02
   16     -2.7198983221E-03  -1.5228371402E-03   4.9272112108E-04   4.8918738552E-05  -1.8216205529E-02
   17     -2.7675216468E-03  -1.0155063555E-03   6.1842979804E-04   3.7103088937E-04  -2.1448510704E-02
   18     -7.0254446783E-04  -8.5374757472E-04  -1.2304955552E-05  -1.3192888422E-04  -3.9356691714E-03
   19      6.7559421588E-04   7.3396939973E-04  -2.0254581637E-05   3.8390488345E-05   5.7611340970E-03
   20      3.3620587760E-04   2.5791991498E-04   4.5987203926E-05   1.1735143699E-04   5.3232638418E-04
   21      4.5851031522E-03   1.0158042399E-03   2.3976834190E-03  -8.8353458051E-05  -1.1080270644E-03
   22     -9.1144259417E-03   4.5806641779E-03   4.5077029766E-04  -5.8377153768E-03  -5.7495266317E-04
   23     -7.1464940418E-03  -3.8008085978E-04  -5.4133453886E-03   2.7589690984E-03   5.9289032583E-04
   24     -2.1010580805E-03   2.4209128894E-04  -1.1569614749E-03  -7.0912978271E-05   1.5483230033E-03
   25      1.2854658306E-03  -1.5009982640E-03  -9.7165807144E-04   3.2251852597E-03   1.8515011609E-03
   26     -8.5633289922E-04   1.4761347924E-03   2.3346634496E-03  -2.5038324338E-03   1.6214353489E-04
   27     -2.7141615961E-02  -1.1428027914E-01   8.0841958390E-02   1.0930134128E-01   7.9383608249E-04
   28     -2.0191909643E-02   6.8062849303E-02  -9.6629751130E-02  -1.5400300671E-01   3.3451316772E-03
   29     -1.6169439057E-02   1.0407316524E-01  -1.9176042444E-01  -3.3565975226E-01   2.1613028157E-03
   30     -2.4762803882E-03  -3.3632583293E-01   1.8553298379E-01  -5.9773479778E-02  -3.9937035622E-03
   31     -1.3499414920E-03   2.2005261846E-01  -1.6029496147E-01   6.5709445661E-03  -3.8181163537E-03
   32      8.2488170742E-04  -8.5395738747E-02   1.1378516265E-02  -6.1199200882E-02  -2.0297202340E-03
   33     -1.7401894442E-03  -1.0240930347E-03   1.0004126967E-03  -1.7741460775E-04  -2.0028827894E-02
   34     -1.0854434188E-03  -3.2544528700E-05   7.5636793600E-04   1.9020749679E-04  -1.2646119229E-02
   35      5.7538083453E-04  -4.2689133171E-04   7.1612675495E-05  -4.4214213255E-04  -9.8701103603E-03
   36     -4.6447793822E-03  -1.1114045580E-03  -2.7833172014E-04   4.2244990144E-04  -9.9852045394E-03
   37      3.5703359314E-04  -1.3880543890E-04  -4.1584076781E-04   4.3449680135E-05  -4.0094410082E-03
   38     -9.4551131475E-04  -3.0141671938E-04   5.5396872897E-04   4.9360956261E-04  -1.3534763663E-02
   39      3.7394779255E-04  -1.1556564004E-04  -3.1458002931E-04  -6.2872330807E-05   3.0370116717E-03
   40     -9.3966351399E-05   2.1865116600E-04   1.8834192970E-04   6.9336280148E-05  -3.9081369564E-04
   41      9.1713244956E-05   1.1767145652E-04  -2.2837356409E-05  -1.7570355522E-05   5.8788998288E-04
   42     -2.5053314047E-05  -1.9684514511E-04  -5.6597228433E-05  -6.9615944155E-05  -3.0511727791E-04
   43     -3.9810340421E-05   1.0141035100E-05   1.0669957160E-05   1.0536253585E-05   4.7270683644E-05
   44      5.0402116868E-04   2.3414427776E-04  -1.8420459746E-04  -7.5396426890E-05   3.8427459251E-03
   45     -1.4286469661E-05   7.4167457198E-05   9.4322620683E-05   1.9914149683E-05  -1.8956100377E-04
   46     -7.0793775614E-06  -4.3192005603E-05   2.3467604560E-05  -1.9098584950E-05  -8.5309196335E-05
   47     -4.4345686298E-05  -1.1589697561E-04   2.9191381842E-05  -2.5382641570E-05  -1.5917918406E-03
                   10                 11                 12                 13                 14        
    0      4.1940595203E-02   2.5653695718E-02   5.4232847087E-03   5.9373800169E-03   6.3451430669E-03
    1     -1.3017099782E-02  -1.5969761892E-02  -5.5847019786E-03  -3.9027976669E-03  -3.1732337642E-03
    2     -1.3299954374E-02   6.6222046924E-03  -2.6694372054E-03  -4.8503293956E-04  -2.4516239209E-03
    3      7.3603906451E-02   1.7334969097E-02  -5.3731114953E-02   1.0457393429E-02  -2.2210803499E-03
    4     -1.3939389898E-01  -5.1119150307E-02  -6.3986795698E-04   8.4954438057E-03   1.0791800353E-02
    5     -5.3491529672E-02  -9.3908023281E-02  -1.1663801511E-02   1.3311142239E-02   3.6842429882E-03
    6     -1.8306541246E-02  -2.7484686577E-02   8.1528456061E-04   2.7335545776E-03   2.7322475307E-03
    7      1.6596824930E-02   1.1624432480E-02   1.3291521319E-03  -1.1263533672E-03  -3.3994855940E-03
    8      3.1505842874E-03   7.5366585640E-03   2.1496624393E-05  -2.0356488413E-03   7.0018682698E-04
    9     -4.7928946729E-02   6.8304863595E-02  -1.6128190005E-01  -5.7171394945E-02  -7.3624429769E-02
   10      2.4521194633E-01   1.2915209794E-01  -2.9407111080E-02  -1.1000260787E-01  -4.1551577613E-02
   11      1.2915209794E-01   2.0298439481E-01  -4.4924606986E-02  -4.7967102924E-02  -1.1548516828E-01
   12     -2.9407111080E-02  -4.4924606986E-02   5.1755374009E-01  -1.9561450521E-02  -5.2183535074E-02
   13     -1.1000260787E-01  -4.7967102924E-02  -1.9561450521E-02   6.2411163130E-01  -2.9024501332E-02
   14     -4.1551577613E-02  -1.1548516828E-01  -5.2183535074E-02  -2.9024501332E-02   5.7631116125E-01
   15      1.5378361664E-02   2.6940352158E-03  -1.7395297283E-01   7.3366167216E-02   3.6828407106E-02
   16      1.2099934359E-02   4.2033689291E-03   8.1770215098E-02  -1.6020058049E-01  -2.0872891465E-02
   17      1.1649963157E-02   6.7960162920E-03   4.6377799175E-02  -2.6544398269E-02  -9.2241622132E-02
   18      2.1839451138E-03   1.0710283499E-03  -2.2223768192E-02  -9.3042873251E-03   1.3123225434E-02
   19     -1.3537129358E-03  -4.4927620627E-04   1.4128178208E-02   1.1645978557E-02  -7.7978184178E-03
   20     -9.2913649216E-04  -1.8774653983E-04   9.9648283143E-03   2.7990462203E-03   1.6861027158E-03
   21     -1.8320985239E-03  -5.2995921929E-04  -2.1806599251E-03   2.4095699577E-03   1.4360097687E-03
   22     -9.5360174021E-04   4.0369505738E-03  -3.8137414663E-05  -5.7835403669E-04  -6.9539013274E-04
   23      3.7948198816E-03  -2.7730352896E-03  -6.1487571585E-04  -2.8448208618E-04  -2.1261961647E-05
   24      7.5077926412E-04  -1.1642907973E-03   8.8484548610E-05   3.4595453338E-05   4.7984249894E-05
   25      4.3340867738E-04  -8.1207182543E-03  -1.7245242387E-03  -2.0571458631E-04  -6.0269196523E-04
   26     -8.7793582403E-03   4.2453513117E-03  -1.5889878671E-03  -2.8131152540E-04  -4.4454702386E-04
   27      3.1395750262E-04   8.8895096277E-04  -1.1643801021E-03  -1.6301108800E-04  -3.5215195521E-04
   28     -2.3471918462E-04   1.9193734790E-03  -1.2429262243E-04  -5.0189241339E-04   6.3090258660E-04
   29      1.3141470135E-03   1.5002151758E-03  -8.4761885614E-04  -8.3799909202E-05  -8.9529333611E-05
   30     -2.1606343877E-03  -3.9168821584E-03   6.1980649634E-05   7.7536016993E-04   3.6690259156E-04
   31     -1.3566261005E-03  -2.9849061458E-03  -9.5378972759E-04   1.1564555507E-03  -4.2101234131E-04
   32     -2.1867764840E-03  -6.4161309053E-04  -4.4604879192E-04  -4.0404022808E-04   1.2102240333E-03
   33     -3.1820849854E-02   8.2704920507E-04  -5.5479292234E-02  -2.8352536362E-02   9.8276508640E-03
   34     -1.0833382467E-02  -4.5586674127E-03  -3.1346707249E-02  -2.9473850448E-01   7.2520770661E-02
   35     -2.2827882218E-02   4.7059391161E-03   1.1555766208E-02   7.7029777530E-02  -7.7584197630E-02
   36     -2.2016466572E-03  -3.8965263451E-02  -5.7990265535E-02  -2.2620395800E-03   5.8489041386E-02
   37      8.3003278049E-04  -1.9869100992E-02  -2.7109446144E-03  -5.8817826066E-02   2.0191625184E-02
   38     -5.0274479868E-03  -2.0769533308E-02   4.8075551771E-02   2.0301315322E-02  -3.0456799931E-01
   39     -1.2514091593E-03   1.8669220876E-04   3.9268634941E-03   2.6285319182E-02  -3.1552886907E-03
   40      1.5394959065E-03   2.5301389358E-04  -5.2902432014E-03  -1.5328995716E-02   2.8299111153E-03
   41      3.9947291899E-04  -1.0308431194E-04  -1.0640566689E-03  -9.4405842200E-03   4.5670112422E-03
   42      1.0766295447E-04  -2.0191517353E-05  -6.1775900856E-04  -2.6236565572E-03   5.3621693520E-03
   43      2.5765420037E-04  -8.7519974766E-05  -1.2949946668E-03  -9.1460216062E-04   1.9706411861E-03
   44     -1.4408890347E-03  -8.4454672308E-04   2.1036592145E-03   3.3205505713E-03   1.2759080244E-02
   45      6.2445768931E-04   3.8837370681E-05   7.5247477764E-04  -2.5537352850E-03  -3.0276450674E-03
   46      1.7635187041E-04  -5.6446778632E-05   1.4419914938E-03   9.0871963683E-04  -1.4066313909E-03
   47      6.6880509117E-05   3.2197086164E-04  -2.0907830733E-03  -2.0134667773E-04  -8.0320597039E-03
                   15                 16                 17                 18                 19        
    0      1.2940619691E-04  -2.0434831859E-04  -2.2521594347E-04  -3.4958611440E-04   2.0839652066E-04
    1     -1.0454683783E-04   4.2227645470E-04  -5.0630788489E-05   2.9466464274E-04  -2.9268067895E-04
    2     -1.6118763799E-04  -3.1791116857E-04   5.2529401823E-04   9.9623411623E-05   2.5123411324E-05
    3     -3.0200984164E-03  -4.0668281683E-04   3.6635971340E-05   1.4612524538E-03  -1.3076719887E-04
    4     -2.1419597606E-03  -3.0539324388E-03  -3.2095709488E-03  -1.1433445596E-03   1.0142059159E-03
    5     -2.7942500527E-03  -2.7198983221E-03  -2.7675216468E-03  -7.0254446783E-04   6.7559421588E-04
    6     -2.4755847691E-04  -1.5228371402E-03  -1.0155063555E-03  -8.5374757472E-04   7.3396939973E-04
    7      1.1924431617E-03   4.9272112108E-04   6.1842979804E-04  -1.2304955552E-05  -2.0254581637E-05
    8      4.0641654475E-04   4.8918738552E-05   3.7103088937E-04  -1.3192888422E-04   3.8390488345E-05
    9     -4.5915191302E-02  -1.8216205529E-02  -2.1448510704E-02  -3.9356691714E-03   5.7611340970E-03
   10      1.5378361664E-02   1.2099934359E-02   1.1649963157E-02   2.1839451138E-03  -1.3537129358E-03
   11      2.6940352158E-03   4.2033689291E-03   6.7960162920E-03   1.0710283499E-03  -4.4927620627E-04
   12     -1.7395297283E-01   8.1770215098E-02   4.6377799175E-02  -2.2223768192E-02   1.4128178208E-02
   13      7.3366167216E-02  -1.6020058049E-01  -2.6544398269E-02  -9.3042873251E-03   1.1645978557E-02
   14      3.6828407106E-02  -2.0872891465E-02  -9.2241622132E-02   1.3123225434E-02  -7.7978184178E-03
   15      7.8030374764E-01   1.1168047789E-01  -2.2203012308E-01  -4.8058733537E-01  -1.6012400980E-01
   16      1.1168047789E-01   6.9700634398E-01  -7.7202457793E-02  -1.5911879384E-01  -1.9232958609E-01
   17     -2.2203012308E-01  -7.7202457793E-02   2.4249257053E-01   1.5891221362E-01   6.7354967598E-02
   18     -4.8058733537E-01  -1.5911879384E-01   1.5891221362E-01   8.0245941953E-01   5.6484337196E-02
   19     -1.6012400980E-01  -1.9232958609E-01   6.7354967598E-02   5.6484337196E-02   7.0174111184E-01
   20      1.5835844342E-01   6.6541854218E-02  -1.1181161588E-01  -2.3746244639E-01  -7.4734500369E-02
   21      4.0318175942E-05   3.8426354633E-04   4.5478783584E-04   6.9733105441E-05  -2.4534084880E-05
   22      2.4561806804E-04  -2.2722602575E-04   4.9199944270E-04  -1.5764900550E-04   1.4831235231E-04
   23      3.9073937207E-04   5.9007214213E-04  -2.1397467703E-04  -3.2471840741E-05  -5.8991839349E-05
   24      1.6389742708E-04   8.3562428008E-05   6.5032887037E-05  -6.1773839334E-05   5.8998819379E-05
   25      2.5301301279E-04   3.4001766775E-04   5.8027601871E-05   2.7024686185E-05  -4.8500635842E-05
   26      2.1476309594E-04  -4.5109355158E-06   3.5905766945E-04  -3.2107739195E-05   4.7082779303E-05
   27      3.8000517888E-05   5.7729746626E-05   1.3823534794E-04   4.0520207715E-05  -2.8690778404E-05
   28     -1.2953416106E-04   2.3078826290E-04   5.7762163160E-05   1.0662572732E-04  -1.2076233728E-04
   29      4.0735386597E-05   5.6526096342E-05   7.2833717546E-05   7.0090234465E-05  -1.7884756890E-05
   30     -2.2180642382E-04  -1.9354379358E-04  -1.4929637086E-04  -2.3825695653E-05   7.0377116673E-05
   31     -1.9244086249E-04  -2.1075051197E-04  -1.9504670605E-04  -5.0222836949E-05   6.4739427628E-05
   32     -1.2794962192E-04  -2.0651069377E-04  -5.4861881011E-05  -7.0982017636E-05   7.3191079525E-05
   33      4.6933390556E-03   2.6532603982E-02  -7.0993755720E-03   1.1902170612E-03   7.0370081027E-04
   34     -2.0834901767E-03  -1.7719705995E-02   5.9934053614E-03  -1.8450554468E-03   1.4966606568E-03
   35      6.9495577730E-04  -1.0286333833E-02   2.8454978661E-03  -8.8877736410E-04  -7.2629027452E-04
   36     -5.9079975224E-03  -3.3098614595E-03   2.6455032571E-02  -2.0175994238E-03   2.8410037031E-03
   37      4.8591776913E-03   3.3601862489E-03  -1.9918034929E-02   9.7512137580E-04  -1.2628723689E-03
   38      3.9633614764E-03   1.2295160582E-03  -4.5375147582E-03   1.3722868659E-04  -1.3536110642E-03
   39     -6.0063368264E-02  -2.7649554174E-02   9.5667413920E-03   8.7950131311E-04  -3.0067347045E-02
   40     -2.9721023092E-02  -3.4191137299E-01   3.5668988439E-02   1.4740075451E-03  -7.1958140990E-03
   41      9.8792605389E-03   3.5103913138E-02  -4.8651141636E-02   2.8790240214E-03   1.1950347567E-02
   42     -1.6471865314E-02   1.9621391821E-02   5.0953069904E-03  -2.3453785272E-01   1.3753154461E-01
   43     -1.3068465106E-02   1.1298801726E-02   3.9146627772E-03   1.4277017047E-01  -1.6929287604E-01
   44      1.0211925999E-02  -7.0079702376E-03   1.2230957949E-03   5.1951944915E-02  -3.4324639415E-02
   45      1.0194849020E-03  -2.9526661540E-02   4.8719321707E-03  -6.1509485574E-02  -2.8131195413E-02
   46      6.0845519906E-04  -9.5979152835E-03   1.3041145173E-03  -3.2699334953E-02  -3.4419394898E-01
   47      1.4247765250E-03   1.0852133708E-02   5.5928558405E-03   1.1078650662E-02   3.9293710273E-02
                   20                 21                 22                 23                 24        
    0     -5.4299042038E-05  -2.2802877690E-01  -9.6037641395E-02  -1.2167614175E-01  -3.2307216813E-01
    1      2.7194748856E-05  -1.0199911847E-01  -1.0145967713E-01  -9.0698872080E-02   1.0602479521E-01
    2      9.8694886993E-05  -1.2585016445E-01  -8.8494036439E-02  -1.1467678919E-01   2.8927812479E-02
    3     -5.4068066251E-04   7.2215374598E-03  -2.1389585160E-02  -1.5521746713E-02  -2.9068420753E-03
    4      2.3523267538E-04   3.6599192801E-03  -6.8886368219E-03  -3.8373666567E-03  -2.5178314231E-03
    5      3.3620587760E-04   4.5851031522E-03  -9.1144259417E-03  -7.1464940418E-03  -2.1010580805E-03
    6      2.5791991498E-04   1.0158042399E-03   4.5806641779E-03  -3.8008085978E-04   2.4209128894E-04
    7      4.5987203926E-05   2.3976834190E-03   4.5077029766E-04  -5.4133453886E-03  -1.1569614749E-03
    8      1.1735143699E-04  -8.8353458051E-05  -5.8377153768E-03   2.7589690984E-03  -7.0912978271E-05
    9      5.3232638418E-04  -1.1080270644E-03  -5.7495266317E-04   5.9289032583E-04   1.5483230033E-03
   10     -9.2913649216E-04  -1.8320985239E-03  -9.5360174021E-04   3.7948198816E-03   7.5077926412E-04
   11     -1.8774653983E-04  -5.2995921929E-04   4.0369505738E-03  -2.7730352896E-03  -1.1642907973E-03
   12      9.9648283143E-03  -2.1806599251E-03  -3.8137414663E-05  -6.1487571585E-04   8.8484548610E-05
   13      2.7990462203E-03   2.4095699577E-03  -5.7835403669E-04  -2.8448208618E-04   3.4595453338E-05
   14      1.6861027158E-03   1.4360097687E-03  -6.9539013274E-04  -2.1261961647E-05   4.7984249894E-05
   15      1.5835844342E-01   4.0318175942E-05   2.4561806804E-04   3.9073937207E-04   1.6389742708E-04
   16      6.6541854218E-02   3.8426354633E-04  -2.2722602575E-04   5.9007214213E-04   8.3562428008E-05
   17     -1.1181161588E-01   4.5478783584E-04   4.9199944270E-04  -2.1397467703E-04   6.5032887037E-05
   18     -2.3746244639E-01   6.9733105441E-05  -1.5764900550E-04  -3.2471840741E-05  -6.1773839334E-05
   19     -7.4734500369E-02  -2.4534084880E-05   1.4831235231E-04  -5.8991839349E-05   5.8998819379E-05
   20      2.0074481950E-01  -5.8424765409E-05   3.6794698819E-05   1.0409665700E-05   1.3251950899E-05
   21     -5.8424765409E-05   2.3763362818E-01   1.0583124417E-01   1.3164101893E-01  -1.2625382651E-02
   22      3.6794698819E-05   1.0583124417E-01   1.0382509948E-01   9.3433633561E-02   8.2992587968E-03
   23      1.0409665700E-05   1.3164101893E-01   9.3433633561E-02   1.1802777909E-01   4.5274555620E-03
   24      1.3251950899E-05  -1.2625382651E-02   8.2992587968E-03   4.5274555620E-03   3.3587062877E-01
   25      3.5854823329E-05  -1.2713889927E-02   6.3249805932E-03   3.1278307111E-03  -1.1164447535E-01
   26     -1.5883362923E-05  -1.3048414955E-02   7.2399988733E-03   3.0386203840E-03  -3.0605690836E-02
   27      6.5554242128E-05   2.3009391685E-04  -1.1502587218E-03  -4.9643953350E-04   1.3854900110E-04
   28     -3.8776276261E-05   2.5830086640E-04   1.7679405228E-04  -1.4810859192E-03  -1.5204182084E-04
   29     -5.2923820331E-05   4.3591972940E-05  -1.6021587259E-03   1.6047191273E-03   2.2650561080E-04
   30      2.1362758670E-05  -1.1310249588E-04  -6.3967031731E-04   1.3234490009E-03   6.8338027466E-04
   31      4.4403561695E-05   1.0567242116E-04  -3.4430467743E-04   4.8698716156E-04   1.7413623968E-04
   32      2.4379625294E-06   6.0039708816E-04   4.6269810803E-04  -6.9639928834E-04   8.2506307518E-05
   33     -4.8907613019E-04  -1.2759186275E-03  -3.2095715632E-04   1.4116297816E-03   1.6308748195E-04
   34     -5.6648840617E-05   8.0658864505E-04   4.5284548802E-04  -2.1540186000E-04   1.5349439498E-04
   35     -3.7011096804E-05   4.5170124531E-04  -1.0608465636E-04  -4.3949942496E-04  -2.2108385395E-04
   36      1.7362073846E-04  -8.4107345839E-04   1.4278783834E-03  -1.0090132317E-03  -1.3529145408E-04
   37      1.6850872382E-05   7.3815825911E-04  -9.4616851513E-04   4.4780201197E-04  -1.5329727130E-04
   38      3.3733839178E-04   3.6997524006E-04   1.9813362034E-04   4.5813422913E-04   2.5789690886E-04
   39      4.9933382562E-03  -4.1696735252E-05  -3.9667747488E-05  -1.9087183149E-04  -8.3978740244E-05
   40      8.3498676791E-04  -5.3336181112E-07   4.9851911319E-05   1.1056880698E-04   4.3028310183E-05
   41      4.9264012043E-03  -6.2111177005E-06  -2.1742832303E-05   5.7002962348E-05   3.0421303583E-05
   42      5.3357467695E-02   3.8465896853E-06  -6.3354940736E-05  -1.1398841738E-05  -3.0292558564E-05
   43     -3.5461688092E-02  -1.0468551566E-05  -2.2291459870E-05   1.3313413621E-05  -1.4678689762E-06
   44     -5.1307949364E-02  -3.2657448628E-05  -4.9463128608E-05  -7.9694322906E-06  -1.3560146676E-05
   45      1.0865042682E-02  -3.2380547678E-07   1.5358574124E-05   4.4659452595E-05   1.7287658754E-05
   46      4.0607149211E-02   1.0947101488E-06  -8.3937634797E-06  -9.0346872332E-06  -7.2840736781E-06
   47     -4.4846631575E-02   3.2798082094E-05   1.4361183577E-05   1.9788748576E-05   7.4882745868E-06
                   25                 26                 27                 28                 29        
    0      9.9989637905E-02   2.5208032597E-02  -4.6671257406E-03  -2.7109355751E-03  -2.7298851390E-03
    1     -7.8928630595E-02  -2.8934293285E-02  -1.2702033207E-03   2.1578802710E-03  -8.3255804454E-04
    2     -2.9224319788E-02  -3.8963292069E-02  -1.3828110128E-03   2.4991566049E-04  -4.8158564456E-04
    3      2.4879948734E-02   1.9148291011E-02   1.4340179360E-02   1.3215885301E-03   1.0951719762E-02
    4     -6.2010699147E-03  -2.4791071859E-03  -1.6735105576E-02  -1.6690530722E-02  -3.6195506406E-03
    5      1.2854658306E-03  -8.5633289922E-04  -2.7141615961E-02  -2.0191909643E-02  -1.6169439057E-02
    6     -1.5009982640E-03   1.4761347924E-03  -1.1428027914E-01   6.8062849303E-02   1.0407316524E-01
    7     -9.7165807144E-04   2.3346634496E-03   8.0841958390E-02  -9.6629751130E-02  -1.9176042444E-01
    8      3.2251852597E-03  -2.5038324338E-03   1.0930134128E-01  -1.5400300671E-01  -3.3565975226E-01
    9      1.8515011609E-03   1.6214353489E-04   7.9383608249E-04   3.3451316772E-03   2.1613028157E-03
   10      4.3340867738E-04  -8.7793582403E-03   3.1395750262E-04  -2.3471918462E-04   1.3141470135E-03
   11     -8.1207182543E-03   4.2453513117E-03   8.8895096277E-04   1.9193734790E-03   1.5002151758E-03
   12     -1.7245242387E-03  -1.5889878671E-03  -1.1643801021E-03  -1.2429262243E-04  -8.4761885614E-04
   13     -2.0571458631E-04  -2.8131152540E-04  -1.6301108800E-04  -5.0189241339E-04  -8.3799909202E-05
   14     -6.0269196523E-04  -4.4454702386E-04  -3.5215195521E-04   6.3090258660E-04  -8.9529333611E-05
   15      2.5301301279E-04   2.1476309594E-04   3.8000517888E-05  -1.2953416106E-04   4.0735386597E-05
   16      3.4001766775E-04  -4.5109355158E-06   5.7729746626E-05   2.3078826290E-04   5.6526096342E-05
   17      5.8027601871E-05   3.5905766945E-04   1.3823534794E-04   5.7762163160E-05   7.2833717546E-05
   18      2.7024686185E-05  -3.2107739195E-05   4.0520207715E-05   1.0662572732E-04   7.0090234465E-05
   19     -4.8500635842E-05   4.7082779303E-05  -2.8690778404E-05  -1.2076233728E-04  -1.7884756890E-05
   20      3.5854823329E-05  -1.5883362923E-05   6.5554242128E-05  -3.8776276261E-05  -5.2923820331E-05
   21     -1.2713889927E-02  -1.3048414955E-02   2.3009391685E-04   2.5830086640E-04   4.3591972940E-05
   22      6.3249805932E-03   7.2399988733E-03  -1.1502587218E-03   1.7679405228E-04  -1.6021587259E-03
   23      3.1278307111E-03   3.0386203840E-03  -4.9643953350E-04  -1.4810859192E-03   1.6047191273E-03
   24     -1.1164447535E-01  -3.0605690836E-02   1.3854900110E-04  -1.5204182084E-04   2.2650561080E-04
   25      7.9504564823E-02   3.0718236250E-02  -3.3090608724E-05  -3.2866799895E-04   8.0631252104E-04
   26      3.0718236250E-02   3.5737349794E-02   2.1727944382E-06   7.8343725927E-04  -7.9550458451E-04
   27     -3.3090608724E-05   2.1727944382E-06   1.0963646292E-01  -7.2058103778E-02  -1.0981453972E-01
   28     -3.2866799895E-04   7.8343725927E-04  -7.2058103778E-02   1.2052381662E-01   1.8658265238E-01
   29      8.0631252104E-04  -7.9550458451E-04  -1.0981453972E-01   1.8658265238E-01   3.4118150915E-01
   30      6.1284572738E-04  -1.1378062761E-03  -5.4840060165E-03   1.8739983872E-03  -4.5968197337E-03
   31     -3.4223180076E-05  -8.5808962574E-04   9.9556432879E-03  -8.4503632892E-03   8.8808822833E-03
   32     -1.4252946389E-03   1.8477337063E-04   2.8564186165E-02  -1.4544172392E-02   8.6638145052E-03
   33      4.3731537471E-04  -2.2938952837E-04   2.2701979428E-04  -1.6191992752E-04   2.3211052188E-04
   34      6.6879305197E-05   3.9504741602E-04   1.4653623590E-04  -1.3175229501E-04   2.1252765115E-04
   35     -1.3832205183E-04  -1.5509208473E-04   4.1589572371E-05  -1.0202252093E-04   8.1082539379E-05
   36     -3.2230299678E-04   4.5680671281E-04   2.0472587238E-04   2.6469099271E-04   2.2005517907E-04
   37      1.1944138442E-05  -2.5288319257E-04   7.9229905593E-05   1.0138481732E-04   2.5717667359E-05
   38      2.8760928508E-04   2.0787483786E-04   3.1675549008E-04   1.0476394505E-04   1.5102718819E-04
   39     -1.0549164987E-04  -4.0833892826E-05  -5.0896766467E-05   1.0721182283E-04  -6.6484290827E-05
   40      3.9287040615E-05   7.1541181729E-05   4.1056105121E-05  -8.1775365427E-05   2.3455096400E-05
   41     -8.2309870846E-06  -1.8254836561E-06  -7.4230057123E-05   2.7620055054E-05  -7.0196857178E-06
   42     -5.1396853175E-06  -1.2834965819E-05   7.5998278936E-06   2.7130175587E-05   2.0801040459E-05
   43      2.0487114381E-06  -3.6609290587E-06  -3.1887741842E-06   8.3829223979E-07  -2.3725591924E-06
   44     -3.1315946588E-05  -3.8577383907E-05  -3.5656059246E-05  -8.1305652519E-06  -1.5247312248E-05
   45      9.3364895427E-06   1.7962680902E-05  -1.0299735898E-05  -3.1031019522E-05   1.2912208406E-05
   46     -4.6659744063E-06   6.2394810133E-06   5.8728938662E-06  -2.1287580639E-05   2.0029182066E-05
   47      3.3395768037E-06   1.8599582037E-06  -1.8983784245E-05   9.1756787522E-06   1.5800295417E-05
                   30                 31                 32                 33                 34        
    0      1.9066022869E-03  -5.7970626163E-04  -1.1579172935E-04   7.3701264649E-05  -6.2178132166E-04
    1      1.3925193365E-03  -5.8868833207E-05  -1.5904319895E-03   1.8871720735E-03   2.5315450468E-04
    2      2.8968246414E-03   6.1658090418E-04  -1.0351431707E-03   9.0314199212E-04  -2.8692607814E-05
    3     -2.1495415332E-02  -2.2474348097E-02  -8.4547507748E-03   6.0563236154E-03   2.6137349364E-03
    4      1.5078549016E-02   1.0247016442E-02   1.9167432244E-02  -6.6745472997E-03  -1.0783102893E-03
    5     -2.4762803882E-03  -1.3499414920E-03   8.2488170742E-04  -1.7401894442E-03  -1.0854434188E-03
    6     -3.3632583293E-01   2.2005261846E-01  -8.5395738747E-02  -1.0240930347E-03  -3.2544528700E-05
    7      1.8553298379E-01  -1.6029496147E-01   1.1378516265E-02   1.0004126967E-03   7.5636793600E-04
    8     -5.9773479778E-02   6.5709445661E-03  -6.1199200882E-02  -1.7741460775E-04   1.9020749679E-04
    9     -3.9937035622E-03  -3.8181163537E-03  -2.0297202340E-03  -2.0028827894E-02  -1.2646119229E-02
   10     -2.1606343877E-03  -1.3566261005E-03  -2.1867764840E-03  -3.1820849854E-02  -1.0833382467E-02
   11     -3.9168821584E-03  -2.9849061458E-03  -6.4161309053E-04   8.2704920507E-04  -4.5586674127E-03
   12      6.1980649634E-05  -9.5378972759E-04  -4.4604879192E-04  -5.5479292234E-02  -3.1346707249E-02
   13      7.7536016993E-04   1.1564555507E-03  -4.0404022808E-04  -2.8352536362E-02  -2.9473850448E-01
   14      3.6690259156E-04  -4.2101234131E-04   1.2102240333E-03   9.8276508640E-03   7.2520770661E-02
   15     -2.2180642382E-04  -1.9244086249E-04  -1.2794962192E-04   4.6933390556E-03  -2.0834901767E-03
   16     -1.9354379358E-04  -2.1075051197E-04  -2.0651069377E-04   2.6532603982E-02  -1.7719705995E-02
   17     -1.4929637086E-04  -1.9504670605E-04  -5.4861881011E-05  -7.0993755720E-03   5.9934053614E-03
   18     -2.3825695653E-05  -5.0222836949E-05  -7.0982017636E-05   1.1902170612E-03  -1.8450554468E-03
   19      7.0377116673E-05   6.4739427628E-05   7.3191079525E-05   7.0370081027E-04   1.4966606568E-03
   20      2.1362758670E-05   4.4403561695E-05   2.4379625294E-06  -4.8907613019E-04  -5.6648840617E-05
   21     -1.1310249588E-04   1.0567242116E-04   6.0039708816E-04  -1.2759186275E-03   8.0658864505E-04
   22     -6.3967031731E-04  -3.4430467743E-04   4.6269810803E-04  -3.2095715632E-04   4.5284548802E-04
   23      1.3234490009E-03   4.8698716156E-04  -6.9639928834E-04   1.4116297816E-03  -2.1540186000E-04
   24      6.8338027466E-04   1.7413623968E-04   8.2506307518E-05   1.6308748195E-04   1.5349439498E-04
   25      6.1284572738E-04  -3.4223180076E-05  -1.4252946389E-03   4.3731537471E-04   6.6879305197E-05
   26     -1.1378062761E-03  -8.5808962574E-04   1.8477337063E-04  -2.2938952837E-04   3.9504741602E-04
   27     -5.4840060165E-03   9.9556432879E-03   2.8564186165E-02   2.2701979428E-04   1.4653623590E-04
   28      1.8739983872E-03  -8.4503632892E-03  -1.4544172392E-02  -1.6191992752E-04  -1.3175229501E-04
   29     -4.5968197337E-03   8.8808822833E-03   8.6638145052E-03   2.3211052188E-04   2.1252765115E-04
   30      3.6518270858E-01  -2.0228109076E-01   6.7527123861E-02  -9.1143348391E-05  -3.2541652199E-05
   31     -2.0228109076E-01   1.5932003231E-01  -1.0900378559E-02   1.4528248869E-04  -1.9842268852E-05
   32      6.7527123861E-02  -1.0900378559E-02   5.2709215118E-02  -2.1741779910E-04   1.6394956650E-05
   33     -9.1143348391E-05   1.4528248869E-04  -2.1741779910E-04   6.8335395745E-02   4.0531457864E-02
   34     -3.2541652199E-05  -1.9842268852E-05   1.6394956650E-05   4.0531457864E-02   3.2127759395E-01
   35      1.4286971834E-05   1.3260547169E-04  -9.4977719645E-05  -8.0453053844E-03  -7.2276131044E-02
   36     -7.6373443530E-05  -7.2048478422E-05   1.0963473624E-04   1.0421163710E-03   1.2331052684E-03
   37     -1.9809146892E-05  -6.9744886176E-06   1.2458863841E-04  -5.5138098525E-03  -1.8034072683E-04
   38     -1.1394161894E-04  -2.2655990424E-05   1.0305838798E-04   2.7284170425E-03  -2.2692381619E-04
   39      1.8595091751E-06   6.1343060953E-06  -9.5959837902E-06  -3.7081553507E-03   2.3396351570E-03
   40      9.4144186707E-07   3.1834637882E-06   2.2701753533E-05   2.4643793656E-03  -7.3456144205E-04
   41     -7.5678274215E-06  -9.6809002793E-06   3.2387051677E-06   1.7679844331E-03  -6.4358873863E-04
   42      4.8018205728E-06  -3.5186043005E-06  -1.5643245318E-05   6.1757487112E-05  -1.9522846432E-04
   43     -8.9061010229E-06  -9.1303851742E-06   1.7327297854E-06  -2.0089295291E-04   4.0266461068E-04
   44      3.8775440630E-05   3.3286696702E-05   2.8575508175E-05  -1.4936613781E-05  -5.3458790277E-04
   45     -1.6123872409E-05  -1.3518514987E-05   9.0644836184E-06  -2.3552738749E-04   9.8767060022E-04
   46     -2.0655440730E-06  -5.3819895076E-06   4.2391552771E-06  -6.6556628409E-04   7.3023351450E-04
   47     -2.5924811488E-05  -1.7868829652E-05  -8.0232663879E-06   3.1895629210E-04   2.8317074743E-04
                   35                 36                 37                 38                 39        
    0      1.4045024458E-05   2.3513504278E-05  -1.5781820349E-04  -5.7103747464E-04  -6.3217065620E-05
    1      1.0037799428E-03   1.3605454846E-03   1.9095165279E-04   4.6439031594E-04  -1.4441454085E-04
    2      3.4071043930E-04   1.7970503159E-03   5.3465423749E-04   3.3564845320E-04   2.4446039687E-05
    3      1.8174287859E-03   6.4347050752E-03   1.0798408048E-03   3.9916490439E-03  -2.9656869061E-04
    4     -1.1060978191E-03  -3.5057740212E-03   5.5920981035E-04  -3.0024866826E-03   5.2011641645E-04
    5      5.7538083453E-04  -4.6447793822E-03   3.5703359314E-04  -9.4551131475E-04   3.7394779255E-04
    6     -4.2689133171E-04  -1.1114045580E-03  -1.3880543890E-04  -3.0141671938E-04  -1.1556564004E-04
    7      7.1612675495E-05  -2.7833172014E-04  -4.1584076781E-04   5.5396872897E-04  -3.1458002931E-04
    8     -4.4214213255E-04   4.2244990144E-04   4.3449680135E-05   4.9360956261E-04  -6.2872330807E-05
    9     -9.8701103603E-03  -9.9852045394E-03  -4.0094410082E-03  -1.3534763663E-02   3.0370116717E-03
   10     -2.2827882218E-02  -2.2016466572E-03   8.3003278049E-04  -5.0274479868E-03  -1.2514091593E-03
   11      4.7059391161E-03  -3.8965263451E-02  -1.9869100992E-02  -2.0769533308E-02   1.8669220876E-04
   12      1.1555766208E-02  -5.7990265535E-02  -2.7109446144E-03   4.8075551771E-02   3.9268634941E-03
   13      7.7029777530E-02  -2.2620395800E-03  -5.8817826066E-02   2.0301315322E-02   2.6285319182E-02
   14     -7.7584197630E-02   5.8489041386E-02   2.0191625184E-02  -3.0456799931E-01  -3.1552886907E-03
   15      6.9495577730E-04  -5.9079975224E-03   4.8591776913E-03   3.9633614764E-03  -6.0063368264E-02
   16     -1.0286333833E-02  -3.3098614595E-03   3.3601862489E-03   1.2295160582E-03  -2.7649554174E-02
   17      2.8454978661E-03   2.6455032571E-02  -1.9918034929E-02  -4.5375147582E-03   9.5667413920E-03
   18     -8.8877736410E-04  -2.0175994238E-03   9.7512137580E-04   1.3722868659E-04   8.7950131311E-04
   19     -7.2629027452E-04   2.8410037031E-03  -1.2628723689E-03  -1.3536110642E-03  -3.0067347045E-02
   20     -3.7011096804E-05   1.7362073846E-04   1.6850872382E-05   3.3733839178E-04   4.9933382562E-03
   21      4.5170124531E-04  -8.4107345839E-04   7.3815825911E-04   3.6997524006E-04  -4.1696735252E-05
   22     -1.0608465636E-04   1.4278783834E-03  -9.4616851513E-04   1.9813362034E-04  -3.9667747488E-05
   23     -4.3949942496E-04  -1.0090132317E-03   4.4780201197E-04   4.5813422913E-04  -1.9087183149E-04
   24     -2.2108385395E-04  -1.3529145408E-04  -1.5329727130E-04   2.5789690886E-04  -8.3978740244E-05
   25     -1.3832205183E-04  -3.2230299678E-04   1.1944138442E-05   2.8760928508E-04  -1.0549164987E-04
   26     -1.5509208473E-04   4.5680671281E-04  -2.5288319257E-04   2.0787483786E-04  -4.0833892826E-05
   27      4.1589572371E-05   2.0472587238E-04   7.9229905593E-05   3.1675549008E-04  -5.0896766467E-05
   28     -1.0202252093E-04   2.6469099271E-04   1.0138481732E-04   1.0476394505E-04   1.0721182283E-04
   29      8.1082539379E-05   2.2005517907E-04   2.5717667359E-05   1.5102718819E-04  -6.6484290827E-05
   30      1.4286971834E-05  -7.6373443530E-05  -1.9809146892E-05  -1.1394161894E-04   1.8595091751E-06
   31      1.3260547169E-04  -7.2048478422E-05  -6.9744886176E-06  -2.2655990424E-05   6.1343060953E-06
   32     -9.4977719645E-05   1.0963473624E-04   1.2458863841E-04   1.0305838798E-04  -9.5959837902E-06
   33     -8.0453053844E-03   1.0421163710E-03  -5.5138098525E-03   2.7284170425E-03  -3.7081553507E-03
   34     -7.2276131044E-02   1.2331052684E-03  -1.8034072683E-04  -2.2692381619E-04   2.3396351570E-03
   35      7.5724374360E-02   3.6412723702E-03   3.0357920361E-02  -6.3109933598E-03   1.4151619150E-03
   36      3.6412723702E-03   7.0551633110E-02   4.7917437714E-03  -4.5634470081E-02   5.9941709556E-04
   37      3.0357920361E-02   4.7917437714E-03   5.5745270899E-02  -1.3167763066E-02  -6.0656442368E-04
   38     -6.3109933598E-03  -4.5634470081E-02  -1.3167763066E-02   3.3500951642E-01   1.7879401996E-04
