
$orca_hessian_file

$act_atom
  0

$act_coord
  0

$act_energy
        0.000000

$multiplicity
  1

$hessian
48
                    0                  1                  2                  3                  4        
    0      1.6058142138E-01   1.4742837529E-01   1.6531765353E-01  -9.9010572334E-02  -6.6036223594E-02
    1      1.4742837529E-01   7.0352767629E-01  -3.2113438362E-02  -1.3973216179E-01  -3.3317171573E-01
    2      1.6531765353E-01  -3.2113438362E-02   6.3986168746E-01  -2.9521766652E-02  -2.8619709144E-02
    3     -9.9010572334E-02  -1.3973216179E-01  -2.9521766652E-02   4.1430062560E-01   1.2629243240E-01
    4     -6.6036223594E-02  -3.3317171573E-01  -2.8619709144E-02   1.2629243240E-01   7.3509024001E-01
    5     -4.3629365224E-02  -1.8485182713E-02  -1.0650145638E-01   2.1191820498E-01  -5.4925639510E-02
    6     -2.1596369735E-02  -2.2988379522E-02  -2.3889848075E-02  -1.2607876738E-01  -4.3364125417E-02
    7     -3.7577416099E-02  -1.3802435122E-02  -3.6179961398E-02  -6.8885466147E-02  -1.5308463547E-01
    8     -2.6672725315E-02  -1.9240726105E-02  -1.0092986859E-03  -1.4111469758E-01  -4.7115821786E-02
    9      5.1942662118E-02  -3.8163731688E-04   2.3971975246E-03  -1.1818711957E-01  -2.5559088429E-02
   10     -4.4547170421E-02  -4.9596626657E-02   4.7725449893E-02   2.9352940423E-02  -2.1281546405E-01
   11      3.4101885309E-02   2.7035838481E-02  -3.4336679080E-03  -3.3034768613E-02   1.2337690413E-01
   12     -5.8891006741E-02  -1.3557428364E-02   9.3204043904E-03   7.0388635021E-03   1.1154588303E-01
   13      7.4617088229E-03   1.3058269578E-03   2.0821272778E-03   1.5823986031E-02  -3.4922242628E-02
   14      2.4550257510E-02   1.3342034337E-03  -2.6091899440E-03  -2.2815457052E-02  -2.7339834168E-02
   15     -8.8815617215E-05   7.7374342204E-03   4.8339769253E-04  -2.0774962444E-02  -4.7312271220E-03
   16      6.8098706568E-02   1.9668324777E-03  -9.2731677659E-03  -1.0829517618E-02  -6.8318781531E-02
   17     -2.7969637401E-02  -1.9859399182E-03   3.1870510826E-03   4.8886243314E-03   4.0298045972E-02
   18      5.4540319041E-02   9.2039904444E-04  -7.3015631058E-03  -3.9621333848E-02  -6.2675629130E-02
   19     -7.5620410528E-02  -2.0938898455E-02   1.0103640367E-02   3.0885905229E-02   7.2199919043E-02
   20     -8.9474440954E-03   5.9432604414E-05  -1.3654881242E-02   1.9827033214E-03   6.6190377970E-03
   21     -2.5405694161E-02  -2.0145404363E-02  -5.6801696110E-02  -1.1478575756E-02  -1.7723581203E-02
   22     -3.2076080420E-02  -9.2752515383E-02  -9.3459961957E-02  -1.2060534857E-03  -1.3068687963E-03
   23     -6.9537596188E-02  -9.9520646451E-02  -3.1559014644E-01   3.1408442758E-03   5.4984036321E-03
   24     -4.0925620492E-02   4.1097332650E-02  -5.6533851094E-02   2.4155174798E-03  -1.3149271391E-02
   25      2.6510638667E-02  -1.9762053336E-01   1.4378359046E-01   1.5111914061E-02  -9.8570201174E-03
   26     -4.6339460203E-02   1.4298967751E-01  -1.9819361385E-01   6.1432264315E-04  -2.5953886120E-03
   27      2.4499430346E-03  -5.7400099540E-05  -5.5095448858E-03  -6.8996425978E-03  -2.3064010411E-02
   28      2.7922271491E-03   1.8079441098E-03  -1.2665930451E-03  -4.9224857378E-04  -8.3536942483E-03
   29     -4.3353241990E-03   2.3910887184E-04  -3.0048204540E-03   9.7290751788E-04  -3.1756900655E-02
   30     -3.6046726341E-04   2.0725987633E-03   1.7579614390E-03  -4.8075350088E-03   1.4661675494E-02
   31     -1.9351426560E-03  -1.3301261071E-03  -1.1432340792E-03   3.3545609264E-03   1.2932416082E-02
   32      1.8158586037E-03   5.2775793596E-04   9.8711791088E-04   4.9821497456E-03   1.8560661999E-02
   33      3.4076967784E-03   9.1153461073E-04  -3.8387956709E-04  -2.8777354502E-03  -9.6120041587E-03
   34     -2.1663808308E-03  -5.2764186477E-04   1.9059620452E-04   1.6331304107E-03   4.7244080207E-03
   35     -5.9837523145E-04  -4.3783948923E-05  -9.8710147614E-05  -7.8618526648E-04  -8.6948685769E-04
   36      2.2094536036E-03   1.1264268882E-03  -1.4083009940E-03  -3.1766852098E-03  -1.4013498507E-03
   37     -5.1991037511E-04   2.9296641479E-05   1.8519800651E-04   8.8368039401E-04   7.5153976143E-04
   38      6.5129006876E-04  -1.2372532327E-04  -3.2672157182E-04  -8.7359994006E-04  -6.2520729010E-04
   39      1.5315143444E-03   5.3130040943E-04  -3.8670262062E-04   1.6042772843E-03  -1.4435821341E-03
   40      2.3605220310E-04   3.9267830897E-04   1.3476751398E-05  -1.2570339554E-03  -1.0076541647E-03
   41      1.7694270404E-04   6.8935581782E-05   1.7176164889E-04  -4.6662518235E-04  -9.7042560815E-05
   42     -7.4460744405E-03  -2.8922753975E-03   6.1846095235E-03   2.5855176646E-03   4.3990765629E-03
   43      1.6283582555E-03   3.4196811702E-04  -2.8245199319E-03  -3.3970961344E-04  -7.1619790961E-04
   44     -2.1373709737E-03  -9.4923921970E-04   4.5874973018E-04   4.6143907514E-04   1.7427719582E-03
   45     -2.2938389514E-02  -2.0506949861E-03  -3.7243892645E-03   4.9681280742E-03   1.1859265173E-02
   46      6.3026479361E-03   3.6826976665E-04   7.8443527200E-04  -5.9459852127E-04  -2.1442482774E-03
   47      3.5537293643E-03   2.1979907242E-04  -2.4386120344E-04  -3.4602275126E-04  -2.1479817126E-03
                    5                  6                  7                  8                  9        
    0     -4.3629365224E-02  -2.1596369735E-02  -3.7577416099E-02  -2.6672725315E-02   5.1942662118E-02
    1     -1.8485182713E-02  -2.2988379522E-02  -1.3802435122E-02  -1.9240726105E-02  -3.8163731688E-04
    2     -1.0650145638E-01  -2.3889848075E-02  -3.6179961398E-02  -1.0092986859E-03   2.3971975246E-03
    3      2.1191820498E-01  -1.2607876738E-01  -6.8885466147E-02  -1.4111469758E-01  -1.1818711957E-01
    4     -5.4925639510E-02  -4.3364125417E-02  -1.5308463547E-01  -4.7115821786E-02  -2.5559088429E-02
    5      6.0450557210E-01  -1.1220041905E-01  -6.3944114185E-02  -2.5543661281E-01  -2.3842226647E-02
    6     -1.1220041905E-01   1.5142920654E-01   1.0665163559E-01   2.6412949099E-01   3.0016954572E-03
    7     -6.3944114185E-02   1.0665163559E-01   8.7779856071E-01  -9.2610140226E-02   3.6161224702E-02
    8     -2.5543661281E-01   2.6412949099E-01  -9.2610140226E-02   7.0625176888E-01  -3.6320983156E-02
    9     -2.3842226647E-02   3.0016954572E-03   3.6161224702E-02  -3.6320983156E-02   1.3653750412E-01
   10      1.4759382945E-01   1.0934027732E-02   2.4259152266E-03   2.0566677301E-02   5.6495337274E-03
   11     -2.2048834904E-01  -3.2696521658E-02   4.6073741165E-02  -6.1210006759E-02   4.2205202396E-02
   12     -5.8952201370E-02   2.0954418944E-03  -1.2486454835E-02   1.3290532114E-02   5.4053123979E-02
   13      1.4588591737E-02  -1.7490029059E-03   2.5930893454E-03  -7.0277211330E-03  -2.8745855123E-02
   14      2.9396542791E-03   3.0201159697E-03   7.4373055348E-03  -8.0619426952E-04  -2.8460661642E-02
   15      2.5877657650E-02   2.9264145330E-03  -2.5645471004E-04  -5.7179092843E-03  -5.7247842926E-02
   16      1.2749344279E-02   6.7827016932E-03   1.0898824328E-02   7.8762417005E-03  -4.7604440207E-02
   17     -1.0490339018E-02   2.5985526094E-03  -4.5922214310E-03   3.1704270546E-03   4.5796848393E-02
   18      1.5989383008E-02   1.1221594260E-02   1.1030558162E-02   9.6585371901E-03  -3.1365788653E-02
   19     -1.9987863234E-02  -1.1609027163E-02  -1.2359620250E-02  -8.0091560536E-03   4.9271734432E-02
   20     -5.0724533787E-03  -2.1445466803E-03  -1.9326651432E-03  -8.1285793516E-04   5.3174661045E-03
   21     -1.8994562583E-02   6.0514766604E-03  -3.4231469696E-03   3.3439223918E-03  -7.4588971964E-03
   22     -2.8801562750E-02  -4.1136356350E-03  -4.6457644824E-03   1.2565429457E-04   1.9009866319E-03
   23     -3.0779294903E-04  -7.7892693623E-04  -4.1833919374E-04   4.8766127885E-04   1.6688569951E-03
   24      1.2607892907E-02  -1.3303678587E-03   2.1386974845E-03   2.7471220752E-03   4.1563856623E-03
   25      2.1739582137E-02  -8.5822181718E-05   1.2103247763E-03  -8.1996678577E-04  -4.9563084466E-03
   26      7.3648777608E-04   7.4989545473E-04  -1.1792792059E-03  -6.7986949024E-04  -1.5877262998E-03
   27     -2.1423051591E-03  -1.0680476764E-02  -4.2076867203E-02  -3.0213412374E-02  -2.1966423632E-03
   28     -2.7527787113E-03  -5.8512639067E-02  -4.7136964991E-01  -5.5976127302E-02   7.5183916814E-04
   29      1.5391927565E-03  -3.5854992266E-02  -6.1178243481E-02  -7.5273797914E-02   4.8621030062E-03
   30     -1.0184880413E-02  -1.3153778045E-02   8.5802931761E-03  -4.9111605544E-02   2.0348683417E-03
   31     -5.5268493811E-03   1.7326788862E-02  -2.3967911083E-01   2.0073239529E-01  -3.4718792892E-03
   32     -1.1957063572E-02  -6.2861863597E-02   2.0757542620E-01  -3.1506746005E-01  -6.0564658130E-03
   33      2.8131244179E-03   9.9760979835E-06   1.7840029575E-03  -1.6256499157E-03  -2.9281623575E-02
   34     -9.5819930159E-04  -2.0146522143E-04  -8.9907579988E-04   5.9183227967E-04   1.3555644935E-02
   35      6.8079936073E-04  -1.2262097079E-04   9.6922593069E-05  -5.2969259763E-04  -3.6347503297E-03
   36      4.1309281489E-03  -1.2924478935E-04   5.1705284268E-04   7.6821950413E-05  -1.4168678932E-02
   37     -2.1522775455E-03   1.8376794746E-04  -9.1312008449E-05   2.0554995531E-04   4.7595641225E-03
   38      1.0356510570E-03   1.5305227445E-05   5.9260522752E-05  -2.4181814648E-04  -2.4909417495E-03
   39     -8.5579184988E-04  -1.0525081979E-03   3.7479114476E-04   3.2616694898E-04   1.5030730971E-03
   40     -3.7981548712E-04   2.1768624823E-04   5.6679347861E-04   7.0408285416E-04  -3.8796063783E-04
   41     -1.5233580231E-03  -1.6849386290E-04   3.4158117145E-04   8.0866004419E-04   5.0135372143E-04
   42      3.7385749579E-04  -7.0560484977E-04  -5.1960989193E-04  -9.6881620179E-04   2.1948620549E-03
   43      4.3394119396E-04   1.5892135247E-04  -3.6787982043E-05  -2.3258901693E-04   1.9062884796E-04
   44      1.1693147149E-05   3.0819597629E-05  -2.1489939983E-04  -3.7638583964E-04   9.6394184329E-04
   45     -2.9113691620E-03  -2.0086878154E-03  -2.0260953940E-03  -1.8250654785E-03   4.4824183861E-03
   46      8.0618081954E-04   3.8182287825E-04   4.7488398071E-04   2.3749104780E-04  -1.1184655117E-03
   47      3.2837470565E-04   1.7232443155E-04   6.5795016211E-04   7.2547723769E-04  -1.3341209037E-03
                   10                 11                 12                 13                 14        
    0     -4.4547170421E-02   3.4101885309E-02  -5.8891006741E-02   7.4617088229E-03   2.4550257510E-02
    1     -4.9596626657E-02   2.7035838481E-02  -1.3557428364E-02   1.3058269578E-03   1.3342034337E-03
    2      4.7725449893E-02  -3.4336679080E-03   9.3204043904E-03   2.0821272778E-03  -2.6091899440E-03
    3      2.9352940423E-02  -3.3034768613E-02   7.0388635021E-03   1.5823986031E-02  -2.2815457052E-02
    4     -2.1281546405E-01   1.2337690413E-01   1.1154588303E-01  -3.4922242628E-02  -2.7339834168E-02
    5      1.4759382945E-01  -2.2048834904E-01  -5.8952201370E-02   1.4588591737E-02   2.9396542791E-03
    6      1.0934027732E-02  -3.2696521658E-02   2.0954418944E-03  -1.7490029059E-03   3.0201159697E-03
    7      2.4259152266E-03   4.6073741165E-02  -1.2486454835E-02   2.5930893454E-03   7.4373055348E-03
    8      2.0566677301E-02  -6.1210006759E-02   1.3290532114E-02  -7.0277211330E-03  -8.0619426952E-04
    9      5.6495337274E-03   4.2205202396E-02   5.4053123979E-02  -2.8745855123E-02  -2.8460661642E-02
   10      2.9517847726E-01  -2.2352874109E-01  -8.8050706660E-02  -2.1946517411E-02   3.5056964330E-02
   11     -2.2352874109E-01   3.1093939446E-01   3.4756454952E-02   7.2966901643E-03  -4.9382395195E-02
   12     -8.8050706660E-02   3.4756454952E-02   1.4485618934E-01   1.7474813092E-01  -4.0646767934E-03
   13     -2.1946517411E-02   7.2966901643E-03   1.7474813092E-01   6.5097168194E-01  -1.5425995461E-02
   14      3.5056964330E-02  -4.9382395195E-02  -4.0646767934E-03  -1.5425995461E-02   6.6090681239E-01
   15      2.4245523429E-02   6.7120146175E-03  -8.3886097975E-02  -5.3923338793E-02   8.2548385415E-02
   16      4.2519939454E-02  -2.1277143315E-02  -6.0031640697E-03  -1.2864641628E-01   3.7232898903E-02
   17     -3.4523840287E-02   1.4165824610E-02   6.2922578925E-02   6.3960774392E-02  -2.5752374160E-01
   18      3.4185223254E-02  -2.0838659198E-02   3.4879607812E-02  -2.1416319662E-02  -1.1707197509E-02
   19     -4.9015128843E-02   2.5545564834E-02  -6.5535145796E-02  -1.6673782879E-02   3.7945533311E-02
   20     -2.4954390289E-03   3.5910626401E-03   2.4909332296E-03   3.8419527925E-02  -1.7248693476E-03
   21      7.5758432888E-03  -8.1686607513E-04   5.1771321095E-03   3.2777525364E-04  -1.5448763827E-03
   22      9.6888270329E-04   1.7045056467E-03  -1.0827271992E-03  -3.9399320545E-04  -1.8595225498E-04
   23     -3.3573545145E-04   9.0405203494E-04  -6.2009092466E-04  -3.1605172805E-04   2.0037849627E-04
   24     -5.9839772139E-03  -3.0673096735E-03  -9.8303562955E-04  -5.1993724842E-04   9.3376623752E-05
   25     -6.7459740469E-03   1.3170075187E-03  -1.4238699638E-03   1.1079133177E-03   5.6405874821E-05
   26     -1.6730245590E-04   4.0415105296E-03  -2.5520538322E-04   3.1027533446E-05  -8.1067808253E-05
   27      2.0173245152E-03   4.8512883830E-03   7.5648804998E-04  -1.1187658108E-04  -1.0321531675E-03
   28      1.1481542048E-05   2.8486897176E-03  -7.2129947513E-04   7.7487244587E-04  -2.7839818681E-04
   29      8.1047997605E-04   2.1139071535E-03  -3.1076836400E-03   4.3748646891E-04   1.0717214113E-03
   30     -1.7095788417E-03  -6.8667582519E-03  -4.5326580677E-04   2.4048660900E-04   5.9028768162E-05
   31      3.1203587273E-03  -2.1130470940E-03   1.2710604861E-03  -6.1248201254E-04  -5.0780121917E-04
   32      1.3806940221E-03  -2.9688976974E-03   2.3263495424E-03  -1.0315425363E-03  -1.7202632356E-03
   33      6.6075978159E-03  -2.1304929013E-02  -5.0253597431E-02  -3.9449046769E-02  -6.5316796415E-02
   34      3.7967673714E-04   1.0505964319E-02  -4.5534434740E-02  -1.1380303500E-01  -1.0820348496E-01
   35      1.9929837196E-03   6.1778542688E-04  -6.0976222660E-02  -1.0916153337E-01  -2.7186475036E-01
   36      2.9897705883E-02  -9.3512415074E-03  -4.6945194026E-02  -6.1334235897E-02   4.8948236256E-03
   37     -7.1061930381E-03   3.4992590049E-03  -5.9210760094E-02  -3.4175546777E-01   2.2611823709E-02
   38      5.9091612651E-03  -1.7513429740E-04   8.9701384708E-03   1.9067354496E-02  -6.1167143067E-02
   39     -4.4833039477E-04  -6.5322414220E-04   3.4764543631E-05   7.4425387478E-03   1.5646891246E-02
   40      4.4418281732E-04  -7.3563521813E-04   3.1651029938E-03   8.4063064108E-03   1.2742202940E-02
   41     -3.1732156291E-04   1.7178837989E-03  -7.9225436771E-03  -1.4204116203E-02  -2.0860638023E-02
   42     -2.5693988570E-03   7.2307449336E-04   4.2903598082E-03  -1.4608990081E-03   2.6715370896E-03
   43      6.7048626873E-04  -5.9832445419E-04  -1.5713489419E-03  -7.0535368573E-03  -5.3639724750E-04
   44     -1.2975695961E-03   7.6273290382E-04  -1.2561139286E-03   9.5620452046E-04   1.0565218607E-03
   45     -7.1720792849E-03   5.2952645387E-03  -1.1769773430E-02   2.6658292460E-03   1.4549956991E-03
   46      1.5065033104E-03  -9.5736807262E-04   4.4472190577E-03   6.4778362018E-04  -1.9387434951E-03
   47      1.6358037738E-03  -1.1957026563E-03   3.0797537678E-03   3.2644487542E-04   1.5651644114E-03
                   15                 16                 17                 18                 19        
    0     -8.8815617215E-05   6.8098706568E-02  -2.7969637401E-02   5.4540319041E-02  -7.5620410528E-02
    1      7.7374342204E-03   1.9668324777E-03  -1.9859399182E-03   9.2039904444E-04  -2.0938898455E-02
    2      4.8339769253E-04  -9.2731677659E-03   3.1870510826E-03  -7.3015631058E-03   1.0103640367E-02
    3     -2.0774962444E-02  -1.0829517618E-02   4.8886243314E-03  -3.9621333848E-02   3.0885905229E-02
    4     -4.7312271220E-03  -6.8318781531E-02   4.0298045972E-02  -6.2675629130E-02   7.2199919043E-02
    5      2.5877657650E-02   1.2749344279E-02  -1.0490339018E-02   1.5989383008E-02  -1.9987863234E-02
    6      2.9264145330E-03   6.7827016932E-03   2.5985526094E-03   1.1221594260E-02  -1.1609027163E-02
    7     -2.5645471004E-04   1.0898824328E-02  -4.5922214310E-03   1.1030558162E-02  -1.2359620250E-02
    8     -5.7179092843E-03   7.8762417005E-03   3.1704270546E-03   9.6585371901E-03  -8.0091560536E-03
    9     -5.7247842926E-02  -4.7604440207E-02   4.5796848393E-02  -3.1365788653E-02   4.9271734432E-02
   10      2.4245523429E-02   4.2519939454E-02  -3.4523840287E-02   3.4185223254E-02  -4.9015128843E-02
   11      6.7120146175E-03  -2.1277143315E-02   1.4165824610E-02  -2.0838659198E-02   2.5545564834E-02
   12     -8.3886097975E-02  -6.0031640697E-03   6.2922578925E-02   3.4879607812E-02  -6.5535145796E-02
   13     -5.3923338793E-02  -1.2864641628E-01   6.3960774392E-02  -2.1416319662E-02  -1.6673782879E-02
   14      8.2548385415E-02   3.7232898903E-02  -2.5752374160E-01  -1.1707197509E-02   3.7945533311E-02
   15      2.4400971508E-01   1.2533525861E-01  -9.6166195892E-02  -6.1702117005E-02  -6.1223809357E-02
   16      1.2533525861E-01   6.6812183288E-01   7.2578220583E-02  -9.8227664697E-02  -3.8287854722E-01
   17     -9.6166195892E-02   7.2578220583E-02   6.3786871923E-01   2.2466058929E-02  -1.7807033440E-02
   18     -6.1702117005E-02  -9.8227664697E-02   2.2466058929E-02   1.5820257982E-01   2.2841567513E-01
   19     -6.1223809357E-02  -3.8287854722E-01  -1.7807033440E-02   2.2841567513E-01   6.5724980874E-01
   20      7.1068694307E-03   1.7889207992E-02  -1.1588710537E-01  -3.5648808161E-03  -1.9022093429E-02
   21     -6.9569436656E-04  -5.3497093215E-03   1.5435331260E-03  -8.1076336197E-03   9.8876509698E-03
   22      1.8741741453E-04   1.3806510994E-03  -4.0747028240E-04   1.3581362744E-03  -2.8985798698E-03
   23      8.4419370426E-05   7.2892954305E-04   4.6186940533E-04  -1.2948183028E-03  -1.1571008021E-03
   24     -1.2570131899E-03   4.5269933777E-04  -1.1329982585E-04   4.3415194324E-04   3.6057882049E-03
   25      9.4942297320E-04  -2.0234136170E-05  -1.8457626775E-04  -9.6360492189E-04  -1.3241742046E-03
   26      3.9157618234E-04   5.6252798858E-04  -1.0655999414E-04   5.7597212786E-04  -2.9132073775E-03
   27     -1.1701889074E-04  -7.9213189012E-04   7.6257545650E-05  -8.0495816047E-05   1.0201736459E-03
   28      2.7619865847E-04  -7.6976088801E-04  -2.1202551320E-04  -1.2140820453E-03   1.0577618154E-03
   29      3.6504446780E-04   2.0462160976E-03  -6.1225266285E-04   1.3926259390E-03  -2.0146244723E-03
   30      6.3482947482E-04  -1.6422533423E-04  -4.3728866286E-04  -3.0211600941E-04  -2.2650240060E-04
   31     -3.3729962996E-04   2.6160716828E-04   6.6540186894E-04   4.8921323964E-04  -3.3402503930E-04
   32     -5.9142363476E-04  -1.2205255732E-03   8.8940926630E-04  -1.3585920034E-03   1.6708458467E-03
   33      4.7822659944E-03   4.7202354890E-03   2.1002812853E-02  -3.6234396718E-03   5.2111440937E-03
   34      4.4241339107E-03   9.0918780294E-03   5.5029799284E-03   2.9889735328E-03  -1.6075979919E-03
   35     -5.4020930282E-03  -1.3281381323E-02  -2.0433014571E-02   3.4090588254E-04  -1.6799753535E-03
   36      9.5053523679E-05  -2.0167496164E-02  -2.2837220454E-04  -3.0706944499E-04  -2.4668532769E-04
   37     -5.9255957947E-04  -2.5772173908E-03  -2.8580857794E-03  -1.0699308644E-03  -3.6149133268E-05
   38      2.3484949464E-03   2.5374847940E-02   3.8091483016E-03   2.1638352462E-03   2.0320239453E-03
   39     -3.5546657771E-02  -3.0437285882E-02  -3.1667400586E-02  -5.1395776216E-04  -3.5743164816E-04
   40     -2.2877659327E-02  -1.2953115773E-01  -1.2194753417E-01  -6.4180064002E-03  -1.3868017217E-02
   41     -1.8038215442E-02  -1.2878243609E-01  -2.6495539086E-01   4.0539844609E-05   4.6988842435E-03
   42      4.3774201038E-03   7.2036817006E-04   1.5685513390E-04  -5.9409227664E-02  -4.4242686568E-02
   43     -1.1029291637E-02  -5.1371198725E-03   2.9421873898E-02  -3.5171604747E-02  -1.0681775904E-01
   44     -6.5207596327E-04  -2.7402647275E-03   2.1371569457E-03   6.7118670129E-02   1.0792435458E-01
   45      4.4905214789E-03   1.3490773987E-02  -4.8575547677E-03  -5.4245073386E-02  -6.9245273213E-02
   46     -8.2088577253E-03  -1.6362330381E-02  -2.7902085190E-02  -5.2222435875E-02  -1.2175520945E-01
   47      6.3768096582E-04  -4.7000059612E-04   4.3187981721E-03  -7.3678916200E-02  -1.1732990908E-01
                   20                 21                 22                 23                 24        
    0     -8.9474440954E-03  -2.5405694161E-02  -3.2076080420E-02  -6.9537596188E-02  -4.0925620492E-02
    1      5.9432604414E-05  -2.0145404363E-02  -9.2752515383E-02  -9.9520646451E-02   4.1097332650E-02
    2     -1.3654881242E-02  -5.6801696110E-02  -9.3459961957E-02  -3.1559014644E-01  -5.6533851094E-02
    3      1.9827033214E-03  -1.1478575756E-02  -1.2060534857E-03   3.1408442758E-03   2.4155174798E-03
    4      6.6190377970E-03  -1.7723581203E-02  -1.3068687963E-03   5.4984036321E-03  -1.3149271391E-02
    5     -5.0724533787E-03  -1.8994562583E-02  -2.8801562750E-02  -3.0779294903E-04   1.2607892907E-02
    6     -2.1445466803E-03   6.0514766604E-03  -4.1136356350E-03  -7.7892693623E-04  -1.3303678587E-03
    7     -1.9326651432E-03  -3.4231469696E-03  -4.6457644824E-03  -4.1833919374E-04   2.1386974845E-03
    8     -8.1285793516E-04   3.3439223918E-03   1.2565429457E-04   4.8766127885E-04   2.7471220752E-03
    9      5.3174661045E-03  -7.4588971964E-03   1.9009866319E-03   1.6688569951E-03   4.1563856623E-03
   10     -2.4954390289E-03   7.5758432888E-03   9.6888270329E-04  -3.3573545145E-04  -5.9839772139E-03
   11      3.5910626401E-03  -8.1686607513E-04   1.7045056467E-03   9.0405203494E-04  -3.0673096735E-03
   12      2.4909332296E-03   5.1771321095E-03  -1.0827271992E-03  -6.2009092466E-04  -9.8303562955E-04
   13      3.8419527925E-02   3.2777525364E-04  -3.9399320545E-04  -3.1605172805E-04  -5.1993724842E-04
   14     -1.7248693476E-03  -1.5448763827E-03  -1.8595225498E-04   2.0037849627E-04   9.3376623752E-05
   15      7.1068694307E-03  -6.9569436656E-04   1.8741741453E-04   8.4419370426E-05  -1.2570131899E-03
   16      1.7889207992E-02  -5.3497093215E-03   1.3806510994E-03   7.2892954305E-04   4.5269933777E-04
   17     -1.1588710537E-01   1.5435331260E-03  -4.0747028240E-04   4.6186940533E-04  -1.1329982585E-04
   18     -3.5648808161E-03  -8.1076336197E-03   1.3581362744E-03  -1.2948183028E-03   4.3415194324E-04
   19     -1.9022093429E-02   9.8876509698E-03  -2.8985798698E-03  -1.1571008021E-03   3.6057882049E-03
   20      6.7352473553E-01   7.4499636535E-03  -2.1268491336E-03  -2.1484654053E-03  -4.1828990448E-03
   21      7.4499636535E-03   4.5966212154E-02   2.9650619587E-02   6.9697012563E-02  -1.9114060048E-03
   22     -2.1268491336E-03   2.9650619587E-02   8.9525379050E-02   1.0354669073E-01   5.5926952966E-03
   23     -2.1484654053E-03   6.9697012563E-02   1.0354669073E-01   3.2583900658E-01  -2.5830848500E-03
   24     -4.1828990448E-03  -1.9114060048E-03   5.5926952966E-03  -2.5830848500E-03   3.9242659376E-02
   25      9.9262183165E-04  -2.1830790754E-03   1.0038420670E-02  -9.1021225544E-03  -3.3095778674E-02
   26      1.0125585641E-03  -3.7494172489E-03   1.9681758434E-02  -1.2410650149E-02   4.9671625232E-02
   27      7.0994360699E-04   1.2175115719E-04  -1.5423532031E-03  -4.8990661766E-04  -8.5279214221E-04
   28      7.7489369464E-05  -1.2182753793E-03   3.5765150506E-04   3.9882059527E-04   4.1523452347E-04
   29     -5.4905869870E-04  -1.2842829093E-03  -4.0112914141E-04   4.1752099465E-04   9.4856317646E-04
   30     -9.4238953778E-05  -6.0622599786E-04   4.1618166421E-04   5.5759412426E-04   7.9454451444E-04
   31     -1.5155542315E-04   9.4295572434E-04  -6.0094068116E-04  -2.6016180489E-05  -7.8011742999E-04
   32      2.7222079752E-04   4.6306042615E-04  -9.5226877555E-05   1.9008851397E-04  -4.0393930465E-04
   33     -6.9485841779E-04  -4.2382526463E-04   3.5302876421E-04   4.7349123097E-05   3.3286705412E-05
   34      1.3848242142E-03   2.7455360015E-04  -3.3544747903E-04   1.3772692481E-04   1.2276369903E-04
   35      1.7855304798E-03  -2.3203144064E-04   2.1557529528E-04   6.8043572609E-05   1.2627594569E-04
   36      5.9441514213E-03  -4.7215533647E-04   1.5533113753E-04   1.2498023782E-04   1.9931486256E-04
   37      1.9952990548E-03   5.0559176547E-05  -4.4649732776E-06   2.4326157275E-06  -2.8211839334E-05
   38     -4.4819772763E-03  -2.4421543812E-04   1.7786274837E-04  -2.9833562121E-05   1.3020507701E-04
   39     -4.6649822676E-03  -1.2205577308E-04   5.9841335288E-05   3.3996745532E-04  -6.3807031832E-05
   40     -2.9762301791E-02  -1.3844179841E-04   4.7041727430E-05   5.8261954682E-05   8.7525650468E-06
   41      4.7692123458E-03  -5.1997270028E-05   9.6542225488E-05   4.3613831565E-05   2.7635196249E-05
   42      7.1268984617E-02  -7.8042957438E-04   2.8143057588E-04   2.3693308802E-04   7.1757377305E-04
   43      1.0404815960E-01   4.4106898760E-04  -1.0547349658E-05  -1.1715710733E-04  -5.8733644062E-05
   44     -2.8258171051E-01   1.8403366999E-04   3.4975523388E-05   2.2336636300E-04   5.0489788702E-04
   45     -7.7979066271E-02   1.4602097087E-04   6.1930314164E-05  -6.0419316107E-04  -6.6939196745E-04
   46     -1.1599458032E-01   1.0338624703E-03   6.3109546404E-04   6.2672296292E-04   1.9575549516E-04
   47     -2.5804194119E-01   1.0490793749E-03  -1.1023198694E-04   1.6512874374E-03   1.7471773482E-05
                   25                 26                 27                 28                 29        
    0      2.6510638667E-02  -4.6339460203E-02   2.4499430346E-03   2.7922271491E-03  -4.3353241990E-03
    1     -1.9762053336E-01   1.4298967751E-01  -5.7400099540E-05   1.8079441098E-03   2.3910887184E-04
    2      1.4378359046E-01  -1.9819361385E-01  -5.5095448858E-03  -1.2665930451E-03  -3.0048204540E-03
    3      1.5111914061E-02   6.1432264315E-04  -6.8996425978E-03  -4.9224857378E-04   9.7290751788E-04
    4     -9.8570201174E-03  -2.5953886120E-03  -2.3064010411E-02  -8.3536942483E-03  -3.1756900655E-02
    5      2.1739582137E-02   7.3648777608E-04  -2.1423051591E-03  -2.7527787113E-03   1.5391927565E-03
    6     -8.5822181718E-05   7.4989545473E-04  -1.0680476764E-02  -5.8512639067E-02  -3.5854992266E-02
    7      1.2103247763E-03  -1.1792792059E-03  -4.2076867203E-02  -4.7136964991E-01  -6.1178243481E-02
    8     -8.1996678577E-04  -6.7986949024E-04  -3.0213412374E-02  -5.5976127302E-02  -7.5273797914E-02
    9     -4.9563084466E-03  -1.5877262998E-03  -2.1966423632E-03   7.5183916814E-04   4.8621030062E-03
   10     -6.7459740469E-03  -1.6730245590E-04   2.0173245152E-03   1.1481542048E-05   8.1047997605E-04
   11      1.3170075187E-03   4.0415105296E-03   4.8512883830E-03   2.8486897176E-03   2.1139071535E-03
   12     -1.4238699638E-03  -2.5520538322E-04   7.5648804998E-04  -7.2129947513E-04  -3.1076836400E-03
   13      1.1079133177E-03   3.1027533446E-05  -1.1187658108E-04   7.7487244587E-04   4.3748646891E-04
   14      5.6405874821E-05  -8.1067808253E-05  -1.0321531675E-03  -2.7839818681E-04   1.0717214113E-03
   15      9.4942297320E-04   3.9157618234E-04  -1.1701889074E-04   2.7619865847E-04   3.6504446780E-04
   16     -2.0234136170E-05   5.6252798858E-04  -7.9213189012E-04  -7.6976088801E-04   2.0462160976E-03
   17     -1.8457626775E-04  -1.0655999414E-04   7.6257545650E-05  -2.1202551320E-04  -6.1225266285E-04
   18     -9.6360492189E-04   5.7597212786E-04  -8.0495816047E-05  -1.2140820453E-03   1.3926259390E-03
   19     -1.3241742046E-03  -2.9132073775E-03   1.0201736459E-03   1.0577618154E-03  -2.0146244723E-03
   20      9.9262183165E-04   1.0125585641E-03   7.0994360699E-04   7.7489369464E-05  -5.4905869870E-04
   21     -2.1830790754E-03  -3.7494172489E-03   1.2175115719E-04  -1.2182753793E-03  -1.2842829093E-03
   22      1.0038420670E-02   1.9681758434E-02  -1.5423532031E-03   3.5765150506E-04  -4.0112914141E-04
   23     -9.1021225544E-03  -1.2410650149E-02  -4.8990661766E-04   3.9882059527E-04   4.1752099465E-04
   24     -3.3095778674E-02   4.9671625232E-02  -8.5279214221E-04   4.1523452347E-04   9.4856317646E-04
   25      2.0358567026E-01  -1.5661498253E-01   3.6442342189E-04   9.0092511967E-05  -2.5217380457E-04
   26     -1.5661498253E-01   2.0481622359E-01   6.6435133015E-04  -1.4019338810E-04  -1.9807869536E-04
   27      3.6442342189E-04   6.6435133015E-04   2.1547208353E-02   5.8938879473E-02   2.9714498894E-02
   28      9.0092511967E-05  -1.4019338810E-04   5.8938879473E-02   4.8459707866E-01   6.6061821977E-02
   29     -2.5217380457E-04  -1.9807869536E-04   2.9714498894E-02   6.6061821977E-02   6.4806039425E-02
   30     -9.1067704446E-04  -6.6773315849E-04  -3.8396846564E-03  -1.5167289435E-03   6.2462745488E-03
   31     -6.6614630872E-04   1.0878719826E-04   4.9807706831E-03  -7.9739406964E-03   2.5967625638E-02
   32     -6.6792445954E-04   4.9567096003E-04   3.2975934055E-03  -8.9774394869E-03   9.6878094662E-03
   33      2.4763369265E-04   1.4420070430E-04  -1.2197043144E-04   6.8775211035E-05   3.7661421922E-04
   34     -1.5685102694E-04  -1.2340773527E-04   1.0531532138E-04  -6.5687196291E-05  -1.4658130075E-04
   35      6.4180212550E-05   5.7412565875E-05   5.0319675433E-05   7.3981353716E-05  -2.6867281477E-05
   36      1.4223799901E-05  -5.4559493177E-05  -1.0620174211E-04   1.0424444948E-04   1.3798522808E-05
   37      3.8752970727E-05   3.0444736767E-05   2.8672082681E-05  -9.4332783355E-05   5.9350446382E-05
   38      8.7695664897E-06   8.7407057370E-06  -1.7095097831E-04   1.4558047344E-04  -4.3722734593E-05
   39     -1.9293252553E-05   8.1633667119E-05  -4.4813578128E-04   1.2799045874E-04   1.1747146486E-04
   40     -4.4394454247E-07  -1.8664839944E-05   2.5650181576E-04   1.0299661798E-05  -1.9304093523E-05
   41     -1.1976806463E-05   9.2150715328E-06   3.3887898399E-04  -9.2034093199E-05  -4.9814536108E-05
   42      8.1621088545E-05  -3.7410318753E-04   1.2528655400E-04   2.3737829815E-05  -8.8378623492E-05
   43      3.5074497398E-04   1.6104591832E-04  -1.4198150115E-05  -3.7401214590E-05   3.6733371605E-05
   44     -1.7974005507E-04   3.0462842349E-04  -1.5053892753E-06   2.0654001405E-05  -5.5731629376E-05
   45      3.4486404079E-04   1.4394553166E-04   3.4238403575E-04   1.7990818338E-04  -3.4294635398E-04
   46     -3.0542337604E-05   1.9025910591E-04  -5.6985042279E-05  -4.2715317735E-05   1.0866345160E-04
   47     -1.3179662607E-04   1.8739180393E-04  -1.3964701854E-04   7.0022887446E-05   1.7795339973E-04
                   30                 31                 32                 33                 34        
    0     -3.6046726341E-04  -1.9351426560E-03   1.8158586037E-03   3.4076967784E-03  -2.1663808308E-03
    1      2.0725987633E-03  -1.3301261071E-03   5.2775793596E-04   9.1153461073E-04  -5.2764186477E-04
    2      1.7579614390E-03  -1.1432340792E-03   9.8711791088E-04  -3.8387956709E-04   1.9059620452E-04
    3     -4.8075350088E-03   3.3545609264E-03   4.9821497456E-03  -2.8777354502E-03   1.6331304107E-03
    4      1.4661675494E-02   1.2932416082E-02   1.8560661999E-02  -9.6120041587E-03   4.7244080207E-03
    5     -1.0184880413E-02  -5.5268493811E-03  -1.1957063572E-02   2.8131244179E-03  -9.5819930159E-04
    6     -1.3153778045E-02   1.7326788862E-02  -6.2861863597E-02   9.9760979835E-06  -2.0146522143E-04
    7      8.5802931761E-03  -2.3967911083E-01   2.0757542620E-01   1.7840029575E-03  -8.9907579988E-04
    8     -4.9111605544E-02   2.0073239529E-01  -3.1506746005E-01  -1.6256499157E-03   5.9183227967E-04
    9      2.0348683417E-03  -3.4718792892E-03  -6.0564658130E-03  -2.9281623575E-02   1.3555644935E-02
   10     -1.7095788417E-03   3.1203587273E-03   1.3806940221E-03   6.6075978159E-03   3.7967673714E-04
   11     -6.8667582519E-03  -2.1130470940E-03  -2.9688976974E-03  -2.1304929013E-02   1.0505964319E-02
   12     -4.5326580677E-04   1.2710604861E-03   2.3263495424E-03  -5.0253597431E-02  -4.5534434740E-02
   13      2.4048660900E-04  -6.1248201254E-04  -1.0315425363E-03  -3.9449046769E-02  -1.1380303500E-01
   14      5.9028768162E-05  -5.0780121917E-04  -1.7202632356E-03  -6.5316796415E-02  -1.0820348496E-01
   15      6.3482947482E-04  -3.3729962996E-04  -5.9142363476E-04   4.7822659944E-03   4.4241339107E-03
   16     -1.6422533423E-04   2.6160716828E-04  -1.2205255732E-03   4.7202354890E-03   9.0918780294E-03
   17     -4.3728866286E-04   6.6540186894E-04   8.8940926630E-04   2.1002812853E-02   5.5029799284E-03
   18     -3.0211600941E-04   4.8921323964E-04  -1.3585920034E-03  -3.6234396718E-03   2.9889735328E-03
   19     -2.2650240060E-04  -3.3402503930E-04   1.6708458467E-03   5.2111440937E-03  -1.6075979919E-03
   20     -9.4238953778E-05  -1.5155542315E-04   2.7222079752E-04  -6.9485841779E-04   1.3848242142E-03
   21     -6.0622599786E-04   9.4295572434E-04   4.6306042615E-04  -4.2382526463E-04   2.7455360015E-04
   22      4.1618166421E-04  -6.0094068116E-04  -9.5226877555E-05   3.5302876421E-04  -3.3544747903E-04
   23      5.5759412426E-04  -2.6016180489E-05   1.9008851397E-04   4.7349123097E-05   1.3772692481E-04
   24      7.9454451444E-04  -7.8011742999E-04  -4.0393930465E-04   3.3286705412E-05   1.2276369903E-04
   25     -9.1067704446E-04  -6.6614630872E-04  -6.6792445954E-04   2.4763369265E-04  -1.5685102694E-04
   26     -6.6773315849E-04   1.0878719826E-04   4.9567096003E-04   1.4420070430E-04  -1.2340773527E-04
   27     -3.8396846564E-03   4.9807706831E-03   3.2975934055E-03  -1.2197043144E-04   1.0531532138E-04
   28     -1.5167289435E-03  -7.9739406964E-03  -8.9774394869E-03   6.8775211035E-05  -6.5687196291E-05
   29      6.2462745488E-03   2.5967625638E-02   9.6878094662E-03   3.7661421922E-04  -1.4658130075E-04
   30      2.0702686357E-02  -2.1563477926E-02   5.8408863978E-02  -3.7311585806E-05   2.1458892433E-05
   31     -2.1563477926E-02   2.3485441418E-01  -2.1784458599E-01  -1.5010726116E-04   1.8764258090E-05
   32      5.8408863978E-02  -2.1784458599E-01   3.1929617973E-01  -4.4206753739E-04   2.5925765595E-04
   33     -3.7311585806E-05  -1.5010726116E-04  -4.4206753739E-04   7.4271138119E-02   3.4783157465E-02
   34      2.1458892433E-05   1.8764258090E-05   2.5925765595E-04   3.4783157465E-02   1.1047645113E-01
   35      1.1382741481E-04  -1.1347340166E-04  -4.4932283679E-05   6.6840340714E-02   1.1609338976E-01
   36      2.9311473165E-05  -3.8806751706E-05  -4.7999800591E-05   1.4904346405E-03  -6.8453294566E-03
   37     -4.5794720747E-05   1.9289762249E-05   1.6166016104E-05  -2.3331092031E-03  -8.3246170546E-03
   38      2.4455848635E-05  -3.3399973787E-05  -7.0811716911E-05  -4.2064584405E-03  -2.6501998624E-02
   39     -1.7202464071E-04   3.7829078925E-05   5.5243372722E-05   2.0313076649E-03  -2.2250139205E-03
   40      2.0189550575E-04  -4.9109613792E-05  -9.8032736645E-05  -2.8030629926E-03   6.2604758132E-04
   41      4.2529001081E-05   2.6586033528E-06   6.7725896859E-05   3.8803007271E-03   1.5529936415E-03
   42     -3.8502192173E-04  -2.0786511686E-05   1.5827776657E-04   5.5936248519E-05  -6.0504475970E-06
   43     -7.8481823739E-05   4.0445992591E-05  -1.2548902432E-06   1.8398988661E-04  -1.1601949972E-05
   44     -2.0580832830E-05   1.0566457155E-05   2.6146971065E-05  -1.0531403152E-04  -1.2924948854E-04
   45     -7.8809225323E-05  -1.0454445878E-04   2.5545651659E-04   5.3746116034E-04  -9.3038152209E-04
   46      1.9859844758E-05  -1.4148818396E-06  -5.5117998202E-05  -5.2384522832E-04   4.1432959702E-04
   47      1.7204902745E-04  -2.6631438689E-05  -8.2940960382E-05  -1.0277128841E-03  -1.4835927984E-04
                   35                 36                 37                 38                 39        
    0     -5.9837523145E-04   2.2094536036E-03  -5.1991037511E-04   6.5129006876E-04   1.5315143444E-03
    1     -4.3783948923E-05   1.1264268882E-03   2.9296641479E-05  -1.2372532327E-04   5.3130040943E-04
    2     -9.8710147614E-05  -1.4083009940E-03   1.8519800651E-04  -3.2672157182E-04  -3.8670262062E-04
    3     -7.8618526648E-04  -3.1766852098E-03   8.8368039401E-04  -8.7359994006E-04   1.6042772843E-03
    4     -8.6948685769E-04  -1.4013498507E-03   7.5153976143E-04  -6.2520729010E-04  -1.4435821341E-03
    5      6.8079936073E-04   4.1309281489E-03  -2.1522775455E-03   1.0356510570E-03  -8.5579184988E-04
    6     -1.2262097079E-04  -1.2924478935E-04   1.8376794746E-04   1.5305227445E-05  -1.0525081979E-03
    7      9.6922593069E-05   5.1705284268E-04  -9.1312008449E-05   5.9260522752E-05   3.7479114476E-04
    8     -5.2969259763E-04   7.6821950413E-05   2.0554995531E-04  -2.4181814648E-04   3.2616694898E-04
    9     -3.6347503297E-03  -1.4168678932E-02   4.7595641225E-03  -2.4909417495E-03   1.5030730971E-03
   10      1.9929837196E-03   2.9897705883E-02  -7.1061930381E-03   5.9091612651E-03  -4.4833039477E-04
   11      6.1778542688E-04  -9.3512415074E-03   3.4992590049E-03  -1.7513429740E-04  -6.5322414220E-04
   12     -6.0976222660E-02  -4.6945194026E-02  -5.9210760094E-02   8.9701384708E-03   3.4764543631E-05
   13     -1.0916153337E-01  -6.1334235897E-02  -3.4175546777E-01   1.9067354496E-02   7.4425387478E-03
   14     -2.7186475036E-01   4.8948236256E-03   2.2611823709E-02  -6.1167143067E-02   1.5646891246E-02
   15     -5.4020930282E-03   9.5053523679E-05  -5.9255957947E-04   2.3484949464E-03  -3.5546657771E-02
   16     -1.3281381323E-02  -2.0167496164E-02  -2.5772173908E-03   2.5374847940E-02  -3.0437285882E-02
   17     -2.0433014571E-02  -2.2837220454E-04  -2.8580857794E-03   3.8091483016E-03  -3.1667400586E-02
   18      3.4090588254E-04  -3.0706944499E-04  -1.0699308644E-03   2.1638352462E-03  -5.1395776216E-04
   19     -1.6799753535E-03  -2.4668532769E-04  -3.6149133268E-05   2.0320239453E-03  -3.5743164816E-04
   20      1.7855304798E-03   5.9441514213E-03   1.9952990548E-03  -4.4819772763E-03  -4.6649822676E-03
   21     -2.3203144064E-04  -4.7215533647E-04   5.0559176547E-05  -2.4421543812E-04  -1.2205577308E-04
   22      2.1557529528E-04   1.5533113753E-04  -4.4649732776E-06   1.7786274837E-04   5.9841335288E-05
   23      6.8043572609E-05   1.2498023782E-04   2.4326157275E-06  -2.9833562121E-05   3.3996745532E-04
   24      1.2627594569E-04   1.9931486256E-04  -2.8211839334E-05   1.3020507701E-04  -6.3807031832E-05
   25      6.4180212550E-05   1.4223799901E-05   3.8752970727E-05   8.7695664897E-06  -1.9293252553E-05
   26      5.7412565875E-05  -5.4559493177E-05   3.0444736767E-05   8.7407057370E-06   8.1633667119E-05
   27      5.0319675433E-05  -1.0620174211E-04   2.8672082681E-05  -1.7095097831E-04  -4.4813578128E-04
   28      7.3981353716E-05   1.0424444948E-04  -9.4332783355E-05   1.4558047344E-04   1.2799045874E-04
   29     -2.6867281477E-05   1.3798522808E-05   5.9350446382E-05  -4.3722734593E-05   1.1747146486E-04
   30      1.1382741481E-04   2.9311473165E-05  -4.5794720747E-05   2.4455848635E-05  -1.7202464071E-04
   31     -1.1347340166E-04  -3.8806751706E-05   1.9289762249E-05  -3.3399973787E-05   3.7829078925E-05
   32     -4.4932283679E-05  -4.7999800591E-05   1.6166016104E-05  -7.0811716911E-05   5.5243372722E-05
   33      6.6840340714E-02   1.4904346405E-03  -2.3331092031E-03  -4.2064584405E-03   2.0313076649E-03
   34      1.1609338976E-01  -6.8453294566E-03  -8.3246170546E-03  -2.6501998624E-02  -2.2250139205E-03
   35      2.8698209246E-01   2.3031949947E-03   3.1198230788E-03   5.4105565287E-03   1.5679053004E-03
   36      2.3031949947E-03   6.3151952996E-02   5.7182114971E-02  -6.2615162115E-03  -1.8793726002E-03
   37      3.1198230788E-03   5.7182114971E-02   3.5889454511E-01  -2.6767864471E-02   6.1404184676E-04
   38      5.4105565287E-03  -6.2615162115E-03  -2.6767864471E-02   5.4944578521E-02  -8.2118876260E-04
