
$orca_hessian_file

$act_atom
  0

$act_coord
  0

$act_energy
        0.000000

$multiplicity
  1

$hessian
48
                    0                  1                  2                  3                  4        
    0      2.2362602191E-01   1.5152183674E-01   2.2920332548E-01  -1.1527821603E-01  -1.0224660693E-01
    1      1.5152183674E-01   7.4478248145E-01  -3.2435262635E-02  -1.5606138879E-01  -3.6948112948E-01
    2      2.2920332548E-01  -3.2435262635E-02   6.0088921168E-01  -5.0494158921E-02  -5.1441577748E-02
    3     -1.1527821603E-01  -1.5606138879E-01  -5.0494158921E-02   4.6124226184E-01   1.3772887930E-01
    4     -1.0224660693E-01  -3.6948112948E-01  -5.1441577748E-02   1.3772887930E-01   7.7109023228E-01
    5     -5.4529699485E-02  -3.6346620034E-02  -1.1336010490E-01   2.4215966168E-01  -2.3773989231E-02
    6     -2.5010199022E-02  -2.4308673411E-02  -2.4655018520E-02  -1.4997325737E-01  -2.6083091011E-02
    7     -3.5397948162E-02  -7.8554480253E-03  -3.3281136571E-02  -5.5557067320E-02  -1.4102045591E-01
    8     -2.4098437257E-02  -1.8244215798E-02  -2.2635894694E-03  -1.5886023887E-01  -3.5877204923E-02
    9      3.5916378839E-02  -1.1666511438E-03   1.9931569206E-03  -1.1925526697E-01  -4.4624617447E-03
   10     -3.0763640155E-02  -5.4054661581E-02   4.1679882936E-02   1.7464779355E-02  -2.3078925038E-01
   11      2.8052783083E-02   2.3024235070E-02   2.2698706646E-03  -3.3189750329E-02   9.1962738759E-02
   12     -3.7774668175E-02  -1.3342105210E-02   7.4665651010E-03  -8.3895010803E-04   8.3273574040E-02
   13      2.6911724085E-03  -2.3062038361E-04   2.6379587541E-03   2.8383286768E-02  -2.1194709826E-02
   14      1.3744773750E-02   2.8589198467E-05  -7.8903568830E-04  -2.0337226515E-02  -1.0631340932E-02
   15     -1.2615014767E-02   6.1823316844E-03   2.7496674063E-03  -1.8251369732E-02   9.0522888619E-03
   16      5.7783468298E-02   2.8327964866E-03  -8.5691722447E-03  -8.3327188081E-03  -5.4232225568E-02
   17     -2.1393358996E-02  -2.2146184181E-03   3.1873903511E-03   1.9913130624E-03   2.9138263486E-02
   18      4.2110786412E-02   7.7932952424E-03  -4.8725583891E-03  -3.7889937242E-02  -5.5329543284E-02
   19     -5.2655139516E-02  -1.5690879335E-02   7.7204591771E-03   2.6737305246E-02   5.1187562017E-02
   20     -6.4720042863E-03  -2.9236629793E-03  -5.7534512426E-03   1.2243917592E-03   7.2890678050E-03
   21     -4.8520309420E-02  -2.5955574066E-02  -1.0000947522E-01  -1.3711040706E-02  -1.2331952175E-02
   22     -3.3934364828E-02  -7.4862055599E-02  -6.3196811458E-02  -5.7095288573E-03   1.0107943588E-03
   23     -1.1084446119E-01  -7.0685698364E-02  -3.1627212963E-01   4.6101054966E-03   6.6326712809E-03
   24     -4.2236750949E-02   5.1625255190E-02  -5.8764633616E-02   2.8245266421E-03  -1.6206989128E-02
   25      3.6580492884E-02  -2.2683932376E-01   1.4239723224E-01   1.4876436777E-02  -1.2911093499E-02
   26     -5.0896731937E-02   1.4112236510E-01  -1.6578719857E-01   1.7073586316E-03  -3.0302400840E-03
   27      1.3835560035E-03   1.7555787613E-03  -4.9376396974E-03  -5.2010199837E-03  -2.9140667865E-02
   28      3.5646178225E-03   1.9708283775E-03  -1.4688729317E-03  -1.6019270440E-03  -7.0925734798E-03
   29     -3.9783706866E-03  -1.5132100263E-04  -2.3196454738E-03   6.7276060294E-03  -2.8576507995E-02
   30      3.6083389086E-04   2.2322354755E-03   2.1230638742E-03  -6.5040387080E-03   1.7820885024E-02
   31     -1.9920166833E-03  -1.4635753279E-03  -1.3539638275E-03   1.9589711886E-03   1.1743010309E-02
   32      1.2378911790E-03  -1.4883122269E-04   1.3194735309E-03   5.8097496897E-03   2.1068011751E-02
   33      2.6709665925E-03   9.2830314822E-04  -3.7298192518E-04  -5.2700482452E-04  -9.6209287662E-03
   34     -1.3072931561E-03  -3.9766903260E-04   6.1298077709E-05   6.2162906453E-04   2.8218496679E-03
   35     -9.8219812246E-04   5.2581139670E-05  -2.6853634205E-04  -5.9090067444E-04  -2.1000560672E-03
   36      1.7766670682E-03   1.1802222702E-03  -1.3577955394E-03  -4.9813905483E-03  -2.1872927814E-03
   37     -3.7649302040E-04   1.5059308678E-04  -2.2922003404E-05   5.0638092288E-04   1.4482123541E-03
   38      7.2648395902E-04  -4.2888195206E-05  -3.5081527059E-04  -1.5683424532E-03  -1.2787518575E-03
   39      1.9424268672E-03   6.6483394333E-04  -7.9156423210E-04   1.3452955438E-03  -1.8367771896E-03
   40      6.0372399365E-05   4.6966227064E-04   1.1664681049E-04  -9.6759136265E-04  -8.4068371228E-04
   41     -6.8101064513E-05   1.0169963825E-04   4.5382364675E-06  -1.8477105463E-04   2.9859355036E-04
   42     -3.1538388819E-03  -1.4800841638E-03   3.6323145684E-03   1.7923028276E-03   1.3569818799E-03
   43      2.2801105262E-04  -1.9055416858E-04  -1.9937138761E-03  -1.3308350364E-05  -2.6506395852E-04
   44     -1.7115857858E-03  -9.1672852404E-04   4.1506082640E-04   5.0838072810E-04   1.3247223866E-03
   45     -2.5198640331E-02  -1.5416105456E-03  -9.3819863111E-04   5.2071053716E-03   1.0226995552E-02
   46      6.2157257186E-03   8.5955501936E-04  -8.4612968906E-04  -4.7431862044E-05  -1.4744751705E-03
   47      2.0356226962E-03  -2.2353797572E-04  -9.2103871456E-04   4.9998800149E-04  -1.0193227454E-03
                    5                  6                  7                  8                  9        
    0     -5.4529699485E-02  -2.5010199022E-02  -3.5397948162E-02  -2.4098437257E-02   3.5916378839E-02
    1     -3.6346620034E-02  -2.4308673411E-02  -7.8554480253E-03  -1.8244215798E-02  -1.1666511438E-03
    2     -1.1336010490E-01  -2.4655018520E-02  -3.3281136571E-02  -2.2635894694E-03   1.9931569206E-03
    3      2.4215966168E-01  -1.4997325737E-01  -5.5557067320E-02  -1.5886023887E-01  -1.1925526697E-01
    4     -2.3773989231E-02  -2.6083091011E-02  -1.4102045591E-01  -3.5877204923E-02  -4.4624617447E-03
    5      5.3272553750E-01  -1.1616566575E-01  -4.7911260692E-02  -2.3289156682E-01  -4.1288659455E-02
    6     -1.1616566575E-01   1.8562896973E-01  -2.2993541770E-03   2.6567893135E-01  -2.3016695294E-03
    7     -4.7911260692E-02  -2.2993541770E-03   8.7225044435E-01  -4.2443152580E-02   4.3027530072E-02
    8     -2.3289156682E-01   2.6567893135E-01  -4.2443152580E-02   6.4948649526E-01  -3.6708265499E-02
    9     -4.1288659455E-02  -2.3016695294E-03   4.3027530072E-02  -3.6708265499E-02   2.6305590331E-01
   10      1.2155425150E-01   1.2970617072E-02  -4.4092645453E-03   1.8957345237E-02  -2.3090241031E-02
   11     -1.5616488415E-01  -2.9915559586E-02   4.5841231386E-02  -4.3360089362E-02   8.8946592642E-02
   12     -3.1928450900E-02   8.2115275374E-04  -1.0444867778E-02   1.2018974791E-02  -5.5336595943E-02
   13      1.1461145529E-02  -2.2275667114E-03   2.7403773623E-04  -3.7792242413E-03  -1.5357496319E-02
   14     -1.1934257772E-02   2.3986415262E-03   6.6135544754E-03  -3.7602063910E-04  -3.0779938401E-02
   15      1.9609511780E-02   6.8103597763E-04  -1.8397421001E-03  -5.5882062964E-03  -5.4138159535E-02
   16      4.1916989605E-03   8.1153226740E-03   8.0256522536E-03   5.8316786936E-03  -3.4610677864E-02
   17     -6.9097684467E-04   1.4055396333E-03  -3.1275200980E-03   2.3457175438E-03   3.0568006345E-02
   18      1.1375144484E-02   1.2272062109E-02   8.6013763406E-03   6.7175212985E-03  -2.3962275103E-02
   19     -1.0847533971E-02  -1.0343648867E-02  -8.2964377863E-03  -4.7195798149E-03   3.0912975931E-02
   20     -2.4727089129E-03  -1.8141335963E-03  -1.8698947859E-03  -1.1723008490E-03   3.9179724910E-03
   21     -1.8288554971E-02   8.1138269130E-03  -4.1569189623E-03   1.0289688554E-03  -6.1771301531E-03
   22     -2.7720737924E-02  -4.1163098147E-03  -4.1744930496E-03   1.2065743010E-04   1.7039419261E-03
   23     -1.0074190788E-03  -2.5574340706E-03  -1.9749531090E-04   6.2756755427E-04   2.4040187351E-03
   24      1.1102059209E-02  -2.1093052257E-03   2.2356140366E-03   3.1888585859E-03   3.6880609609E-03
   25      1.9538252521E-02   3.2582623664E-04   1.1433978810E-03  -4.8928327780E-04  -4.5215556506E-03
   26      2.3557169914E-03   1.3856332137E-03  -1.4595205889E-03  -1.1672381930E-03  -2.7241525513E-03
   27     -9.2969921037E-03  -9.3502539424E-03   3.5256831301E-02  -1.4742842795E-02  -1.7237805807E-03
   28     -5.2751036941E-03   1.0956575326E-02  -4.3413159463E-01  -1.1938925635E-01   9.7779594541E-05
   29     -5.2404363482E-03  -2.7305876920E-02  -1.3164549466E-01  -1.0524077895E-01   4.1705810811E-03
   30     -1.4534078878E-02  -1.5303757854E-02   1.8693723132E-02  -4.5123951073E-02  -1.1341577170E-04
   31     -4.3491094487E-03   3.6438008098E-02  -2.8204162691E-01   1.9900459262E-01  -2.5153111117E-03
   32     -1.1472147646E-02  -6.8193800030E-02   2.0798346697E-01  -2.6617824602E-01  -6.8576341804E-03
   33      1.7599588149E-03  -4.4245925261E-04   2.0251151021E-03  -1.3404559401E-03  -2.8133610079E-02
   34      4.9039635817E-04  -6.2482681531E-05  -5.2659186651E-04   1.6866468310E-04   6.1477122663E-03
   35      3.2549030040E-04  -2.0373590366E-04   6.2107337621E-04  -6.0129090294E-04  -8.6227135183E-03
   36      2.0035209222E-03   8.7182348207E-05   1.0837388186E-03  -3.0843866017E-04  -1.7201381209E-02
   37     -1.6351915850E-03   2.4842913363E-04  -1.1631525080E-04   2.9197209836E-04   3.8822040546E-03
   38      1.0912858201E-03  -2.0184439621E-05   3.6899367605E-04  -2.6643761392E-04  -5.6414222892E-03
   39     -1.0839126967E-03  -6.8629281746E-04   3.2692651719E-04   2.3427908930E-04   1.6756926127E-03
   40     -2.6693369623E-04   1.8190803877E-04   4.7606880660E-04   5.9669335233E-04   1.1576324422E-04
   41     -1.2129113897E-03   4.0547444621E-05   5.6655281927E-05   5.3385083617E-04   5.2712009495E-04
   42      4.3796326559E-04  -3.1299077958E-04  -2.3588089028E-05  -4.4498969947E-04   2.0701895474E-03
   43      5.3102871358E-04   4.5925497865E-06  -2.3956863162E-05  -3.3647837159E-04   9.8662995109E-05
   44      2.1640275920E-04  -2.0514527285E-05  -1.2677589330E-04  -1.9953393210E-04   9.4442934700E-04
   45     -1.3449721854E-03  -2.1140440353E-03  -1.5436735287E-03  -1.6443996372E-03   1.9370596025E-03
   46      3.7462925123E-04   2.1215234163E-04   4.2658380480E-04   3.1568204490E-04  -2.4698505200E-04
   47     -2.6701950770E-04  -6.4678082561E-05   5.6838520269E-04   7.2346155810E-04  -8.7867766032E-04
                   10                 11                 12                 13                 14        
    0     -3.0763640155E-02   2.8052783083E-02  -3.7774668175E-02   2.6911724085E-03   1.3744773750E-02
    1     -5.4054661581E-02   2.3024235070E-02  -1.3342105210E-02  -2.3062038361E-04   2.8589198467E-05
    2      4.1679882936E-02   2.2698706646E-03   7.4665651010E-03   2.6379587541E-03  -7.8903568830E-04
    3      1.7464779355E-02  -3.3189750329E-02  -8.3895010803E-04   2.8383286768E-02  -2.0337226515E-02
    4     -2.3078925038E-01   9.1962738759E-02   8.3273574040E-02  -2.1194709826E-02  -1.0631340932E-02
    5      1.2155425150E-01  -1.5616488415E-01  -3.1928450900E-02   1.1461145529E-02  -1.1934257772E-02
    6      1.2970617072E-02  -2.9915559586E-02   8.2115275374E-04  -2.2275667114E-03   2.3986415262E-03
    7     -4.4092645453E-03   4.5841231386E-02  -1.0444867778E-02   2.7403773623E-04   6.6135544754E-03
    8      1.8957345237E-02  -4.3360089362E-02   1.2018974791E-02  -3.7792242413E-03  -3.7602063910E-04
    9     -2.3090241031E-02   8.8946592642E-02  -5.5336595943E-02  -1.5357496319E-02  -3.0779938401E-02
   10      3.5458095846E-01  -1.9061127931E-01  -4.2854359330E-02  -6.2905671251E-02   2.2216832489E-02
   11     -1.9061127931E-01   2.3968794002E-01  -2.5799211474E-03   9.6744535021E-03  -5.8866552922E-02
   12     -4.2854359330E-02  -2.5799211474E-03   2.5326789320E-01   8.0571164280E-02  -1.0798359728E-02
   13     -6.2905671251E-02   9.6744535021E-03   8.0571164280E-02   6.8197262077E-01  -8.2731979131E-03
   14      2.2216832489E-02  -5.8866552922E-02  -1.0798359728E-02  -8.2731979131E-03   6.2200307872E-01
   15      8.6933551442E-03   1.4496080838E-02  -9.6453805802E-02  -3.1763139795E-02   7.4602765534E-02
   16      3.1659661330E-02  -1.3756069981E-02  -1.0752108443E-02  -1.0963880938E-01   2.3946192444E-02
   17     -2.0499364454E-02   1.0731456309E-02   6.8455560908E-02   3.2815634921E-02  -2.1881369994E-01
   18      3.0538707918E-02  -1.8644375530E-02   2.7371630783E-02  -1.9293776915E-02  -4.3676667885E-03
   19     -3.3568914886E-02   1.9454765129E-02  -4.0556074044E-02  -1.7685349374E-02   2.4769938718E-02
   20     -3.4842414702E-03   4.1909660973E-03   2.6901195276E-03   3.8549640442E-02  -7.2358859744E-03
   21      7.0036191184E-03   6.3908272551E-04   4.1752085656E-03   2.5750363153E-04  -6.7642552725E-04
   22      6.4972196898E-04   1.1132887461E-03  -1.1618378803E-03  -5.1666217601E-04  -7.5210290154E-04
   23     -1.5188043320E-03   4.9057450496E-04  -1.3294303181E-03  -2.7718209174E-04   2.6538789410E-05
   24     -5.1786106587E-03  -5.5557126543E-03  -3.7473519695E-04  -3.4109765685E-04  -2.0915778755E-04
   25     -5.5309719964E-03   7.0494052803E-04  -1.7465753331E-03   9.8841366356E-04  -3.0144896652E-04
   26     -1.2807692808E-03   4.8683665095E-03  -5.0507922122E-04   6.0737851692E-05  -4.7646029578E-04
   27      8.6485946956E-04   4.1765331894E-03   9.4576883170E-04   1.3074867937E-04  -9.3174392318E-04
   28     -5.6210001620E-05   3.4487220050E-03  -2.1942726647E-04   4.7427294389E-04  -2.9857416989E-04
   29      8.9218383868E-05   1.9916556731E-03  -2.8353966035E-03   4.0754544462E-04   9.3558738770E-04
   30     -7.1056663384E-04  -5.5331987599E-03  -3.4238239898E-04  -1.3460308453E-05  -1.0499610020E-03
   31      1.7700188628E-03  -1.3359675999E-03   4.6548672474E-04   2.9575134371E-04   3.8844235887E-05
   32      1.5077659849E-03  -2.4768474854E-03   2.8553877584E-03  -3.6932759842E-04  -1.3262541080E-03
   33     -6.0899926374E-03  -2.9482511432E-02  -5.1611694747E-02  -3.0408208249E-02  -4.3563064998E-02
   34      6.0670030313E-03   9.1189203138E-03  -3.5673994646E-02  -1.3985728160E-01  -1.2176178250E-01
   35      6.7627884326E-04  -2.8035093609E-03  -4.3309530997E-02  -1.2006391408E-01  -2.3894454292E-01
   36      3.7991283509E-02  -1.5500065238E-02  -3.9998465525E-02  -2.0514743057E-02   5.3647193189E-03
   37     -4.8365178647E-03   3.4625664308E-03  -1.1522090186E-02  -3.3425544800E-01   5.4890952300E-02
   38      1.0969591357E-02  -2.6668822904E-03   6.4348977217E-03   5.1066699326E-02  -6.7966804303E-02
   39      2.4316261712E-04  -5.0561616747E-04  -6.3651146200E-04   8.3676715073E-03   1.4261179233E-02
   40      6.1551569908E-05  -1.0110284420E-03   1.5182894957E-03   8.3346142871E-03   1.1109706830E-02
   41     -1.4230362807E-04   2.6543991695E-03  -7.2586953019E-03  -1.6126087575E-02  -1.9840559457E-02
   42     -3.7791910235E-04  -4.3656706815E-04   6.7327944186E-03  -2.9235518159E-03   4.0554197316E-03
   43      3.2424404838E-04  -3.3323208035E-04  -1.0164657602E-03  -6.5817899317E-03  -1.5820820234E-04
   44     -1.0260406147E-03   6.1633842894E-04  -1.1767628441E-03   1.2435100844E-03   9.3560933119E-04
   45     -6.7202448198E-03   5.0617913329E-03  -9.9466391924E-03   2.4286466172E-03  -1.7245602448E-03
   46      1.0383032365E-03  -7.7189064291E-04   3.4742382735E-03   5.2663118216E-04  -1.4208334585E-03
   47      9.2524253312E-04  -1.1628018062E-03   1.8107270774E-03   9.5448598915E-04   2.6692597896E-03
                   15                 16                 17                 18                 19        
    0     -1.2615014767E-02   5.7783468298E-02  -2.1393358996E-02   4.2110786412E-02  -5.2655139516E-02
    1      6.1823316844E-03   2.8327964866E-03  -2.2146184181E-03   7.7932952424E-03  -1.5690879335E-02
    2      2.7496674063E-03  -8.5691722447E-03   3.1873903511E-03  -4.8725583891E-03   7.7204591771E-03
    3     -1.8251369732E-02  -8.3327188081E-03   1.9913130624E-03  -3.7889937242E-02   2.6737305246E-02
    4      9.0522888619E-03  -5.4232225568E-02   2.9138263486E-02  -5.5329543284E-02   5.1187562017E-02
    5      1.9609511780E-02   4.1916989605E-03  -6.9097684467E-04   1.1375144484E-02  -1.0847533971E-02
    6      6.8103597763E-04   8.1153226740E-03   1.4055396333E-03   1.2272062109E-02  -1.0343648867E-02
    7     -1.8397421001E-03   8.0256522536E-03  -3.1275200980E-03   8.6013763406E-03  -8.2964377863E-03
    8     -5.5882062964E-03   5.8316786936E-03   2.3457175438E-03   6.7175212985E-03  -4.7195798149E-03
    9     -5.4138159535E-02  -3.4610677864E-02   3.0568006345E-02  -2.3962275103E-02   3.0912975931E-02
   10      8.6933551442E-03   3.1659661330E-02  -2.0499364454E-02   3.0538707918E-02  -3.3568914886E-02
   11      1.4496080838E-02  -1.3756069981E-02   1.0731456309E-02  -1.8644375530E-02   1.9454765129E-02
   12     -9.6453805802E-02  -1.0752108443E-02   6.8455560908E-02   2.7371630783E-02  -4.0556074044E-02
   13     -3.1763139795E-02  -1.0963880938E-01   3.2815634921E-02  -1.9293776915E-02  -1.7685349374E-02
   14      7.4602765534E-02   2.3946192444E-02  -2.1881369994E-01  -4.3676667885E-03   2.4769938718E-02
   15      2.5446914043E-01   1.2332951486E-01  -1.1447770768E-01  -5.6082542948E-02  -8.2470162845E-02
   16      1.2332951486E-01   7.4169724769E-01   7.6716024371E-02  -1.0460390682E-01  -4.5014749348E-01
   17     -1.1447770768E-01   7.6716024371E-02   5.8057247115E-01   2.8666865079E-02   1.5780591273E-02
   18     -5.6082542948E-02  -1.0460390682E-01   2.8666865079E-02   1.4985013612E-01   2.0868214019E-01
   19     -8.2470162845E-02  -4.5014749348E-01   1.5780591273E-02   2.0868214019E-01   7.3993883042E-01
   20      1.5081248297E-02   4.0440617341E-02  -1.1975455054E-01  -4.1218134148E-02  -1.1762463775E-02
   21      4.9505758377E-04  -4.9337242593E-03   1.4244643821E-03  -1.0935338984E-02   7.9775876351E-03
   22      6.3123450485E-05   1.3973005988E-03  -6.9962695174E-04   2.2155024332E-03  -2.4062062272E-03
   23     -2.4454710524E-04   1.8744060174E-03   3.1208972279E-04  -2.9182629775E-04  -2.8908750380E-03
   24     -1.1458607133E-03  -1.3223825379E-05   3.8675998117E-04  -1.4945727864E-04   2.9298237742E-03
   25      7.3425920872E-04   5.4480286820E-05  -2.6858270947E-04  -6.1635524318E-04  -9.8903743385E-04
   26      4.3946965337E-04   5.5323212141E-04  -2.7379393757E-04   5.2066449836E-04  -2.7262170798E-03
   27      4.0743023342E-04  -1.0647884047E-03   2.6630266664E-04  -4.9797144809E-04   8.9698779315E-04
   28     -8.2615388705E-05  -9.4911017098E-04  -3.8727752019E-05  -1.5890002669E-03   1.4249695137E-03
   29     -3.7245640231E-04   1.9000735864E-03  -6.2354371514E-04   1.3256529431E-03  -1.5912807664E-03
   30      8.1838023773E-04  -2.1924778106E-04  -3.0147487553E-04  -5.3099231964E-04   2.5122110428E-05
   31     -1.0913695464E-04   3.0633400677E-04   2.8867622142E-04   5.5769431656E-04  -4.5523488825E-04
   32     -4.7528097331E-04  -9.7662431285E-04   8.4165806302E-04  -1.0450759392E-03   1.2044840590E-03
   33      4.8805332065E-03   9.4756955594E-03   1.8880932509E-02  -2.2466824267E-03   3.7296852470E-03
   34      2.2802415859E-03   6.2406528301E-03   5.6391037396E-03   1.7033602587E-03   1.6509400697E-05
   35     -3.4365236514E-03  -1.5544153534E-02  -1.9722021976E-02   4.9990208053E-04  -1.7648273143E-03
   36      1.3866335046E-03  -2.1968392184E-02   1.9886642684E-03  -2.0025570996E-03  -1.3706667860E-04
   37     -8.0120663098E-04  -2.2607712523E-03  -1.4376572373E-03  -2.7113678625E-04  -1.0817650006E-04
   38     -4.2897315344E-04   2.4609569523E-02   4.3737366064E-04   1.6904949201E-03   1.6849282607E-03
   39     -3.2915519653E-02  -2.3711246886E-02  -1.5243208926E-02  -3.3540606374E-05  -1.2913799371E-03
   40     -1.6584705306E-02  -1.5305495227E-01  -1.3441711071E-01  -4.1625452391E-03  -1.5312872298E-02
   41     -3.2267694523E-03  -1.4162440373E-01  -2.4507061046E-01   5.5595725986E-04   5.9757699444E-03
   42      5.4980783238E-03  -8.4975331403E-04   1.1464980964E-03  -6.1164252119E-02  -3.6972302688E-02
   43     -1.2136421044E-02  -3.6740543903E-03   2.9489918188E-02  -3.0263899043E-02  -9.8263941978E-02
   44      4.9969084736E-04  -2.5380903336E-03   5.1346616764E-04   6.8348306116E-02   9.8118149401E-02
   45      2.9659836548E-03   1.2365075834E-02  -3.7928112805E-03  -3.6109067849E-02  -5.7486366034E-02
   46     -4.5572733757E-03  -1.8256708967E-02  -2.7136287884E-02  -4.3941400423E-02  -1.4964332716E-01
   47      7.9968518797E-04   2.9163050976E-03   6.0075744418E-03  -4.9269845469E-02  -1.3839612927E-01
                   20                 21                 22                 23                 24        
    0     -6.4720042863E-03  -4.8520309420E-02  -3.3934364828E-02  -1.1084446119E-01  -4.2236750949E-02
    1     -2.9236629793E-03  -2.5955574066E-02  -7.4862055599E-02  -7.0685698364E-02   5.1625255190E-02
    2     -5.7534512426E-03  -1.0000947522E-01  -6.3196811458E-02  -3.1627212963E-01  -5.8764633616E-02
    3      1.2243917592E-03  -1.3711040706E-02  -5.7095288573E-03   4.6101054966E-03   2.8245266421E-03
    4      7.2890678050E-03  -1.2331952175E-02   1.0107943588E-03   6.6326712809E-03  -1.6206989128E-02
    5     -2.4727089129E-03  -1.8288554971E-02  -2.7720737924E-02  -1.0074190788E-03   1.1102059209E-02
    6     -1.8141335963E-03   8.1138269130E-03  -4.1163098147E-03  -2.5574340706E-03  -2.1093052257E-03
    7     -1.8698947859E-03  -4.1569189623E-03  -4.1744930496E-03  -1.9749531090E-04   2.2356140366E-03
    8     -1.1723008490E-03   1.0289688554E-03   1.2065743010E-04   6.2756755427E-04   3.1888585859E-03
    9      3.9179724910E-03  -6.1771301531E-03   1.7039419261E-03   2.4040187351E-03   3.6880609609E-03
   10     -3.4842414702E-03   7.0036191184E-03   6.4972196898E-04  -1.5188043320E-03  -5.1786106587E-03
   11      4.1909660973E-03   6.3908272551E-04   1.1132887461E-03   4.9057450496E-04  -5.5557126543E-03
   12      2.6901195276E-03   4.1752085656E-03  -1.1618378803E-03  -1.3294303181E-03  -3.7473519695E-04
   13      3.8549640442E-02   2.5750363153E-04  -5.1666217601E-04  -2.7718209174E-04  -3.4109765685E-04
   14     -7.2358859744E-03  -6.7642552725E-04  -7.5210290154E-04   2.6538789410E-05  -2.0915778755E-04
   15      1.5081248297E-02   4.9505758377E-04   6.3123450485E-05  -2.4454710524E-04  -1.1458607133E-03
   16      4.0440617341E-02  -4.9337242593E-03   1.3973005988E-03   1.8744060174E-03  -1.3223825379E-05
   17     -1.1975455054E-01   1.4244643821E-03  -6.9962695174E-04   3.1208972279E-04   3.8675998117E-04
   18     -4.1218134148E-02  -1.0935338984E-02   2.2155024332E-03  -2.9182629775E-04  -1.4945727864E-04
   19     -1.1762463775E-02   7.9775876351E-03  -2.4062062272E-03  -2.8908750380E-03   2.9298237742E-03
   20      6.7758046225E-01   6.1151855702E-03  -1.9065856874E-03  -2.8089564881E-03  -1.9401328714E-03
   21      6.1151855702E-03   7.3861086527E-02   3.1428062768E-02   1.1106281358E-01  -2.2039082923E-03
   22     -1.9065856874E-03   3.1428062768E-02   7.0127239363E-02   7.2230609768E-02   8.9113768220E-03
   23     -2.8089564881E-03   1.1106281358E-01   7.2230609768E-02   3.2547138715E-01  -3.3856953741E-03
   24     -1.9401328714E-03  -2.2039082923E-03   8.9113768220E-03  -3.3856953741E-03   4.1351684457E-02
   25      6.7890409779E-04  -2.0150906405E-03   8.4952783014E-03  -6.8430550083E-03  -4.3786532427E-02
   26      7.3327046981E-04  -3.6156161467E-03   2.0569571733E-02  -1.0637983286E-02   5.3567097420E-02
   27      6.9431364626E-04  -5.0258208457E-04  -1.3162137104E-03  -5.8444101197E-04  -6.1725412821E-04
   28      9.9321336275E-05  -1.1219117996E-03   2.5886664879E-04   5.2801526197E-04   3.4481114896E-04
   29     -6.3038456911E-04  -1.4008475903E-03  -1.5627707732E-04   7.5085331381E-04   1.2096065121E-03
   30     -1.1144228811E-04  -5.8415387711E-04   4.2660276085E-04   7.9539909124E-04   7.6386985491E-04
   31     -1.5469477009E-04   8.7498155316E-04  -5.9777482728E-04  -2.8852524387E-04  -9.0153406430E-04
   32      1.9890444447E-04   5.4910208374E-04  -1.6510568915E-04   1.1071303578E-04  -4.2690902948E-04
   33     -8.8640004633E-04  -1.7474665597E-04   5.1854019412E-04   5.3315896113E-05   9.3923580905E-05
   34      1.7307598265E-03   1.4801761721E-04  -5.4294016630E-04   5.7028021967E-04   3.9131874683E-04
   35      1.8215543984E-03  -3.8630603434E-04   5.2023425908E-04   1.6701664918E-04   2.6200571311E-04
   36      6.0849652627E-03  -2.6586477386E-04   1.4739673532E-04   1.7969698002E-04   2.9791549957E-05
   37      2.1984130146E-03  -7.9145100224E-05   9.4327266949E-05   1.6559991457E-05   1.7458232688E-05
   38     -4.7599799291E-03  -2.5899308424E-04   3.1371018690E-04  -4.0336347848E-05   1.3162066083E-04
   39     -4.3039543627E-03   1.2286214717E-04   2.3946672025E-05   5.6840615136E-04  -1.2427828827E-04
   40     -2.8578818146E-02  -2.0090667305E-04   4.0578872414E-05   5.8846226903E-05  -4.9013296405E-05
   41      6.6611197194E-03   1.7449213929E-05   1.3466180542E-04   1.0811740089E-04   3.0071828438E-06
   42      7.2003670326E-02  -6.3713060058E-04   2.1665404597E-04   2.4522194445E-04   3.0230271801E-04
   43      9.4306252746E-02   4.3495638543E-04   9.8340205837E-07  -2.5785821879E-05   1.3327122622E-04
   44     -2.9180438894E-01   1.9653480452E-04   5.4992986369E-05   3.7275871690E-04   5.0049539655E-04
   45     -5.1056691400E-02  -3.0558361887E-03   5.8437270655E-04  -6.6990359861E-04  -9.2609692001E-05
   46     -1.3462279393E-01   2.6692295435E-03   1.0250412644E-03   7.9871110014E-04  -1.0560524350E-04
   47     -2.5479366993E-01   3.5913784531E-03  -4.4315788015E-04   2.3292079868E-03  -7.6390093972E-05
                   25                 26                 27                 28                 29        
    0      3.6580492884E-02  -5.0896731937E-02   1.3835560035E-03   3.5646178225E-03  -3.9783706866E-03
    1     -2.2683932376E-01   1.4112236510E-01   1.7555787613E-03   1.9708283775E-03  -1.5132100263E-04
    2      1.4239723224E-01  -1.6578719857E-01  -4.9376396974E-03  -1.4688729317E-03  -2.3196454738E-03
    3      1.4876436777E-02   1.7073586316E-03  -5.2010199837E-03  -1.6019270440E-03   6.7276060294E-03
    4     -1.2911093499E-02  -3.0302400840E-03  -2.9140667865E-02  -7.0925734798E-03  -2.8576507995E-02
    5      1.9538252521E-02   2.3557169914E-03  -9.2969921037E-03  -5.2751036941E-03  -5.2404363482E-03
    6      3.2582623664E-04   1.3856332137E-03  -9.3502539424E-03   1.0956575326E-02  -2.7305876920E-02
    7      1.1433978810E-03  -1.4595205889E-03   3.5256831301E-02  -4.3413159463E-01  -1.3164549466E-01
    8     -4.8928327780E-04  -1.1672381930E-03  -1.4742842795E-02  -1.1938925635E-01  -1.0524077895E-01
    9     -4.5215556506E-03  -2.7241525513E-03  -1.7237805807E-03   9.7779594541E-05   4.1705810811E-03
   10     -5.5309719964E-03  -1.2807692808E-03   8.6485946956E-04  -5.6210001620E-05   8.9218383868E-05
   11      7.0494052803E-04   4.8683665095E-03   4.1765331894E-03   3.4487220050E-03   1.9916556731E-03
   12     -1.7465753331E-03  -5.0507922122E-04   9.4576883170E-04  -2.1942726647E-04  -2.8353966035E-03
   13      9.8841366356E-04   6.0737851692E-05   1.3074867937E-04   4.7427294389E-04   4.0754544462E-04
   14     -3.0144896652E-04  -4.7646029578E-04  -9.3174392318E-04  -2.9857416989E-04   9.3558738770E-04
   15      7.3425920872E-04   4.3946965337E-04   4.0743023342E-04  -8.2615388705E-05  -3.7245640231E-04
   16      5.4480286820E-05   5.5323212141E-04  -1.0647884047E-03  -9.4911017098E-04   1.9000735864E-03
   17     -2.6858270947E-04  -2.7379393757E-04   2.6630266664E-04  -3.8727752019E-05  -6.2354371514E-04
   18     -6.1635524318E-04   5.2066449836E-04  -4.9797144809E-04  -1.5890002669E-03   1.3256529431E-03
   19     -9.8903743385E-04  -2.7262170798E-03   8.9698779315E-04   1.4249695137E-03  -1.5912807664E-03
   20      6.7890409779E-04   7.3327046981E-04   6.9431364626E-04   9.9321336275E-05  -6.3038456911E-04
   21     -2.0150906405E-03  -3.6156161467E-03  -5.0258208457E-04  -1.1219117996E-03  -1.4008475903E-03
   22      8.4952783014E-03   2.0569571733E-02  -1.3162137104E-03   2.5886664879E-04  -1.5627707732E-04
   23     -6.8430550083E-03  -1.0637983286E-02  -5.8444101197E-04   5.2801526197E-04   7.5085331381E-04
   24     -4.3786532427E-02   5.3567097420E-02  -6.1725412821E-04   3.4481114896E-04   1.2096065121E-03
   25      2.3571568804E-01  -1.5420252805E-01   3.2772766675E-04   1.3496991741E-04  -3.2271743589E-04
   26     -1.5420252805E-01   1.6975969078E-01   6.0167261739E-04  -1.9249532607E-04  -4.0772414208E-04
   27      3.2772766675E-04   6.0167261739E-04   1.9502643827E-02  -1.0831725950E-02   2.0277891283E-02
   28      1.3496991741E-04  -1.9249532607E-04  -1.0831725950E-02   4.4960977137E-01   1.3468953789E-01
   29     -3.2271743589E-04  -4.0772414208E-04   2.0277891283E-02   1.3468953789E-01   9.7695033665E-02
   30     -9.2494451885E-04  -7.2780334158E-04  -4.1972978301E-03  -7.8147031806E-05   1.7684254582E-03
   31     -4.6642702679E-04   2.5345634653E-04   2.8353470569E-03  -1.1401519311E-02   2.5243367203E-02
   32     -7.0649538873E-04   4.1966649939E-04   4.3308692954E-03  -1.2268214422E-02   1.2771634321E-02
   33      2.2526010213E-04   1.9128494122E-04  -2.5370872814E-05   8.1977429678E-05   5.1163349280E-04
   34     -9.0038081728E-05  -1.5976459557E-04   3.4605976485E-05  -3.1914521591E-05  -7.6290357920E-05
   35      1.2508642450E-04   1.5908692688E-04   1.0357130848E-04   4.8280696407E-05   9.5665223201E-05
   36      1.2692751129E-04   4.1816059457E-05  -8.0032055360E-05   2.1184066906E-05   1.1499878197E-04
   37      3.2284159818E-05   3.6262180836E-05  -3.1789060642E-05  -6.9430558841E-05   3.1017964321E-05
   38      7.9495806482E-05   6.1212637615E-05  -4.6863928726E-05   9.3235867406E-05  -1.5780367995E-05
   39     -1.6088678871E-05   9.4251684111E-05  -4.9773270371E-04   2.0691306718E-04   1.7835472888E-04
   40      1.5653497439E-05  -2.0245235343E-05   3.4418056989E-04  -4.2747236607E-05  -3.8876378227E-05
   41      9.2453057903E-06   4.4718691589E-05   2.3944619289E-04  -1.0294248778E-04   9.6212310129E-07
   42      8.6834507276E-05  -2.0790182634E-04   3.6287914618E-05  -1.7770435212E-05   2.5081539723E-05
   43      3.0105116852E-04   1.7900587216E-04  -7.3551352123E-06  -2.5416422106E-05   1.7134840987E-05
   44     -1.8746060312E-04   2.4453332048E-04  -2.8169948220E-06   3.8080974949E-05  -4.3772362027E-05
   45      3.3705472141E-04   1.3515707125E-04   4.1760881962E-04   2.7792430077E-04  -4.1562009241E-04
   46     -5.4325116612E-05   2.9380280108E-04  -6.3584720644E-05  -7.3162443831E-05   1.8122647012E-04
   47     -2.0823924102E-04   1.0413559183E-04  -1.4852330054E-04   8.8636990213E-05   2.8067421774E-04
                   30                 31                 32                 33                 34        
    0      3.6083389086E-04  -1.9920166833E-03   1.2378911790E-03   2.6709665925E-03  -1.3072931561E-03
    1      2.2322354755E-03  -1.4635753279E-03  -1.4883122269E-04   9.2830314822E-04  -3.9766903260E-04
    2      2.1230638742E-03  -1.3539638275E-03   1.3194735309E-03  -3.7298192518E-04   6.1298077709E-05
    3     -6.5040387080E-03   1.9589711886E-03   5.8097496897E-03  -5.2700482452E-04   6.2162906453E-04
    4      1.7820885024E-02   1.1743010309E-02   2.1068011751E-02  -9.6209287662E-03   2.8218496679E-03
    5     -1.4534078878E-02  -4.3491094487E-03  -1.1472147646E-02   1.7599588149E-03   4.9039635817E-04
    6     -1.5303757854E-02   3.6438008098E-02  -6.8193800030E-02  -4.4245925261E-04  -6.2482681531E-05
    7      1.8693723132E-02  -2.8204162691E-01   2.0798346697E-01   2.0251151021E-03  -5.2659186651E-04
    8     -4.5123951073E-02   1.9900459262E-01  -2.6617824602E-01  -1.3404559401E-03   1.6866468310E-04
    9     -1.1341577170E-04  -2.5153111117E-03  -6.8576341804E-03  -2.8133610079E-02   6.1477122663E-03
   10     -7.1056663384E-04   1.7700188628E-03   1.5077659849E-03  -6.0899926374E-03   6.0670030313E-03
   11     -5.5331987599E-03  -1.3359675999E-03  -2.4768474854E-03  -2.9482511432E-02   9.1189203138E-03
   12     -3.4238239898E-04   4.6548672474E-04   2.8553877584E-03  -5.1611694747E-02  -3.5673994646E-02
   13     -1.3460308453E-05   2.9575134371E-04  -3.6932759842E-04  -3.0408208249E-02  -1.3985728160E-01
   14     -1.0499610020E-03   3.8844235887E-05  -1.3262541080E-03  -4.3563064998E-02  -1.2176178250E-01
   15      8.1838023773E-04  -1.0913695464E-04  -4.7528097331E-04   4.8805332065E-03   2.2802415859E-03
   16     -2.1924778106E-04   3.0633400677E-04  -9.7662431285E-04   9.4756955594E-03   6.2406528301E-03
   17     -3.0147487553E-04   2.8867622142E-04   8.4165806302E-04   1.8880932509E-02   5.6391037396E-03
   18     -5.3099231964E-04   5.5769431656E-04  -1.0450759392E-03  -2.2466824267E-03   1.7033602587E-03
   19      2.5122110428E-05  -4.5523488825E-04   1.2044840590E-03   3.7296852470E-03   1.6509400697E-05
   20     -1.1144228811E-04  -1.5469477009E-04   1.9890444447E-04  -8.8640004633E-04   1.7307598265E-03
   21     -5.8415387711E-04   8.7498155316E-04   5.4910208374E-04  -1.7474665597E-04   1.4801761721E-04
   22      4.2660276085E-04  -5.9777482728E-04  -1.6510568915E-04   5.1854019412E-04  -5.4294016630E-04
   23      7.9539909124E-04  -2.8852524387E-04   1.1071303578E-04   5.3315896113E-05   5.7028021967E-04
   24      7.6386985491E-04  -9.0153406430E-04  -4.2690902948E-04   9.3923580905E-05   3.9131874683E-04
   25     -9.2494451885E-04  -4.6642702679E-04  -7.0649538873E-04   2.2526010213E-04  -9.0038081728E-05
   26     -7.2780334158E-04   2.5345634653E-04   4.1966649939E-04   1.9128494122E-04  -1.5976459557E-04
   27     -4.1972978301E-03   2.8353470569E-03   4.3308692954E-03  -2.5370872814E-05   3.4605976485E-05
   28     -7.8147031806E-05  -1.1401519311E-02  -1.2268214422E-02   8.1977429678E-05  -3.1914521591E-05
   29      1.7684254582E-03   2.5243367203E-02   1.2771634321E-02   5.1163349280E-04  -7.6290357920E-05
   30      2.6404693984E-02  -3.7375149215E-02   6.2486255633E-02  -2.7828122426E-04   1.0918358578E-04
   31     -3.7375149215E-02   2.8230345795E-01  -2.1722450559E-01   4.3371346642E-05  -9.1741615531E-05
   32      6.2486255633E-02  -2.1722450559E-01   2.6603061516E-01  -3.4494867878E-04   1.2572293458E-04
   33     -2.7828122426E-04   4.3371346642E-05  -3.4494867878E-04   7.2933003760E-02   3.2759239652E-02
   34      1.0918358578E-04  -9.1741615531E-05   1.2572293458E-04   3.2759239652E-02   1.3823613549E-01
   35      3.9983897494E-06  -5.2768994534E-05  -1.3264521876E-04   5.2270760015E-02   1.2957537425E-01
   36     -3.6151892712E-06  -1.3395550918E-04  -2.0968401551E-04   1.9284711599E-03  -5.4713425270E-03
   37     -5.3818995124E-05   4.9937986970E-05   4.4643892674E-05  -1.0548787466E-03  -1.2747938734E-02
   38     -6.1839994675E-07  -3.2935336439E-05  -1.1823496269E-04  -5.5282827630E-04  -2.6140126747E-02
   39     -1.0688956872E-04  -2.5627517508E-05   2.4727886772E-05   4.1720719662E-04  -1.2611020143E-03
   40      1.0814369444E-04  -1.1569323333E-05  -4.8212075464E-05  -2.2271675270E-03   4.9882779871E-04
   41      2.2457770433E-05   5.4278015488E-06   6.5734110994E-05   3.9427135314E-03   1.3855065383E-03
   42     -3.0371476884E-04  -3.4319727847E-07   1.0318943069E-04   2.7393329231E-05   6.1071776042E-06
   43     -7.8311638288E-05   3.4735895794E-05  -3.6363914640E-06   1.4272588626E-04   1.2012439917E-04
   44      5.2397265662E-06   4.8971097691E-06   1.3750313620E-05  -1.3072989749E-04  -1.0658442103E-04
   45     -7.9238456448E-05  -1.2651640186E-04   1.6089025794E-04   4.8835125776E-04  -4.3354723732E-04
   46      4.3480710732E-05   2.6222879077E-05  -2.8028559330E-05  -5.2039141042E-04   2.8501300107E-04
   47      1.7295830567E-04  -4.1905085221E-05  -6.7774039504E-05  -9.3992728301E-04  -6.1085248814E-04
                   35                 36                 37                 38                 39        
    0     -9.8219812246E-04   1.7766670682E-03  -3.7649302040E-04   7.2648395902E-04   1.9424268672E-03
    1      5.2581139670E-05   1.1802222702E-03   1.5059308678E-04  -4.2888195206E-05   6.6483394333E-04
    2     -2.6853634205E-04  -1.3577955394E-03  -2.2922003404E-05  -3.5081527059E-04  -7.9156423210E-04
    3     -5.9090067444E-04  -4.9813905483E-03   5.0638092288E-04  -1.5683424532E-03   1.3452955438E-03
    4     -2.1000560672E-03  -2.1872927814E-03   1.4482123541E-03  -1.2787518575E-03  -1.8367771896E-03
    5      3.2549030040E-04   2.0035209222E-03  -1.6351915850E-03   1.0912858201E-03  -1.0839126967E-03
    6     -2.0373590366E-04   8.7182348207E-05   2.4842913363E-04  -2.0184439621E-05  -6.8629281746E-04
    7      6.2107337621E-04   1.0837388186E-03  -1.1631525080E-04   3.6899367605E-04   3.2692651719E-04
    8     -6.0129090294E-04  -3.0843866017E-04   2.9197209836E-04  -2.6643761392E-04   2.3427908930E-04
    9     -8.6227135183E-03  -1.7201381209E-02   3.8822040546E-03  -5.6414222892E-03   1.6756926127E-03
   10      6.7627884326E-04   3.7991283509E-02  -4.8365178647E-03   1.0969591357E-02   2.4316261712E-04
   11     -2.8035093609E-03  -1.5500065238E-02   3.4625664308E-03  -2.6668822904E-03  -5.0561616747E-04
   12     -4.3309530997E-02  -3.9998465525E-02  -1.1522090186E-02   6.4348977217E-03  -6.3651146200E-04
   13     -1.2006391408E-01  -2.0514743057E-02  -3.3425544800E-01   5.1066699326E-02   8.3676715073E-03
   14     -2.3894454292E-01   5.3647193189E-03   5.4890952300E-02  -6.7966804303E-02   1.4261179233E-02
   15     -3.4365236514E-03   1.3866335046E-03  -8.0120663098E-04  -4.2897315344E-04  -3.2915519653E-02
   16     -1.5544153534E-02  -2.1968392184E-02  -2.2607712523E-03   2.4609569523E-02  -2.3711246886E-02
   17     -1.9722021976E-02   1.9886642684E-03  -1.4376572373E-03   4.3737366064E-04  -1.5243208926E-02
   18      4.9990208053E-04  -2.0025570996E-03  -2.7113678625E-04   1.6904949201E-03  -3.3540606374E-05
   19     -1.7648273143E-03  -1.3706667860E-04  -1.0817650006E-04   1.6849282607E-03  -1.2913799371E-03
   20      1.8215543984E-03   6.0849652627E-03   2.1984130146E-03  -4.7599799291E-03  -4.3039543627E-03
   21     -3.8630603434E-04  -2.6586477386E-04  -7.9145100224E-05  -2.5899308424E-04   1.2286214717E-04
   22      5.2023425908E-04   1.4739673532E-04   9.4327266949E-05   3.1371018690E-04   2.3946672025E-05
   23      1.6701664918E-04   1.7969698002E-04   1.6559991457E-05  -4.0336347848E-05   5.6840615136E-04
   24      2.6200571311E-04   2.9791549957E-05   1.7458232688E-05   1.3162066083E-04  -1.2427828827E-04
   25      1.2508642450E-04   1.2692751129E-04   3.2284159818E-05   7.9495806482E-05  -1.6088678871E-05
   26      1.5908692688E-04   4.1816059457E-05   3.6262180836E-05   6.1212637615E-05   9.4251684111E-05
   27      1.0357130848E-04  -8.0032055360E-05  -3.1789060642E-05  -4.6863928726E-05  -4.9773270371E-04
   28      4.8280696407E-05   2.1184066906E-05  -6.9430558841E-05   9.3235867406E-05   2.0691306718E-04
   29      9.5665223201E-05   1.1499878197E-04   3.1017964321E-05  -1.5780367995E-05   1.7835472888E-04
   30      3.9983897494E-06  -3.6151892712E-06  -5.3818995124E-05  -6.1839994675E-07  -1.0688956872E-04
   31     -5.2768994534E-05  -1.3395550918E-04   4.9937986970E-05  -3.2935336439E-05  -2.5627517508E-05
   32     -1.3264521876E-04  -2.0968401551E-04   4.4643892674E-05  -1.1823496269E-04   2.4727886772E-05
   33      5.2270760015E-02   1.9284711599E-03  -1.0548787466E-03  -5.5282827630E-04   4.1720719662E-04
   34      1.2957537425E-01  -5.4713425270E-03  -1.2747938734E-02  -2.6140126747E-02  -1.2611020143E-03
   35      2.5542880730E-01   2.5064139092E-03   4.5871720649E-03   7.4662441369E-03   1.5048724805E-03
   36      2.5064139092E-03   6.0380675013E-02   9.4604305707E-03  -7.5854199184E-04  -7.2756760670E-04
   37      4.5871720649E-03   9.4604305707E-03   3.5214121981E-01  -6.2688838640E-02  -7.8194830290E-06
   38      7.4662441369E-03  -7.5854199184E-04  -6.2688838640E-02   6.5976510985E-02  -5.6426435941E-04
