
$orca_hessian_file

$act_atom
  0

$act_coord
  0

$act_energy
        0.000000

$multiplicity
  1

$hessian
48
                    0                  1                  2                  3                  4        
    0      1.4468661563E-01   1.5318679779E-01   1.5553885724E-01  -9.3326140224E-02  -6.2380347970E-02
    1      1.5318679779E-01   7.0721623356E-01  -3.1261766301E-02  -1.3296970887E-01  -3.3955727074E-01
    2      1.5553885724E-01  -3.1261766301E-02   6.5916183032E-01  -2.4304634759E-02  -2.4850841388E-02
    3     -9.3326140224E-02  -1.3296970887E-01  -2.4304634759E-02   3.7341872346E-01   1.3285001417E-01
    4     -6.2380347970E-02  -3.3955727074E-01  -2.4850841388E-02   1.3285001417E-01   7.3667977521E-01
    5     -4.4867103577E-02  -1.8434310519E-02  -1.0458358355E-01   1.8256415546E-01  -4.8991932281E-02
    6     -8.2148440376E-03  -1.6627839897E-02  -2.2806667051E-02  -1.0545443255E-01  -6.1691472865E-02
    7     -3.6297692160E-02  -2.0965637062E-02  -4.1108421419E-02  -6.1613949882E-02  -1.5988729265E-01
    8     -2.6573651989E-02  -2.1754728451E-02  -1.3435135432E-03  -1.0032897111E-01  -5.8789325499E-02
    9      5.0892534840E-02   2.7175234475E-03   3.4029847652E-03  -1.0838195618E-01  -3.8089249776E-02
   10     -4.8335416096E-02  -5.1668034932E-02   5.1956304077E-02   2.4219887053E-02  -1.9635894998E-01
   11      3.4014907407E-02   3.0629842639E-02  -6.6964593425E-03  -2.8589235062E-02   1.3221122057E-01
   12     -6.1223353622E-02  -1.8043984104E-02   1.0436326835E-02   6.7454632537E-03   1.1389737827E-01
   13      8.6823792197E-03   2.7718481611E-03   1.2886128639E-03   1.1297098426E-02  -3.5869923575E-02
   14      2.9686466232E-02   3.8329189517E-03  -3.7800872952E-03  -2.0987440649E-02  -3.4455259320E-02
   15      7.5491186483E-03   7.9327106874E-03  -9.2256260917E-04  -2.5291195162E-02  -1.2111564279E-02
   16      6.6812044492E-02   4.8799881702E-03  -9.5416039274E-03  -8.3593332361E-03  -7.1932307626E-02
   17     -2.9406868080E-02  -3.4267628013E-03   2.9950269505E-03   5.7095226076E-03   4.3021036746E-02
   18      4.7678502547E-02   4.1049853530E-04  -6.8624418636E-03  -3.3240660103E-02  -5.5302341112E-02
   19     -7.1753459172E-02  -2.0627736803E-02   9.4788517950E-03   2.9550498265E-02   7.3413548146E-02
   20     -6.8881854027E-03   4.5548471839E-04  -1.2233097421E-02   1.0748916135E-03   4.4412310130E-03
   21     -2.8200291505E-02  -2.4276647830E-02  -6.0201861883E-02  -8.5895280550E-03  -1.6470193454E-02
   22     -3.4355927174E-02  -9.6922914036E-02  -9.8309750890E-02  -1.5292950252E-03  -2.1484635648E-03
   23     -7.1074474888E-02  -1.0536642398E-01  -3.1319163603E-01   2.8437148725E-03   5.7063617014E-03
   24     -3.6645752953E-02   3.1420231834E-02  -5.0632022380E-02   1.8295912909E-03  -1.1710539684E-02
   25      1.8561387604E-02  -1.8675397040E-01   1.4509432822E-01   1.3670868917E-02  -7.3072691462E-03
   26     -4.1712472990E-02   1.4491027754E-01  -2.1617667675E-01   5.2800041805E-04  -2.4469233281E-03
   27     -2.5678158071E-04  -1.8890135393E-03  -4.2039667326E-03  -6.2379681516E-03  -8.7313079771E-03
   28      2.0163106743E-03   2.4430131779E-03  -1.2308662909E-03  -5.4620339957E-03  -1.2809342532E-02
   29     -2.5106247925E-03   3.2737945399E-04  -4.7198942412E-03  -1.3490794426E-02  -3.5018463633E-02
   30     -2.0561492394E-03  -9.9175834642E-05   9.2880042718E-04  -4.3678453076E-03   1.4517117946E-02
   31     -1.1082931977E-03  -7.3247708623E-04  -6.8257646193E-04  -1.8200898126E-03   1.4432291337E-02
   32      3.4823297598E-03   1.1443304170E-03   4.8364612235E-04  -4.0809587502E-03   1.9704907706E-02
   33      3.9522112842E-03   1.3713968494E-03  -5.3543889470E-04  -3.1924254316E-03  -8.8681576566E-03
   34     -2.4469167099E-03  -7.8624014913E-04   3.1331288398E-04   1.8433348127E-03   5.0321349373E-03
   35     -1.9975067530E-04  -8.4740633656E-06  -9.1724284161E-05  -5.3608388839E-04  -4.4372653173E-04
   36      1.7950098062E-03   1.1674563624E-03  -1.2458579071E-03  -2.2097011547E-03  -1.1878745359E-03
   37     -3.8514535535E-04  -5.5829544580E-05   2.1846442667E-04   7.1173494005E-04   3.2421720774E-04
   38      5.7245491162E-04  -9.0213092119E-05  -2.9973261185E-04  -5.3244572158E-04  -4.4866232938E-04
   39      9.8973185615E-04   3.6623564870E-04  -2.5423934086E-04   1.6270928865E-03  -9.2160184886E-04
   40      2.6393225169E-04   3.2429295811E-04  -1.7810343324E-05  -1.1882258122E-03  -9.8981396594E-04
   41      1.7087567921E-04   4.8526498987E-05   2.3861533106E-04  -4.0508006766E-04  -3.1909589159E-04
   42     -7.4998695368E-03  -2.8816231118E-03   5.4060033534E-03   2.4728239518E-03   5.0393710196E-03
   43      1.6115504326E-03   3.6589702068E-04  -2.4011339852E-03  -4.2159770752E-04  -7.2695500374E-04
   44     -2.2721825353E-03  -1.0808468564E-03   5.2075336865E-04   4.9908050443E-04   1.9083099994E-03
   45     -2.0120541911E-02  -1.7657911804E-03  -3.7512460125E-03   4.1981574767E-03   1.1149568582E-02
   46      5.9097285836E-03   6.8837708656E-05   1.0405802634E-03  -7.6800106467E-04  -2.2943780437E-03
   47      2.0473905099E-03   8.9082327080E-05  -2.8346701519E-04   1.9943808494E-05  -1.2339218130E-03
                    5                  6                  7                  8                  9        
    0     -4.4867103577E-02  -8.2148440376E-03  -3.6297692160E-02  -2.6573651989E-02   5.0892534840E-02
    1     -1.8434310519E-02  -1.6627839897E-02  -2.0965637062E-02  -2.1754728451E-02   2.7175234475E-03
    2     -1.0458358355E-01  -2.2806667051E-02  -4.1108421419E-02  -1.3435135432E-03   3.4029847652E-03
    3      1.8256415546E-01  -1.0545443255E-01  -6.1613949882E-02  -1.0032897111E-01  -1.0838195618E-01
    4     -4.8991932281E-02  -6.1691472865E-02  -1.5988729265E-01  -5.8789325499E-02  -3.8089249776E-02
    5      6.4711766449E-01  -1.1645463091E-01  -7.6669008283E-02  -2.6504116747E-01  -1.0414939434E-02
    6     -1.1645463091E-01   2.5646020247E-01   1.8911530679E-01   2.9813351652E-01   5.4970466641E-03
    7     -7.6669008283E-02   1.8911530679E-01   8.3033578574E-01  -1.5496736059E-01   2.7152143940E-02
    8     -2.6504116747E-01   2.9813351652E-01  -1.5496736059E-01   6.6214553928E-01  -2.9431751652E-02
    9     -1.0414939434E-02   5.4970466641E-03   2.7152143940E-02  -2.9431751652E-02   8.7473530788E-02
   10      1.5255383552E-01   5.7983632171E-03   8.4309130993E-03   1.4681591728E-02   2.6654458366E-02
   11     -2.6165157875E-01  -2.5699559751E-02   4.4692562655E-02  -7.5288268319E-02   1.8943055754E-02
   12     -6.6562126942E-02   2.1596742191E-03  -1.1787201413E-02   9.8353366988E-03   7.2893642227E-02
   13      1.6038368411E-02  -4.7424722704E-04   2.5387216100E-03  -5.9466914941E-03  -3.1579076906E-02
   14      1.2343119493E-02   7.6047536950E-04   7.2076739346E-03   7.0020022754E-04  -2.9196846231E-02
   15      2.6030649314E-02   4.4387930398E-03   1.8287353736E-03  -1.6876154703E-03  -5.3920244714E-02
   16      1.9243440555E-02   1.4709956652E-03   1.1556124417E-02   8.7254570173E-03  -4.9234999653E-02
   17     -1.4840123883E-02   3.1365248746E-03  -4.6289356727E-03   2.8012914279E-03   4.4337512698E-02
   18      1.6942854922E-02   4.7642112366E-03   1.0861067674E-02   9.9160420668E-03  -2.6928653799E-02
   19     -2.4323967821E-02  -6.6181399589E-03  -1.3595364792E-02  -1.0536627011E-02   4.9483685140E-02
   20     -5.6067571006E-03  -1.5960924861E-03  -1.6916082685E-03  -5.7236195963E-04   4.9715432662E-03
   21     -1.7007925221E-02   3.5985274980E-03  -1.9745127979E-03   3.3238589328E-03  -7.7183826968E-03
   22     -2.9135905477E-02  -3.7422247761E-03  -5.3746096252E-03   7.9915872552E-04   2.1949306763E-03
   23      1.3301698069E-04  -7.5337404019E-04  -4.1602275155E-04   8.1052130672E-04   1.7520902901E-03
   24      1.2515301623E-02  -1.7788884769E-03   1.5839611464E-03   2.9142672032E-03   4.7174842409E-03
   25      2.2609114056E-02   4.4513271364E-04   1.1669528168E-03  -1.3061353302E-03  -4.7952970878E-03
   26      7.3765595063E-04   7.3658742071E-04  -5.8337822776E-04  -9.2118600544E-04  -1.4011977761E-03
   27      8.8356586291E-03  -9.4128014855E-02  -1.8894894718E-01  -2.5047422366E-02  -8.2946542999E-04
   28     -1.6167713328E-03  -1.7288579338E-01  -4.1214463153E-01   2.6363457427E-02   2.1915626080E-03
   29      5.2396768686E-03  -1.7424451497E-02   3.4399320818E-02  -5.8787415417E-02   5.1215070322E-03
   30      3.5000775487E-03  -6.4455729244E-02   7.1284614433E-02  -1.3608972768E-01   3.7670102650E-03
   31     -7.9297992041E-03   6.4849682962E-02  -2.4238875981E-01   2.0068855530E-01  -2.2802336239E-03
   32     -1.4183398276E-02  -1.1744697391E-01   1.9318243360E-01  -2.6490162547E-01  -6.0679584161E-03
   33      3.6860902762E-03   8.1415587006E-05   1.2744144607E-03  -1.0292670997E-03  -2.5285272996E-02
   34     -1.8659045773E-03  -1.9902870046E-04  -7.1753220483E-04   5.7428097394E-04   1.3649423205E-02
   35      6.8015926775E-04   3.2754062207E-05  -9.0822697799E-05  -1.5619102628E-04  -1.2841771805E-03
   36      4.4399438059E-03  -2.4726525447E-04   1.9375600112E-04   1.8191240251E-06  -9.3790504853E-03
   37     -1.9054630748E-03   5.9462843427E-05   3.1436910347E-07   2.3058626302E-04   3.3514215758E-03
   38      9.6199137879E-04   7.8972360218E-05  -1.5881236238E-04  -2.4297570827E-04  -1.1641687290E-03
   39      2.8624407042E-04  -1.3533747967E-03   1.5951840242E-04  -4.5228092190E-04   4.3611431436E-04
   40     -6.5067322809E-04   3.8026046221E-05   5.5426230184E-04   9.2951427010E-04  -2.3441817346E-04
   41     -1.3998630848E-03  -6.7866182375E-04   5.8751755566E-04   6.0250497863E-04   2.5259183687E-04
   42      8.0899482313E-05  -4.4592049159E-04  -6.1630287932E-04  -1.3326578231E-03   2.3649057311E-03
   43      3.7345663984E-04   2.2213207878E-04  -5.6865984649E-05  -1.6766007998E-04   6.9056088105E-05
   44     -7.8918137943E-05   9.5988304272E-05  -2.5646731838E-04  -5.4214863201E-04   9.1872703968E-04
   45     -3.5588138919E-03  -9.2140100303E-04  -2.2194504056E-03  -2.1379517860E-03   4.4007572310E-03
   46      7.1060489412E-04   2.4418297307E-04   5.4761930467E-04   4.6635414976E-04  -1.2532406585E-03
   47      1.7210581388E-04  -1.2795008492E-04   5.1090161848E-04   7.3679632913E-04  -7.1792928999E-04
                   10                 11                 12                 13                 14        
    0     -4.8335416096E-02   3.4014907407E-02  -6.1223353622E-02   8.6823792197E-03   2.9686466232E-02
    1     -5.1668034932E-02   3.0629842639E-02  -1.8043984104E-02   2.7718481611E-03   3.8329189517E-03
    2      5.1956304077E-02  -6.6964593425E-03   1.0436326835E-02   1.2886128639E-03  -3.7800872952E-03
    3      2.4219887053E-02  -2.8589235062E-02   6.7454632537E-03   1.1297098426E-02  -2.0987440649E-02
    4     -1.9635894998E-01   1.3221122057E-01   1.1389737827E-01  -3.5869923575E-02  -3.4455259320E-02
    5      1.5255383552E-01  -2.6165157875E-01  -6.6562126942E-02   1.6038368411E-02   1.2343119493E-02
    6      5.7983632171E-03  -2.5699559751E-02   2.1596742191E-03  -4.7424722704E-04   7.6047536950E-04
    7      8.4309130993E-03   4.4692562655E-02  -1.1787201413E-02   2.5387216100E-03   7.2076739346E-03
    8      1.4681591728E-02  -7.5288268319E-02   9.8353366988E-03  -5.9466914941E-03   7.0020022754E-04
    9      2.6654458366E-02   1.8943055754E-02   7.2893642227E-02  -3.1579076906E-02  -2.9196846231E-02
   10      2.6045587056E-01  -2.2393788808E-01  -9.3466839391E-02  -6.3652057117E-03   3.7846138595E-02
   11     -2.2393788808E-01   3.6732284105E-01   4.3369239575E-02   2.4728061485E-03  -4.6656045295E-02
   12     -9.3466839391E-02   4.3369239575E-02   1.2877894859E-01   2.0674444833E-01   1.1226723512E-03
   13     -6.3652057117E-03   2.4728061485E-03   2.0674444833E-01   6.3883116282E-01  -1.9652695719E-02
   14      3.7846138595E-02  -4.6656045295E-02   1.1226723512E-03  -1.9652695719E-02   6.8378191835E-01
   15      2.9155484120E-02   5.9609810474E-04  -7.8748642689E-02  -6.4509619046E-02   8.4270640966E-02
   16      4.6724727664E-02  -2.4435557687E-02  -3.4527152702E-03  -1.4321936358E-01   4.6874619273E-02
   17     -3.7491728853E-02   1.6027266035E-02   6.1665849340E-02   8.3496424985E-02  -2.8002315277E-01
   18      3.0985764510E-02  -1.9182809716E-02   3.1911986319E-02  -2.0513975204E-02  -1.3968126118E-02
   19     -5.2280540030E-02   2.7008913911E-02  -7.2962178737E-02  -1.7183905351E-02   4.3947367830E-02
   20     -1.0401930482E-03   2.3815858043E-03   5.3704637133E-03   3.6956722563E-02   1.0739726076E-03
   21      6.9587089058E-03  -8.9671030019E-04   5.2375483748E-03   4.1385278641E-04  -2.2421414504E-03
   22      1.3571154777E-03   1.4549839433E-03  -9.4296996240E-04  -4.5179373962E-04   9.5625765243E-05
   23     -2.9406553408E-04   1.0252226003E-03  -7.0864501941E-04  -2.4657593634E-04   3.6454225137E-04
   24     -4.7043341651E-03  -2.1599338519E-03  -3.5554754155E-04  -9.1929769931E-04  -4.4003668080E-04
   25     -7.2747163110E-03   1.7485159967E-03  -1.3721414349E-03   9.8250253544E-04   2.9171596728E-04
   26     -1.1179933042E-05   3.5910125228E-03  -3.7515334188E-04   1.2248608571E-04   1.9472303240E-04
   27      2.4939917761E-03   2.6966926504E-03  -6.1519247088E-04  -2.8605583572E-04   6.7108331109E-05
   28     -5.4327959988E-05   2.0637650700E-03  -1.8253854710E-04   8.8903443215E-04  -2.8565932686E-04
   29      7.4505778765E-04   2.5783326394E-03  -2.5522475279E-03   6.0754675071E-04   7.8834147010E-04
   30     -1.5006702777E-03  -5.9755683101E-03   4.6090258837E-04   1.7492951333E-05   8.5002560869E-04
   31      2.3775954982E-03  -3.5607726928E-03   4.3623647931E-04  -5.6633441870E-04  -4.4330989271E-04
   32      7.0015652209E-04  -4.7089677734E-03   1.6659044498E-03  -7.0669933116E-04  -1.6697453945E-03
   33      9.5768662361E-03  -1.6691820905E-02  -4.7351311822E-02  -4.0420577699E-02  -7.0758616056E-02
   34     -2.7683591750E-03   9.1953189561E-03  -4.5648599134E-02  -1.0484151187E-01  -1.0366793223E-01
   35      1.3811421211E-03   9.5125407623E-04  -6.3554683379E-02  -1.0547410734E-01  -2.8903863651E-01
   36      2.2059700323E-02  -5.9603319493E-03  -5.4277534788E-02  -7.6018383276E-02   1.5168704530E-03
   37     -5.2503859598E-03   2.3117331661E-03  -7.7866010628E-02  -3.4054320829E-01   7.5345407949E-03
   38      3.4820330185E-03  -9.3506496090E-05   5.5821312148E-03   3.4707434881E-03  -6.0419777765E-02
   39     -1.2995310610E-04  -6.7179987055E-04   2.2487839311E-03   6.7239455490E-03   1.4171317465E-02
   40      3.8061286698E-04  -3.7315249766E-04   2.3789039706E-03   8.9493288169E-03   1.4212157311E-02
   41     -6.9625170878E-05   1.0667471601E-03  -6.1593490345E-03  -1.3659321011E-02  -2.0275468815E-02
   42     -3.1763603365E-03   1.0540965601E-03   3.8928734986E-03  -1.5838056556E-03   2.6070497007E-03
   43      7.5055360736E-04  -5.2941958296E-04  -2.1817974820E-03  -6.6025601740E-03  -1.1081008605E-03
   44     -1.2799084268E-03   7.7645193404E-04  -9.1910955130E-04   4.5134394168E-04   1.2180820726E-03
   45     -6.5873403020E-03   5.1326356892E-03  -1.1758240070E-02   2.4106509243E-03   2.5561840227E-03
   46      1.5431312914E-03  -9.3424763233E-04   4.4651794224E-03   6.8120833049E-04  -2.2447055480E-03
   47      7.5970479157E-04  -6.2588784669E-04   1.7677873042E-03   7.9594007433E-04   1.3980143326E-03
                   15                 16                 17                 18                 19        
    0      7.5491186483E-03   6.6812044492E-02  -2.9406868080E-02   4.7678502547E-02  -7.1753459172E-02
    1      7.9327106874E-03   4.8799881702E-03  -3.4267628013E-03   4.1049853530E-04  -2.0627736803E-02
    2     -9.2256260917E-04  -9.5416039274E-03   2.9950269505E-03  -6.8624418636E-03   9.4788517950E-03
    3     -2.5291195162E-02  -8.3593332361E-03   5.7095226076E-03  -3.3240660103E-02   2.9550498265E-02
    4     -1.2111564279E-02  -7.1932307626E-02   4.3021036746E-02  -5.5302341112E-02   7.3413548146E-02
    5      2.6030649314E-02   1.9243440555E-02  -1.4840123883E-02   1.6942854922E-02  -2.4323967821E-02
    6      4.4387930398E-03   1.4709956652E-03   3.1365248746E-03   4.7642112366E-03  -6.6181399589E-03
    7      1.8287353736E-03   1.1556124417E-02  -4.6289356727E-03   1.0861067674E-02  -1.3595364792E-02
    8     -1.6876154703E-03   8.7254570173E-03   2.8012914279E-03   9.9160420668E-03  -1.0536627011E-02
    9     -5.3920244714E-02  -4.9234999653E-02   4.4337512698E-02  -2.6928653799E-02   4.9483685140E-02
   10      2.9155484120E-02   4.6724727664E-02  -3.7491728853E-02   3.0985764510E-02  -5.2280540030E-02
   11      5.9609810474E-04  -2.4435557687E-02   1.6027266035E-02  -1.9182809716E-02   2.7008913911E-02
   12     -7.8748642689E-02  -3.4527152702E-03   6.1665849340E-02   3.1911986319E-02  -7.2962178737E-02
   13     -6.4509619046E-02  -1.4321936358E-01   8.3496424985E-02  -2.0513975204E-02  -1.7183905351E-02
   14      8.4270640966E-02   4.6874619273E-02  -2.8002315277E-01  -1.3968126118E-02   4.3947367830E-02
   15      2.4193927479E-01   1.3693533202E-01  -9.7782280384E-02  -7.1360329577E-02  -6.7140916330E-02
   16      1.3693533202E-01   6.7553311618E-01   7.2973535022E-02  -1.1098353794E-01  -3.8388861692E-01
   17     -9.7782280384E-02   7.2973535022E-02   6.7284106433E-01   2.1313139058E-02  -3.3202726828E-02
   18     -7.1360329577E-02  -1.1098353794E-01   2.1313139058E-02   1.6163962350E-01   2.3306158272E-01
   19     -6.7140916330E-02  -3.8388861692E-01  -3.3202726828E-02   2.3306158272E-01   6.6434710195E-01
   20      5.6294552420E-03   3.0296235242E-03  -1.1626896585E-01  -2.3418863799E-02  -8.9119000387E-03
   21     -1.2480479219E-03  -5.2845301862E-03   1.7607319436E-03  -6.7623227845E-03   9.2710965900E-03
   22      2.0754416611E-04   1.2301156233E-03  -3.2689872029E-04   9.4284977049E-04  -2.5195821353E-03
   23      1.4602723020E-04   6.8855192652E-04   3.2733633975E-04  -1.0619469936E-03  -8.5503740246E-04
   24     -1.1384681926E-03  -1.4703538083E-04   5.0893970197E-05  -1.5563872139E-04   3.5560717844E-03
   25      8.6861817736E-04   2.2931167450E-04  -2.5112198432E-04  -6.9143407032E-04  -1.3913129939E-03
   26      3.6362464033E-04   6.6195864220E-04  -1.3170138730E-04   5.8581542225E-04  -2.4687609655E-03
   27     -3.1089389336E-05   1.0241426112E-03  -3.4759892936E-04   1.6890457962E-03  -1.0606015381E-03
   28      3.4579996962E-04  -1.1014108565E-03  -1.0893816182E-04  -1.2012651660E-03   1.1594710756E-03
   29      6.2188619384E-04   1.0505082637E-03  -3.9695488458E-04   4.4104407202E-04  -8.0328317686E-04
   30      2.9467882001E-04   5.0717158751E-04  -1.1866377102E-04   5.8118158082E-04  -1.0495234605E-03
   31     -7.3001666023E-05   1.5997526243E-04   4.8504929184E-04   1.5789301747E-04  -1.5037753230E-04
   32     -4.6172954746E-04  -1.8167387922E-03   6.6603597654E-04  -1.4975209748E-03   2.0781737719E-03
   33      4.1020899036E-03   1.6781168810E-03   2.1064604783E-02  -4.3920655231E-03   6.3739329115E-03
   34      5.1362755417E-03   1.0616501571E-02   6.5475472778E-03   3.1401609069E-03  -2.2326387359E-03
   35     -6.1340899821E-03  -1.2535287875E-02  -1.9572741583E-02   1.1231891618E-04  -1.5812170152E-03
   36      7.3338981606E-04  -1.8431707046E-02  -1.2615434926E-03   9.8035125257E-04  -8.3679315705E-04
   37     -1.0407688282E-03  -3.2778427819E-03  -3.7365349890E-03  -1.7469608995E-03   7.4156490569E-05
   38      3.9564958813E-03   2.5717474969E-02   5.1862294492E-03   2.2554075886E-03   1.9965933383E-03
   39     -3.6904259784E-02  -2.5351318580E-02  -2.4827560568E-02   3.6240831012E-04  -1.8929899207E-03
   40     -1.9421820699E-02  -1.2724647033E-01  -1.2316963553E-01  -4.9292369540E-03  -1.2440802494E-02
   41     -1.4000752072E-02  -1.2825797171E-01  -2.7607484966E-01   7.6024453993E-05   3.8406342312E-03
   42      4.1979573559E-03   8.3436339720E-04   1.0548672134E-03  -6.2468489399E-02  -5.1456255806E-02
   43     -1.0900009123E-02  -5.7350199582E-03   2.8627996897E-02  -4.2361144219E-02  -1.1625542517E-01
   44     -1.3164933855E-03  -2.9387550766E-03   3.4443490234E-03   7.3644776206E-02   1.1410706889E-01
   45      5.3869750527E-03   1.1985946341E-02  -6.3538221252E-03  -4.4299150636E-02  -5.6519427752E-02
   46     -7.2157357814E-03  -1.4528828516E-02  -2.8791655937E-02  -4.1836503139E-02  -1.1642797471E-01
   47      6.9533674051E-04   5.4409513347E-04   3.0198904752E-03  -5.9286449481E-02  -1.1977635702E-01
                   20                 21                 22                 23                 24        
    0     -6.8881854027E-03  -2.8200291505E-02  -3.4355927174E-02  -7.1074474888E-02  -3.6645752953E-02
    1      4.5548471839E-04  -2.4276647830E-02  -9.6922914036E-02  -1.0536642398E-01   3.1420231834E-02
    2     -1.2233097421E-02  -6.0201861883E-02  -9.8309750890E-02  -3.1319163603E-01  -5.0632022380E-02
    3      1.0748916135E-03  -8.5895280550E-03  -1.5292950252E-03   2.8437148725E-03   1.8295912909E-03
    4      4.4412310130E-03  -1.6470193454E-02  -2.1484635648E-03   5.7063617014E-03  -1.1710539684E-02
    5     -5.6067571006E-03  -1.7007925221E-02  -2.9135905477E-02   1.3301698069E-04   1.2515301623E-02
    6     -1.5960924861E-03   3.5985274980E-03  -3.7422247761E-03  -7.5337404019E-04  -1.7788884769E-03
    7     -1.6916082685E-03  -1.9745127979E-03  -5.3746096252E-03  -4.1602275155E-04   1.5839611464E-03
    8     -5.7236195963E-04   3.3238589328E-03   7.9915872552E-04   8.1052130672E-04   2.9142672032E-03
    9      4.9715432662E-03  -7.7183826968E-03   2.1949306763E-03   1.7520902901E-03   4.7174842409E-03
   10     -1.0401930482E-03   6.9587089058E-03   1.3571154777E-03  -2.9406553408E-04  -4.7043341651E-03
   11      2.3815858043E-03  -8.9671030019E-04   1.4549839433E-03   1.0252226003E-03  -2.1599338519E-03
   12      5.3704637133E-03   5.2375483748E-03  -9.4296996240E-04  -7.0864501941E-04  -3.5554754155E-04
   13      3.6956722563E-02   4.1385278641E-04  -4.5179373962E-04  -2.4657593634E-04  -9.1929769931E-04
   14      1.0739726076E-03  -2.2421414504E-03   9.5625765243E-05   3.6454225137E-04  -4.4003668080E-04
   15      5.6294552420E-03  -1.2480479219E-03   2.0754416611E-04   1.4602723020E-04  -1.1384681926E-03
   16      3.0296235242E-03  -5.2845301862E-03   1.2301156233E-03   6.8855192652E-04  -1.4703538083E-04
   17     -1.1626896585E-01   1.7607319436E-03  -3.2689872029E-04   3.2733633975E-04   5.0893970197E-05
   18     -2.3418863799E-02  -6.7623227845E-03   9.4284977049E-04  -1.0619469936E-03  -1.5563872139E-04
   19     -8.9119000387E-03   9.2710965900E-03  -2.5195821353E-03  -8.5503740246E-04   3.5560717844E-03
   20      6.8432871065E-01   6.2445074826E-03  -1.7587655876E-03  -1.8754513974E-03  -3.9700365420E-03
   21      6.2445074826E-03   4.5568711317E-02   3.2487915535E-02   7.1586938612E-02  -1.5285974876E-03
   22     -1.7587655876E-03   3.2487915535E-02   9.4493354441E-02   1.0944615867E-01   5.2034235077E-03
   23     -1.8754513974E-03   7.1586938612E-02   1.0944615867E-01   3.2251655206E-01  -2.7715751343E-03
   24     -3.9700365420E-03  -1.5285974876E-03   5.2034235077E-03  -2.7715751343E-03   3.4651402094E-02
   25      8.8220668883E-04  -1.8664075959E-03   1.0240946103E-02  -9.7711034233E-03  -2.4448617640E-02
   26      8.3864204224E-04  -2.7060299538E-03   1.8585267607E-02  -1.2053636152E-02   4.4150342575E-02
   27      2.4645045669E-04   1.6216012476E-03  -1.5514560146E-03  -3.9870686928E-04  -8.1468549718E-04
   28      1.4417241634E-04  -1.4201438499E-03   2.9878256459E-04   3.7097573905E-04   4.4619397007E-04
   29     -3.3307752123E-04  -1.3297375755E-03  -9.4735267200E-04   2.6560824478E-04   5.7698421154E-04
   30     -1.8217602831E-04  -3.1125717584E-04   9.4134445756E-05   4.4439152099E-04   9.0307057529E-04
   31     -1.6798265718E-04   4.7401348705E-04  -4.2078915015E-04   1.8058390325E-04  -4.5954804788E-04
   32      3.5989101799E-04   7.0672351774E-04  -1.6397340355E-04  -6.2060887284E-06  -9.4157667559E-04
   33     -3.5835133891E-04  -5.0896574645E-04   3.0640627919E-04   6.5899837615E-05  -1.3455282726E-04
   34      1.2924560198E-03   3.8870823890E-04  -3.0632795304E-04   6.4243025828E-05   9.8734836523E-05
   35      1.6948547324E-03  -1.5990567001E-04   1.4187899824E-04   4.8874677865E-05   6.3590800890E-05
   36      5.2984205368E-03  -4.7082354778E-04   1.4630432367E-04   1.0796441840E-04   2.9790839919E-04
   37      1.9244051151E-03   8.2085137130E-05  -1.7424667383E-05  -2.7517857732E-07  -8.0351235946E-05
   38     -4.4289581215E-03  -1.9627553653E-04   1.3062815104E-04  -2.0095188704E-05   1.1527130648E-04
   39     -6.1801013713E-03  -8.9538827549E-05   5.3255170794E-05   2.6809933834E-04  -3.1736104563E-05
   40     -2.9752313343E-02  -1.3838899360E-04   4.0273443365E-05   6.1357500629E-05   2.6234049032E-05
   41      4.2466240327E-03  -3.0848776393E-05   7.4829070530E-05   2.7486838784E-05   3.8342197520E-05
   42      7.6256737415E-02  -6.0503064735E-04   2.4083161397E-04   1.8926027598E-04   7.5489845989E-04
   43      1.1057071677E-01   3.0812775395E-04   1.5462632926E-05  -1.2509918646E-04  -8.8990557253E-05
   44     -2.7371961808E-01   1.6265592073E-04   6.1830131130E-05   1.5197584714E-04   4.7033295627E-04
   45     -6.2507926518E-02   6.3979579214E-06   2.3875484162E-04  -6.4620979412E-04  -5.7048725748E-04
   46     -1.1637198237E-01   1.0518388959E-03   4.8585458549E-04   5.6144635755E-04   2.4301171822E-04
   47     -2.7988599345E-01   9.9656630133E-04  -1.5278974280E-04   1.4758877115E-03   2.5982236249E-06
                   25                 26                 27                 28                 29        
    0      1.8561387604E-02  -4.1712472990E-02  -2.5678158071E-04   2.0163106743E-03  -2.5106247925E-03
    1     -1.8675397040E-01   1.4491027754E-01  -1.8890135393E-03   2.4430131779E-03   3.2737945399E-04
    2      1.4509432822E-01  -2.1617667675E-01  -4.2039667326E-03  -1.2308662909E-03  -4.7198942412E-03
    3      1.3670868917E-02   5.2800041805E-04  -6.2379681516E-03  -5.4620339957E-03  -1.3490794426E-02
    4     -7.3072691462E-03  -2.4469233281E-03  -8.7313079771E-03  -1.2809342532E-02  -3.5018463633E-02
    5      2.2609114056E-02   7.3765595063E-04   8.8356586291E-03  -1.6167713328E-03   5.2396768686E-03
    6      4.4513271364E-04   7.3658742071E-04  -9.4128014855E-02  -1.7288579338E-01  -1.7424451497E-02
    7      1.1669528168E-03  -5.8337822776E-04  -1.8894894718E-01  -4.1214463153E-01   3.4399320818E-02
    8     -1.3061353302E-03  -9.2118600544E-04  -2.5047422366E-02   2.6363457427E-02  -5.8787415417E-02
    9     -4.7952970878E-03  -1.4011977761E-03  -8.2946542999E-04   2.1915626080E-03   5.1215070322E-03
   10     -7.2747163110E-03  -1.1179933042E-05   2.4939917761E-03  -5.4327959988E-05   7.4505778765E-04
   11      1.7485159967E-03   3.5910125228E-03   2.6966926504E-03   2.0637650700E-03   2.5783326394E-03
   12     -1.3721414349E-03  -3.7515334188E-04  -6.1519247088E-04  -1.8253854710E-04  -2.5522475279E-03
   13      9.8250253544E-04   1.2248608571E-04  -2.8605583572E-04   8.8903443215E-04   6.0754675071E-04
   14      2.9171596728E-04   1.9472303240E-04   6.7108331109E-05  -2.8565932686E-04   7.8834147010E-04
   15      8.6861817736E-04   3.6362464033E-04  -3.1089389336E-05   3.4579996962E-04   6.2188619384E-04
   16      2.2931167450E-04   6.6195864220E-04   1.0241426112E-03  -1.1014108565E-03   1.0505082637E-03
   17     -2.5112198432E-04  -1.3170138730E-04  -3.4759892936E-04  -1.0893816182E-04  -3.9695488458E-04
   18     -6.9143407032E-04   5.8581542225E-04   1.6890457962E-03  -1.2012651660E-03   4.4104407202E-04
   19     -1.3913129939E-03  -2.4687609655E-03  -1.0606015381E-03   1.1594710756E-03  -8.0328317686E-04
   20      8.8220668883E-04   8.3864204224E-04   2.4645045669E-04   1.4417241634E-04  -3.3307752123E-04
   21     -1.8664075959E-03  -2.7060299538E-03   1.6216012476E-03  -1.4201438499E-03  -1.3297375755E-03
   22      1.0240946103E-02   1.8585267607E-02  -1.5514560146E-03   2.9878256459E-04  -9.4735267200E-04
   23     -9.7711034233E-03  -1.2053636152E-02  -3.9870686928E-04   3.7097573905E-04   2.6560824478E-04
   24     -2.4448617640E-02   4.4150342575E-02  -8.1468549718E-04   4.4619397007E-04   5.7698421154E-04
   25      1.9060554240E-01  -1.5857735220E-01   1.6412365321E-04   8.0450621175E-05  -1.4084128050E-04
   26     -1.5857735220E-01   2.2274518847E-01   5.7649313767E-04  -8.3522607647E-05  -1.1935587854E-04
   27      1.6412365321E-04   5.7649313767E-04   9.6875957021E-02   1.8310327731E-01   1.4913812659E-02
   28      8.0450621175E-05  -8.3522607647E-05   1.8310327731E-01   4.3037869080E-01  -1.9940532942E-02
   29     -1.4084128050E-04  -1.1935587854E-04   1.4913812659E-02  -1.9940532942E-02   5.2826288043E-02
   30     -1.1146362578E-03  -6.2411839279E-04   3.3482260310E-03  -7.4560493680E-03   1.5419057470E-02
   31     -7.5863742073E-04  -3.0156101107E-04   1.5292003072E-02  -8.9324787925E-03   1.9788176805E-02
   32     -3.5417441337E-04   8.2739598167E-04   2.7310741507E-03  -5.8825827329E-03   2.7467624707E-03
   33      2.2597418045E-04   1.4675088462E-04  -3.1716425352E-06   8.1428950019E-05   2.8162982131E-04
   34     -1.6348636145E-04  -1.2015626556E-04   9.5180880774E-05  -1.3522180523E-04  -1.3405219705E-04
   35      2.1114438891E-05   3.9183736493E-05  -3.2584930222E-06   7.6865270100E-05  -3.3450540126E-05
   36     -2.7462674181E-05  -7.7395881012E-05  -1.0281435904E-04   1.3762433427E-04  -5.9811560037E-05
   37      5.5348720284E-05   3.4421013850E-05   1.1720493119E-04  -1.0588641093E-04   4.2612213444E-05
   38     -4.2298486362E-06   7.0825882021E-06  -2.4866473601E-04   1.9503977148E-04   5.8855977219E-06
   39     -8.1904238805E-06   4.9276921127E-05  -4.3664474272E-04   4.2885314226E-05   1.1903912779E-04
   40     -1.0274049121E-05  -5.7737984266E-06   1.4668926388E-04   9.1085364370E-05  -6.7624521993E-06
   41     -1.1755216103E-05  -1.3701167168E-06   2.5209818247E-04  -9.9145156564E-05  -9.2825583479E-05
   42      5.3199603587E-05  -3.8459693031E-04   4.1728539637E-05  -3.5331131863E-07  -7.3471321320E-05
   43      3.2794403112E-04   1.5608200437E-04  -1.0238594537E-05  -8.8354309328E-06   3.2225164545E-05
   44     -1.3529933578E-04   2.7064028300E-04  -2.0272003415E-05   2.7040478485E-05  -3.0000311696E-05
   45      3.1573389877E-04   1.6133004439E-04  -1.2073051697E-04   2.4844962696E-04  -6.0641647514E-05
   46     -2.9332211433E-05   1.3010319035E-04   3.5652038974E-05  -4.8392721674E-05  -1.3096261748E-05
   47     -9.6970075640E-05   1.5240168456E-04  -4.2678307202E-05   1.8259737579E-05   6.2079043800E-05
                   30                 31                 32                 33                 34        
    0     -2.0561492394E-03  -1.1082931977E-03   3.4823297598E-03   3.9522112842E-03  -2.4469167099E-03
    1     -9.9175834642E-05  -7.3247708623E-04   1.1443304170E-03   1.3713968494E-03  -7.8624014913E-04
    2      9.2880042718E-04  -6.8257646193E-04   4.8364612235E-04  -5.3543889470E-04   3.1331288398E-04
    3     -4.3678453076E-03  -1.8200898126E-03  -4.0809587502E-03  -3.1924254316E-03   1.8433348127E-03
    4      1.4517117946E-02   1.4432291337E-02   1.9704907706E-02  -8.8681576566E-03   5.0321349373E-03
    5      3.5000775487E-03  -7.9297992041E-03  -1.4183398276E-02   3.6860902762E-03  -1.8659045773E-03
    6     -6.4455729244E-02   6.4849682962E-02  -1.1744697391E-01   8.1415587006E-05  -1.9902870046E-04
    7      7.1284614433E-02  -2.4238875981E-01   1.9318243360E-01   1.2744144607E-03  -7.1753220483E-04
    8     -1.3608972768E-01   2.0068855530E-01  -2.6490162547E-01  -1.0292670997E-03   5.7428097394E-04
    9      3.7670102650E-03  -2.2802336239E-03  -6.0679584161E-03  -2.5285272996E-02   1.3649423205E-02
   10     -1.5006702777E-03   2.3775954982E-03   7.0015652209E-04   9.5768662361E-03  -2.7683591750E-03
   11     -5.9755683101E-03  -3.5607726928E-03  -4.7089677734E-03  -1.6691820905E-02   9.1953189561E-03
   12      4.6090258837E-04   4.3623647931E-04   1.6659044498E-03  -4.7351311822E-02  -4.5648599134E-02
   13      1.7492951333E-05  -5.6633441870E-04  -7.0669933116E-04  -4.0420577699E-02  -1.0484151187E-01
   14      8.5002560869E-04  -4.4330989271E-04  -1.6697453945E-03  -7.0758616056E-02  -1.0366793223E-01
   15      2.9467882001E-04  -7.3001666023E-05  -4.6172954746E-04   4.1020899036E-03   5.1362755417E-03
   16      5.0717158751E-04   1.5997526243E-04  -1.8167387922E-03   1.6781168810E-03   1.0616501571E-02
   17     -1.1866377102E-04   4.8504929184E-04   6.6603597654E-04   2.1064604783E-02   6.5475472778E-03
   18      5.8118158082E-04   1.5789301747E-04  -1.4975209748E-03  -4.3920655231E-03   3.1401609069E-03
   19     -1.0495234605E-03  -1.5037753230E-04   2.0781737719E-03   6.3739329115E-03  -2.2326387359E-03
   20     -1.8217602831E-04  -1.6798265718E-04   3.5989101799E-04  -3.5835133891E-04   1.2924560198E-03
   21     -3.1125717584E-04   4.7401348705E-04   7.0672351774E-04  -5.0896574645E-04   3.8870823890E-04
   22      9.4134445756E-05  -4.2078915015E-04  -1.6397340355E-04   3.0640627919E-04  -3.0632795304E-04
   23      4.4439152099E-04   1.8058390325E-04  -6.2060887284E-06   6.5899837615E-05   6.4243025828E-05
   24      9.0307057529E-04  -4.5954804788E-04  -9.4157667559E-04  -1.3455282726E-04   9.8734836523E-05
   25     -1.1146362578E-03  -7.5863742073E-04  -3.5417441337E-04   2.2597418045E-04  -1.6348636145E-04
   26     -6.2411839279E-04  -3.0156101107E-04   8.2739598167E-04   1.4675088462E-04  -1.2015626556E-04
   27      3.3482260310E-03   1.5292003072E-02   2.7310741507E-03  -3.1716425352E-06   9.5180880774E-05
   28     -7.4560493680E-03  -8.9324787925E-03  -5.8825827329E-03   8.1428950019E-05  -1.3522180523E-04
   29      1.5419057470E-02   1.9788176805E-02   2.7467624707E-03   2.8162982131E-04  -1.3405219705E-04
   30      6.2601519556E-02  -7.5326988327E-02   1.2172942126E-01   1.4146373059E-04  -7.2882678535E-05
   31     -7.5326988327E-02   2.3696040738E-01  -2.0798253916E-01  -1.1670337608E-04   5.7317997586E-05
   32      1.2172942126E-01  -2.0798253916E-01   2.8034236630E-01  -3.4684220244E-04   2.4546225398E-04
   33      1.4146373059E-04  -1.1670337608E-04  -3.4684220244E-04   6.7282779992E-02   3.4540621094E-02
   34     -7.2882678535E-05   5.7317997586E-05   2.4546225398E-04   3.4540621094E-02   1.0199617724E-01
   35      4.8161899692E-05  -5.1069489650E-05   4.4340042514E-05   6.7628016439E-02   1.1216463054E-01
   36     -8.4793157901E-06   1.7251281912E-05  -5.3429866052E-05   1.6302110490E-03  -6.8010536622E-03
   37     -1.5115848824E-06  -8.7010418401E-06   9.1310384565E-06  -2.5759613792E-03  -6.4497986921E-03
   38      7.1020127465E-06  -3.4387814663E-05  -5.9547318651E-05  -5.6718665467E-03  -2.6090000887E-02
   39     -2.3147814019E-04   7.0473914544E-05  -1.4190868966E-05   2.8746137601E-03  -2.6116876412E-03
   40      2.3933979968E-04  -6.5213250094E-05  -1.2642934649E-04  -3.0682041369E-03   4.5390401671E-04
   41     -2.5831419325E-05   1.2331855574E-05   9.4425241839E-05   3.5657691345E-03   1.6207234446E-03
   42     -4.3936127527E-04  -1.3914975728E-05   2.4121171976E-04   1.1789098759E-04  -4.5551106399E-05
   43     -6.3866242655E-05   3.0373209804E-05   1.6866869002E-05   1.4616783886E-04  -5.9979578989E-05
   44     -7.2560567537E-05   1.1348174811E-06   7.0894638125E-05  -5.5839996865E-05  -1.6884605562E-04
   45     -2.2775344882E-04  -8.9834389540E-05   3.5461945425E-04   6.8508969465E-04  -1.0706423675E-03
   46      1.6486070505E-05   5.8078256537E-06  -5.5609587158E-05  -5.2179895049E-04   3.0506075566E-04
   47      1.6150531878E-04   5.4509919957E-06  -1.0626747452E-04  -9.9685762897E-04   2.9198810080E-05
                   35                 36                 37                 38                 39        
    0     -1.9975067530E-04   1.7950098062E-03  -3.8514535535E-04   5.7245491162E-04   9.8973185615E-04
    1     -8.4740633656E-06   1.1674563624E-03  -5.5829544580E-05  -9.0213092119E-05   3.6623564870E-04
    2     -9.1724284161E-05  -1.2458579071E-03   2.1846442667E-04  -2.9973261185E-04  -2.5423934086E-04
    3     -5.3608388839E-04  -2.2097011547E-03   7.1173494005E-04  -5.3244572158E-04   1.6270928865E-03
    4     -4.4372653173E-04  -1.1878745359E-03   3.2421720774E-04  -4.4866232938E-04  -9.2160184886E-04
    5      6.8015926775E-04   4.4399438059E-03  -1.9054630748E-03   9.6199137879E-04   2.8624407042E-04
    6      3.2754062207E-05  -2.4726525447E-04   5.9462843427E-05   7.8972360218E-05  -1.3533747967E-03
    7     -9.0822697799E-05   1.9375600112E-04   3.1436910347E-07  -1.5881236238E-04   1.5951840242E-04
    8     -1.5619102628E-04   1.8191240251E-06   2.3058626302E-04  -2.4297570827E-04  -4.5228092190E-04
    9     -1.2841771805E-03  -9.3790504853E-03   3.3514215758E-03  -1.1641687290E-03   4.3611431436E-04
   10      1.3811421211E-03   2.2059700323E-02  -5.2503859598E-03   3.4820330185E-03  -1.2995310610E-04
   11      9.5125407623E-04  -5.9603319493E-03   2.3117331661E-03  -9.3506496090E-05  -6.7179987055E-04
   12     -6.3554683379E-02  -5.4277534788E-02  -7.7866010628E-02   5.5821312148E-03   2.2487839311E-03
   13     -1.0547410734E-01  -7.6018383276E-02  -3.4054320829E-01   3.4707434881E-03   6.7239455490E-03
   14     -2.8903863651E-01   1.5168704530E-03   7.5345407949E-03  -6.0419777765E-02   1.4171317465E-02
   15     -6.1340899821E-03   7.3338981606E-04  -1.0407688282E-03   3.9564958813E-03  -3.6904259784E-02
   16     -1.2535287875E-02  -1.8431707046E-02  -3.2778427819E-03   2.5717474969E-02  -2.5351318580E-02
   17     -1.9572741583E-02  -1.2615434926E-03  -3.7365349890E-03   5.1862294492E-03  -2.4827560568E-02
   18      1.1231891618E-04   9.8035125257E-04  -1.7469608995E-03   2.2554075886E-03   3.6240831012E-04
   19     -1.5812170152E-03  -8.3679315705E-04   7.4156490569E-05   1.9965933383E-03  -1.8929899207E-03
   20      1.6948547324E-03   5.2984205368E-03   1.9244051151E-03  -4.4289581215E-03  -6.1801013713E-03
   21     -1.5990567001E-04  -4.7082354778E-04   8.2085137130E-05  -1.9627553653E-04  -8.9538827549E-05
   22      1.4187899824E-04   1.4630432367E-04  -1.7424667383E-05   1.3062815104E-04   5.3255170794E-05
   23      4.8874677865E-05   1.0796441840E-04  -2.7517857732E-07  -2.0095188704E-05   2.6809933834E-04
   24      6.3590800890E-05   2.9790839919E-04  -8.0351235946E-05   1.1527130648E-04  -3.1736104563E-05
   25      2.1114438891E-05  -2.7462674181E-05   5.5348720284E-05  -4.2298486362E-06  -8.1904238805E-06
   26      3.9183736493E-05  -7.7395881012E-05   3.4421013850E-05   7.0825882021E-06   4.9276921127E-05
   27     -3.2584930222E-06  -1.0281435904E-04   1.1720493119E-04  -2.4866473601E-04  -4.3664474272E-04
   28      7.6865270100E-05   1.3762433427E-04  -1.0588641093E-04   1.9503977148E-04   4.2885314226E-05
   29     -3.3450540126E-05  -5.9811560037E-05   4.2612213444E-05   5.8855977219E-06   1.1903912779E-04
   30      4.8161899692E-05  -8.4793157901E-06  -1.5115848824E-06   7.1020127465E-06  -2.3147814019E-04
   31     -5.1069489650E-05   1.7251281912E-05  -8.7010418401E-06  -3.4387814663E-05   7.0473914544E-05
   32      4.4340042514E-05  -5.3429866052E-05   9.1310384565E-06  -5.9547318651E-05  -1.4190868966E-05
   33      6.7628016439E-02   1.6302110490E-03  -2.5759613792E-03  -5.6718665467E-03   2.8746137601E-03
   34      1.1216463054E-01  -6.8010536622E-03  -6.4497986921E-03  -2.6090000887E-02  -2.6116876412E-03
   35      3.0298270285E-01   2.0872496097E-03   2.8540148014E-03   4.5550357669E-03   1.5687328250E-03
   36      2.0872496097E-03   6.3921866282E-02   7.8168465587E-02  -4.6590027078E-03  -2.5164208462E-03
   37      2.8540148014E-03   7.8168465587E-02   3.5517931750E-01  -9.5111396026E-03   1.0141949092E-03
   38      4.5550357669E-03  -4.6590027078E-03  -9.5111396026E-03   5.3388347166E-02  -8.0719789227E-04
