
$orca_hessian_file

$act_atom
  0

$act_coord
  0

$act_energy
        0.000000

$multiplicity
  1

$hessian
45
                    0                  1                  2                  3                  4        
    0      7.4357098644E-01   6.9702875285E-02  -7.5772026224E-03  -2.0388055358E-01  -1.5984223380E-01
    1      6.9702875285E-02   8.1296829060E-01  -1.7293437299E-01  -1.6248099391E-01  -4.5195271030E-01
    2     -7.5772026224E-03  -1.7293437299E-01   1.3801094148E-01   3.7187873377E-02   9.3727343869E-02
    3     -2.0388055358E-01  -1.6248099391E-01   3.7187873377E-02   6.8964488392E-01   9.3856974096E-02
    4     -1.5984223380E-01  -4.5195271030E-01   9.3727343869E-02   9.3856974096E-02   8.1031065826E-01
    5      3.6775527278E-02   9.3483425464E-02  -7.9418806976E-02  -1.2904801199E-02  -1.6030890739E-01
    6      1.5851885936E-02  -4.2987994872E-03   1.1526090847E-03  -1.3477942070E-01   9.6279433680E-02
    7      1.2320366898E-02  -4.0558258181E-02   1.1534798208E-02   1.0571503557E-01  -2.2570704478E-01
    8     -2.8995362639E-03   1.1162020882E-02   3.4301747644E-03  -2.6943574249E-02   4.1412805347E-02
    9     -5.8199136310E-03  -3.3683883256E-04  -1.1492058240E-05   1.2998767629E-02   1.2261169403E-02
   10      4.1702381480E-03   3.9808661371E-03  -6.7465324457E-04   3.4180678521E-03  -2.3023453390E-03
   11     -1.1148382338E-03  -7.3105056417E-04   1.0685941958E-03  -8.5314217063E-04   4.5704743983E-03
   12     -4.3441100083E-02  -2.4123501283E-02   5.1004475334E-03  -3.2555545052E-01  -7.2824249201E-02
   13     -4.2647268638E-02   3.1828715045E-03   1.9979363943E-03  -2.6570292468E-02  -1.1808769215E-01
   14      9.1749072612E-03   2.5247220555E-03   1.3186413540E-02   8.9941813817E-04   1.5979327229E-02
   15      4.4595677935E-03   2.4229702097E-03  -4.6640028678E-04  -5.1676735573E-02   3.0329852621E-02
   16     -1.0889732273E-02  -1.0316711213E-05  -5.7397659152E-04   9.2788243445E-03   4.8875036698E-03
   17      2.9079206131E-03  -1.8432287457E-04  -8.9385583545E-04  -3.5459447811E-03  -1.0498563354E-03
   18      2.4682327197E-04   5.2523714306E-04  -1.2065979820E-04  -2.4897771861E-03   1.5522457366E-03
   19      1.2962273467E-04  -1.1350414353E-04   1.6541400225E-04   1.0368917358E-03  -5.2016837769E-03
   20     -4.2678493039E-05   8.4447112765E-05   4.2608887345E-04   6.6183395305E-04   1.0146837419E-03
   21     -3.9607510631E-04  -2.7534378312E-04   2.6536225698E-06   1.3510286586E-03   1.2988619630E-03
   22     -7.2343825148E-05  -1.1057981519E-04  -8.3308289683E-05  -1.2707808415E-04   8.6641110935E-04
   23     -1.7441875595E-04  -7.3323851771E-05  -8.1707935884E-06  -4.1739302391E-04   1.6594382857E-04
   24     -3.7132801178E-01  -1.1458235539E-02  -2.2796620856E-03  -1.0023420283E-02   4.4731961399E-03
   25     -2.9854638602E-03  -5.5509713250E-02   6.6054587430E-03  -3.0231313186E-02   2.5685562083E-03
   26     -4.3377688455E-03   6.5737998814E-03  -2.9657993395E-02   7.1022472519E-03  -1.1111341099E-03
   27     -1.3893566120E-01   1.3461649291E-01  -3.4111261832E-02   1.2516067231E-02  -1.3976218368E-02
   28      1.2834115272E-01  -2.7338736194E-01   6.0678396330E-02   1.6458562816E-02  -1.5308288257E-02
   29     -3.2538706647E-02   6.0734246029E-02  -4.5534779926E-02  -3.8805019834E-03   5.2453523408E-03
   30     -8.7342431522E-05  -2.0396105688E-03   4.5463451997E-04   5.9917078636E-03   3.5989606732E-03
   31      9.0397940995E-04   6.7485322531E-04   1.0435269455E-04  -5.5220749881E-03  -3.2630967194E-04
   32     -1.2225718527E-04  -1.1851085155E-03  -1.4877952472E-04   7.1084882175E-05   3.2743602638E-04
   33     -1.6652451695E-04  -2.2241393583E-03   6.1867084069E-04   6.1859346889E-03   2.8617730501E-03
   34      8.2706672527E-04   9.4470230347E-04  -6.9383239341E-04  -5.1605297979E-03  -1.2659683700E-04
   35     -3.7395520679E-04   4.1733094418E-04  -3.8339710663E-04   3.2446382382E-03   3.2440113779E-04
   36     -1.6478334336E-05  -1.9300862964E-05   9.0136588070E-05  -4.4825821199E-04  -1.5387340295E-05
   37      3.1570514741E-05  -8.7695525597E-05   6.7463199217E-05   1.4743753952E-04   2.7001527629E-04
   38      1.5565264405E-04   7.4210345540E-05  -5.1042004573E-05  -3.9835214813E-04   3.2430606290E-05
   39     -1.0213398796E-04  -5.9122860019E-05   6.8843023304E-07   3.2975347639E-04   9.7853151022E-05
   40      1.9228715655E-07  -6.8448088258E-06   4.3960597988E-05   9.2214764511E-05   2.6002070083E-04
   41      1.0705134925E-04   4.2674424137E-05  -1.7497697599E-05  -1.0739654922E-04  -6.0193339014E-04
   42      4.4531203146E-05   2.9310558034E-05  -3.4466862222E-05  -1.6452740959E-04   5.2616097234E-05
   43      2.8978039860E-05  -1.4599091448E-05   3.5195853132E-05   8.3425802783E-05  -1.5049412074E-04
   44      5.3734656628E-05   1.1125283386E-05  -7.8895954212E-06  -1.1221758883E-04   2.7071403897E-04
                    5                  6                  7                  8                  9        
    0      3.6775527278E-02   1.5851885936E-02   1.2320366898E-02  -2.8995362639E-03  -5.8199136310E-03
    1      9.3483425464E-02  -4.2987994872E-03  -4.0558258181E-02   1.1162020882E-02  -3.3683883256E-04
    2     -7.9418806976E-02   1.1526090847E-03   1.1534798208E-02   3.4301747644E-03  -1.1492058240E-05
    3     -1.2904801199E-02  -1.3477942070E-01   1.0571503557E-01  -2.6943574249E-02   1.2998767629E-02
    4     -1.6030890739E-01   9.6279433680E-02  -2.2570704478E-01   4.1412805347E-02   1.2261169403E-02
    5      1.8895425221E-01  -2.4576238247E-02   4.1745428687E-02  -7.2305243786E-02  -3.0211332576E-03
    6     -2.4576238247E-02   6.1747971444E-01  -7.1247801815E-01   1.8151982820E-01  -4.4103187965E-01
    7      4.1745428687E-02  -7.1247801815E-01   1.1434215567E+00  -2.6927841326E-01   5.8500183892E-01
    8     -7.2305243786E-02   1.8151982820E-01  -2.6927841326E-01   1.4778363507E-01  -1.4820068202E-01
    9     -3.0211332576E-03  -4.4103187965E-01   5.8500183892E-01  -1.4820068202E-01   4.2879264103E-01
   10      4.3832915276E-03   5.8689507243E-01  -8.7659036615E-01   2.1351376272E-01  -5.9569218316E-01
   11      1.4241645709E-02  -1.4867043086E-01   2.1349023123E-01  -8.7493612588E-02   1.5083093852E-01
   12      1.3356032502E-02  -5.2348920324E-02   1.2672854968E-02  -3.7846617653E-03   3.2398686532E-03
   13      1.7128238122E-02   3.9379824570E-02   3.5672327240E-03   2.5669406204E-04  -1.8676765751E-03
   14     -5.4868876769E-02  -1.0875614738E-02  -4.6766067366E-04   1.3298247515E-03   4.6493640954E-04
   15     -9.2178267022E-03  -3.0964751069E-03  -9.2782571849E-04  -4.6453903615E-05   9.7831587913E-04
   16     -2.1550401444E-03  -4.2536153276E-03   2.8735148890E-04   7.9369245875E-04  -2.0235761184E-04
   17     -2.1531710685E-03   1.0843727118E-03   7.6086551308E-04   3.3506094763E-03   1.1324182285E-04
   18     -7.3326970174E-04  -4.8806617960E-04  -8.1151386433E-05  -1.2536996716E-05   1.1274534187E-04
   19      1.6474361605E-03   1.6177622778E-03   3.4287768021E-04   1.0155002771E-04   4.5450817864E-05
   20     -1.3143743454E-05  -2.4741007391E-04   1.3958419859E-04   2.4162295413E-04  -1.9044473503E-05
   21     -3.7271308496E-04  -5.0942715806E-04  -1.5511585244E-04  -3.7273336047E-05  -5.6116136327E-05
   22     -1.8304341569E-04  -2.7863871627E-04  -1.4289689123E-04   2.4582875316E-05  -2.1473867389E-05
   23      1.3804846730E-04  -7.5641800967E-05  -4.3203890887E-05  -4.1632018419E-05  -2.1650429558E-05
   24     -1.1916076158E-03   6.8690372337E-04   5.3036058950E-05   9.2183395579E-05  -9.2480505981E-05
   25     -1.5002489529E-03  -1.0974404957E-03  -6.0323323445E-04  -1.4026792510E-03   2.4949466857E-04
   26     -1.3647156516E-03   3.7687976880E-04  -1.4063494509E-03  -5.9889000462E-03  -6.6736048148E-05
   27      3.4636477140E-03  -1.4604485968E-03  -2.4677102945E-03   3.9671937471E-04   8.9281102803E-04
   28      5.5383105435E-03  -2.3866173531E-03  -3.4443008320E-03   3.4745154833E-03   5.4664575155E-04
   29      5.1835616462E-03   3.9899502438E-04   3.5016216070E-03   1.0133078119E-02  -1.1165164691E-04
   30      8.9787868855E-04  -1.7977453322E-04   9.6704875120E-05  -7.3614827790E-04   1.3097056759E-05
   31     -3.4938238147E-05   4.4881122453E-04  -2.4853481774E-04   3.5966772131E-04  -8.2674012406E-06
   32      7.6984466669E-04   1.9667724811E-04  -1.5386449556E-04  -3.1335217261E-04  -9.6465792644E-05
   33     -2.6263347986E-03  -7.4360103644E-05   4.0244799142E-04   6.1689487169E-04  -3.7590334709E-06
   34      2.9341265329E-04   2.4562008390E-04  -3.2516933825E-04  -3.4231275556E-04   4.6041848138E-05
   35      6.9498083242E-04  -4.1922880183E-04   2.1581531871E-04  -1.5102020326E-04   8.7954245229E-05
   36      1.0628312551E-04   1.1612356389E-06  -1.3497893377E-04   2.8442869133E-05  -2.4208932358E-05
   37      1.0172662597E-05  -6.3178977989E-05  -1.4184871102E-05  -2.7258579945E-05  -1.8727181622E-05
   38     -2.2913379876E-06  -9.0675172493E-06  -2.2949422203E-05   1.4508962247E-05   4.5882944009E-05
   39     -2.3122101890E-05  -3.9399326110E-05  -2.9317005893E-05  -1.1606966410E-05  -1.7703841774E-05
   40      7.2857638286E-06  -8.5375796753E-05   1.2139055291E-05  -5.3492813016E-06   8.3543400258E-06
   41      9.0719377378E-05   2.2471315459E-04   1.8481863603E-05  -4.3460704206E-07  -3.4111680714E-06
   42      6.3905253707E-05  -1.1493657336E-05   1.9189430117E-05   1.1666634128E-05   1.7815109266E-05
   43     -5.3904788395E-05   6.7802657376E-05   2.8313951078E-06  -3.7224285723E-05  -4.4547633814E-06
   44      5.3196421256E-05  -7.3704735210E-05  -4.0439611946E-05   1.0741326571E-05   2.5936998704E-06
                   10                 11                 12                 13                 14        
    0      4.1702381480E-03  -1.1148382338E-03  -4.3441100083E-02  -4.2647268638E-02   9.1749072612E-03
    1      3.9808661371E-03  -7.3105056417E-04  -2.4123501283E-02   3.1828715045E-03   2.5247220555E-03
    2     -6.7465324457E-04   1.0685941958E-03   5.1004475334E-03   1.9979363943E-03   1.3186413540E-02
    3      3.4180678521E-03  -8.5314217063E-04  -3.2555545052E-01  -2.6570292468E-02   8.9941813817E-04
    4     -2.3023453390E-03   4.5704743983E-03  -7.2824249201E-02  -1.1808769215E-01   1.5979327229E-02
    5      4.3832915276E-03   1.4241645709E-02   1.3356032502E-02   1.7128238122E-02  -5.4868876769E-02
    6      5.8689507243E-01  -1.4867043086E-01  -5.2348920324E-02   3.9379824570E-02  -1.0875614738E-02
    7     -8.7659036615E-01   2.1349023123E-01   1.2672854968E-02   3.5672327240E-03  -4.6766067366E-04
    8      2.1351376272E-01  -8.7493612588E-02  -3.7846617653E-03   2.5669406204E-04   1.3298247515E-03
    9     -5.9569218316E-01   1.5083093852E-01   3.2398686532E-03  -1.8676765751E-03   4.6493640954E-04
   10      8.7625966555E-01  -2.1747078214E-01   1.6582415160E-03  -2.6689258188E-03   1.0635432585E-03
   11     -2.1747078214E-01   7.2718934862E-02  -4.1248433957E-04   8.0174764760E-04   6.5858831170E-04
   12      1.6582415160E-03  -4.1248433957E-04   5.8429902502E-01  -4.7746509880E-02   2.3895435788E-02
   13     -2.6689258188E-03   8.0174764760E-04  -4.7746509880E-02   3.4153245127E-01  -7.1093966100E-02
   14      1.0635432585E-03   6.5858831170E-04   2.3895435788E-02  -7.1093966100E-02   9.9497761674E-02
   15     -9.0246417822E-04   2.8968266238E-04  -1.1563674792E-01   3.5101775408E-02  -1.1336011977E-02
   16      1.7028312911E-03  -4.9359559462E-04   7.4487393720E-02  -1.8095912748E-01   3.0748944291E-02
   17     -5.9367323192E-04  -1.6519405976E-04  -2.4828664437E-02   3.0071445954E-02  -7.5491926723E-02
   18     -1.1744487900E-04   2.6850750015E-05  -3.7396427635E-02   2.7023606556E-03  -1.4829645492E-03
   19     -5.7299983408E-04   6.4746093324E-05   4.2676044739E-02   8.2694535154E-03  -4.6868201730E-04
   20     -9.9226855994E-06  -6.3653449270E-05  -8.7748607333E-03  -2.8414136960E-03   2.5019043336E-03
   21      2.6995175293E-04  -5.1900813621E-05  -5.8891481601E-03  -9.6003712698E-04   4.3121936236E-04
   22      1.8331737403E-04  -4.2688484191E-05  -3.9727573399E-03   4.5114109969E-04  -6.9484345386E-05
   23      3.9988983511E-05   3.1407043434E-05  -1.9721556455E-03   1.1417342212E-03   9.0995715776E-05
   24      3.7609688243E-04  -1.0410850731E-04   1.5441233291E-03  -1.4138513236E-03   1.6659730174E-04
   25      1.0704789781E-05   1.7517302129E-04  -2.6392738683E-03  -4.0844940517E-03   3.7451950420E-03
   26      1.7549963687E-04   6.7582660786E-04   5.5055762192E-04   3.8444846558E-03   1.0705408585E-02
   27     -1.2043417152E-04   7.3360552011E-05  -1.0499918503E-03   2.5343340741E-03  -5.6441929889E-04
   28      5.2272099902E-05  -4.5379425802E-04   1.2758080003E-03   1.3273258520E-03  -1.7109831075E-03
   29     -4.5143131241E-04  -1.7378526742E-03  -3.3842204206E-04  -1.7199113884E-03  -5.3762183100E-03
   30     -4.1046716188E-05   1.0534688540E-04  -6.2350211903E-03   2.4926888222E-02   1.3845898022E-02
   31      1.1757989288E-05   2.0080807458E-05   1.1245278775E-02  -3.1497317406E-02  -1.2854787804E-02
   32      1.5152423296E-04   1.4677405714E-05   1.5604910211E-03   9.8819606996E-03   1.1344949326E-02
   33     -7.9646831996E-05  -8.6283692643E-05  -4.1266730476E-03   1.6530389780E-02  -2.5068340179E-02
   34     -7.0097062405E-05   2.6373153721E-05   8.6488092084E-03  -2.2326879122E-02   3.1986400667E-02
   35     -1.0967730474E-04   7.2309949658E-05  -7.3248703419E-03   9.8221104661E-03  -3.6581345964E-03
   36      1.3550408458E-04  -9.2849030506E-06   3.2174356614E-03   4.2754874557E-04   5.8799069457E-04
   37      2.5923664745E-05   1.8047127763E-06  -5.3911624958E-04   1.2053172874E-03   2.9163054468E-04
   38     -4.6558593173E-06  -1.1092745247E-05   6.0174654317E-04   5.0639299805E-06  -8.5611488728E-05
   39      4.8498018148E-05  -1.3358506751E-05  -4.3165989383E-04   3.0794668646E-05   4.9143705502E-05
   40     -9.2036893172E-06   4.5378537814E-06  -1.7364245236E-03   1.5608721084E-05   3.3768520163E-04
   41     -4.9312868394E-05   6.3816833032E-06   3.7366450623E-03   3.6181356489E-04  -2.4465414909E-04
   42     -2.5467099381E-05  -3.6280986050E-06  -1.8931203840E-04  -4.1300898446E-04  -1.9540167278E-04
   43     -1.3401004224E-05   2.8499753628E-05   9.0213029160E-04   7.3034050966E-05  -6.3807424566E-06
   44      4.4740652000E-05  -1.6960251556E-05  -1.3580310362E-03   3.3655796558E-04   4.0957579926E-04
                   15                 16                 17                 18                 19        
    0      4.4595677935E-03  -1.0889732273E-02   2.9079206131E-03   2.4682327197E-04   1.2962273467E-04
    1      2.4229702097E-03  -1.0316711213E-05  -1.8432287457E-04   5.2523714306E-04  -1.1350414353E-04
    2     -4.6640028678E-04  -5.7397659152E-04  -8.9385583545E-04  -1.2065979820E-04   1.6541400225E-04
    3     -5.1676735573E-02   9.2788243445E-03  -3.5459447811E-03  -2.4897771861E-03   1.0368917358E-03
    4      3.0329852621E-02   4.8875036698E-03  -1.0498563354E-03   1.5522457366E-03  -5.2016837769E-03
    5     -9.2178267022E-03  -2.1550401444E-03  -2.1531710685E-03  -7.3326970174E-04   1.6474361605E-03
    6     -3.0964751069E-03  -4.2536153276E-03   1.0843727118E-03  -4.8806617960E-04   1.6177622778E-03
    7     -9.2782571849E-04   2.8735148890E-04   7.6086551308E-04  -8.1151386433E-05   3.4287768021E-04
    8     -4.6453903615E-05   7.9369245875E-04   3.3506094763E-03  -1.2536996716E-05   1.0155002771E-04
    9      9.7831587913E-04  -2.0235761184E-04   1.1324182285E-04   1.1274534187E-04   4.5450817864E-05
   10     -9.0246417822E-04   1.7028312911E-03  -5.9367323192E-04  -1.1744487900E-04  -5.7299983408E-04
   11      2.8968266238E-04  -4.9359559462E-04  -1.6519405976E-04   2.6850750015E-05   6.4746093324E-05
   12     -1.1563674792E-01   7.4487393720E-02  -2.4828664437E-02  -3.7396427635E-02   4.2676044739E-02
   13      3.5101775408E-02  -1.8095912748E-01   3.0071445954E-02   2.7023606556E-03   8.2694535154E-03
   14     -1.1336011977E-02   3.0748944291E-02  -7.5491926723E-02  -1.4829645492E-03  -4.6868201730E-04
   15      5.4171045779E-01   6.5481132326E-02  -2.1991549536E-02  -2.2388699720E-01  -7.6471447632E-02
   16      6.5481132326E-02   5.5120544660E-01   4.4614799412E-02  -6.4621177066E-02  -1.1470744567E-01
   17     -2.1991549536E-02   4.4614799412E-02   6.1281541401E-01   4.3771723391E-03  -1.0633273381E-02
   18     -2.2388699720E-01  -6.4621177066E-02   4.3771723391E-03   7.2946059423E-01  -4.4122149591E-02
   19     -7.6471447632E-02  -1.1470744567E-01  -1.0633273381E-02  -4.4122149591E-02   5.5661616163E-01
   20      1.0030045366E-02  -7.5014971032E-03  -8.7733940796E-02  -1.9214719626E-01   3.0456466912E-01
   21     -2.2945262742E-02   1.2343819914E-02   2.0770384311E-02  -3.7528446664E-01   1.4877511409E-01
   22     -6.8232299670E-03   8.6589986670E-03   6.1413737686E-03   1.5047240116E-01  -1.9419061742E-01
   23      4.8093063317E-03  -1.5431963677E-03   4.0863501201E-03   1.9920516352E-01  -1.4750573702E-01
   24      4.1236915501E-04  -1.3975441873E-04   1.5354085614E-05   1.6364318437E-05  -2.4079396356E-05
   25      1.7814987290E-03  -1.2150914323E-03   5.0926851331E-04  -2.5583088901E-04   4.5323278293E-04
   26     -4.4911918964E-04   4.9158409894E-04   6.1634288406E-04   5.7763079407E-05  -2.4159670758E-05
   27     -1.7231028874E-03  -1.8537312767E-03   3.6594306052E-04  -2.2285328114E-04  -3.6614538963E-04
   28      7.0498859316E-04  -2.2875360891E-04  -2.3661560790E-04  -2.8017889837E-04   4.5365066904E-04
   29     -2.2323398503E-04  -2.8412456882E-04  -1.1486721865E-03   9.3161991432E-05  -3.1367978523E-04
   30     -5.9593236774E-02  -3.1982449155E-02  -2.8738199681E-02  -3.9282389633E-03  -2.4218877447E-02
   31     -3.0299802403E-02  -1.8727299449E-01  -1.2833741547E-01  -3.1246734559E-03  -7.7991886435E-03
   32     -2.7147871909E-02  -1.3345674748E-01  -1.8125976557E-01   1.8642013411E-03   2.0294685209E-03
   33     -6.5907096871E-02  -2.5613385174E-02   6.3251684306E-02  -8.2203768711E-03  -7.6784700368E-03
   34     -2.1684954619E-02  -7.6887749061E-02   6.8829406088E-02  -3.6826204627E-03  -1.1700989773E-03
   35      5.5192495597E-02   7.1949097312E-02  -2.7812511887E-01   1.5558645818E-03  -1.6581850417E-03
   36     -4.4549003047E-03  -2.5459038515E-02  -1.7535521773E-02  -6.9837239698E-02  -5.0443845771E-02
   37      9.8769370263E-04  -6.8053890259E-03  -6.9563530177E-03  -4.9130680168E-02  -2.4424137059E-01
   38      1.7560715174E-03   1.6594668731E-03   4.1766832110E-03  -2.7605916690E-02  -1.3830650577E-01
   39     -5.7237918634E-05   4.7203606563E-04   4.2732900597E-03  -1.6313533418E-02  -1.0673844087E-02
   40      1.1463179842E-03   3.7590972019E-03  -8.0742377047E-03   1.5178940216E-02   9.3651558250E-03
   41      5.9992363385E-04  -8.1235252752E-03   7.1800826199E-03   1.9336394312E-02   6.0817965758E-03
   42      1.4170826795E-03   2.9627722103E-03  -5.1807989556E-04   8.2314499145E-03   1.9725270068E-02
   43     -8.5724281679E-04  -2.4143614470E-03   5.1009108914E-03  -5.0225752226E-03  -7.5036230468E-03
   44     -1.8004608259E-03   3.9117961576E-03  -5.2538372078E-03  -4.4183705246E-03  -1.5753451867E-02
                   20                 21                 22                 23                 24        
    0     -4.2678493039E-05  -3.9607510631E-04  -7.2343825148E-05  -1.7441875595E-04  -3.7132801178E-01
    1      8.4447112765E-05  -2.7534378312E-04  -1.1057981519E-04  -7.3323851771E-05  -1.1458235539E-02
    2      4.2608887345E-04   2.6536225698E-06  -8.3308289683E-05  -8.1707935884E-06  -2.2796620856E-03
    3      6.6183395305E-04   1.3510286586E-03  -1.2707808415E-04  -4.1739302391E-04  -1.0023420283E-02
    4      1.0146837419E-03   1.2988619630E-03   8.6641110935E-04   1.6594382857E-04   4.4731961399E-03
    5     -1.3143743454E-05  -3.7271308496E-04  -1.8304341569E-04   1.3804846730E-04  -1.1916076158E-03
    6     -2.4741007391E-04  -5.0942715806E-04  -2.7863871627E-04  -7.5641800967E-05   6.8690372337E-04
    7      1.3958419859E-04  -1.5511585244E-04  -1.4289689123E-04  -4.3203890887E-05   5.3036058950E-05
    8      2.4162295413E-04  -3.7273336047E-05   2.4582875316E-05  -4.1632018419E-05   9.2183395579E-05
    9     -1.9044473503E-05  -5.6116136327E-05  -2.1473867389E-05  -2.1650429558E-05  -9.2480505981E-05
   10     -9.9226855994E-06   2.6995175293E-04   1.8331737403E-04   3.9988983511E-05   3.7609688243E-04
   11     -6.3653449270E-05  -5.1900813621E-05  -4.2688484191E-05   3.1407043434E-05  -1.0410850731E-04
   12     -8.7748607333E-03  -5.8891481601E-03  -3.9727573399E-03  -1.9721556455E-03   1.5441233291E-03
   13     -2.8414136960E-03  -9.6003712698E-04   4.5114109969E-04   1.1417342212E-03  -1.4138513236E-03
   14      2.5019043336E-03   4.3121936236E-04  -6.9484345386E-05   9.0995715776E-05   1.6659730174E-04
   15      1.0030045366E-02  -2.2945262742E-02  -6.8232299670E-03   4.8093063317E-03   4.1236915501E-04
   16     -7.5014971032E-03   1.2343819914E-02   8.6589986670E-03  -1.5431963677E-03  -1.3975441873E-04
   17     -8.7733940796E-02   2.0770384311E-02   6.1413737686E-03   4.0863501201E-03   1.5354085614E-05
   18     -1.9214719626E-01  -3.7528446664E-01   1.5047240116E-01   1.9920516352E-01   1.6364318437E-05
   19      3.0456466912E-01   1.4877511409E-01  -1.9419061742E-01  -1.4750573702E-01  -2.4079396356E-05
   20      4.3593800606E-01   1.9852227149E-01  -1.4840173911E-01  -2.1713939437E-01   2.2276066250E-05
   21      1.9852227149E-01   7.8751621961E-01  -5.0998939661E-03  -1.8271897013E-01  -2.1515035051E-05
   22     -1.4840173911E-01  -5.0998939661E-03   5.2248680709E-01   3.1190633446E-01  -2.2622293211E-05
   23     -2.1713939437E-01  -1.8271897013E-01   3.1190633446E-01   4.0148108981E-01  -1.8485981927E-05
   24      2.2276066250E-05  -2.1515035051E-05  -2.2622293211E-05  -1.8485981927E-05   3.8541826722E-01
   25     -5.7323803273E-05   1.1776942045E-05   2.7127886763E-06  -3.3385649354E-05   1.1762438625E-02
   26      2.3403904646E-04  -3.2896194412E-05  -2.7726295234E-05  -5.3652858082E-05   2.4980087401E-03
   27      7.6643953264E-05   1.5681783358E-04   5.8664767836E-05  -3.9208910633E-05  -6.5713195497E-03
   28     -2.4214925271E-04   1.4509369269E-04   4.4836555270E-05   2.6854656663E-05  -3.5506423564E-03
   29     -5.0838633578E-04   4.5572676778E-05   7.4579891311E-05   4.8917406966E-05   7.4831697909E-04
   30     -2.2021157253E-02   1.5939047501E-03  -5.6784420760E-04  -7.1844406193E-04   2.0683251404E-05
   31     -8.6919896801E-03   1.8823824363E-03   4.3004550595E-04   5.7996777770E-04  -5.9140194181E-05
   32      1.7502722294E-03   3.9224184404E-04   1.1872579685E-03   6.2016755671E-04  -1.1992549508E-04
   33      3.0785502875E-02  -3.1282445071E-03  -2.2312728850E-03  -1.1523003121E-03  -2.5960735694E-05
   34      1.0827544623E-02  -5.6916149119E-04  -5.0359691785E-04  -4.6681288686E-04   5.5442730778E-06
   35      2.4296502483E-03   1.6818214035E-04   6.7716210669E-04   5.9074173835E-04   1.5778501336E-04
   36     -2.8983168151E-02   8.4321489339E-03   2.0973779851E-02   1.5659819261E-02  -3.0362836785E-05
   37     -1.3871474357E-01  -5.2220753230E-03  -5.4901363892E-03  -8.0963512490E-03  -7.0528413316E-06
   38     -1.3805058803E-01  -3.4818561569E-03  -1.5663088370E-02  -4.0646328218E-03   1.6556365297E-05
   39     -2.6861067806E-03  -3.1995270547E-01  -1.0152035576E-01  -2.3241708779E-03  -8.0418542852E-06
   40     -2.9512889213E-04  -1.0560271398E-01  -9.1274414067E-02  -1.2707441069E-02   9.6781156415E-06
   41      3.5679320439E-03  -6.1590864976E-03  -1.2946458552E-02  -4.6093840200E-02  -4.3109806141E-06
   42      1.4827391111E-02  -7.0867158822E-02  -5.0786627161E-02  -3.0047581682E-02   2.4015807266E-06
   43     -9.8664269485E-03  -4.6823366967E-02  -2.4141202868E-01  -1.4338325826E-01  -2.8619680485E-06
   44     -3.5804090645E-03  -2.7471696741E-02  -1.4260186789E-01  -1.3968639479E-01   6.9483092188E-06
                   25                 26                 27                 28                 29        
    0     -2.9854638602E-03  -4.3377688455E-03  -1.3893566120E-01   1.2834115272E-01  -3.2538706647E-02
    1     -5.5509713250E-02   6.5737998814E-03   1.3461649291E-01  -2.7338736194E-01   6.0734246029E-02
    2      6.6054587430E-03  -2.9657993395E-02  -3.4111261832E-02   6.0678396330E-02  -4.5534779926E-02
    3     -3.0231313186E-02   7.1022472519E-03   1.2516067231E-02   1.6458562816E-02  -3.8805019834E-03
    4      2.5685562083E-03  -1.1111341099E-03  -1.3976218368E-02  -1.5308288257E-02   5.2453523408E-03
    5     -1.5002489529E-03  -1.3647156516E-03   3.4636477140E-03   5.5383105435E-03   5.1835616462E-03
    6     -1.0974404957E-03   3.7687976880E-04  -1.4604485968E-03  -2.3866173531E-03   3.9899502438E-04
    7     -6.0323323445E-04  -1.4063494509E-03  -2.4677102945E-03  -3.4443008320E-03   3.5016216070E-03
    8     -1.4026792510E-03  -5.9889000462E-03   3.9671937471E-04   3.4745154833E-03   1.0133078119E-02
    9      2.4949466857E-04  -6.6736048148E-05   8.9281102803E-04   5.4664575155E-04  -1.1165164691E-04
   10      1.0704789781E-05   1.7549963687E-04  -1.2043417152E-04   5.2272099902E-05  -4.5143131241E-04
   11      1.7517302129E-04   6.7582660786E-04   7.3360552011E-05  -4.5379425802E-04  -1.7378526742E-03
   12     -2.6392738683E-03   5.5055762192E-04  -1.0499918503E-03   1.2758080003E-03  -3.3842204206E-04
   13     -4.0844940517E-03   3.8444846558E-03   2.5343340741E-03   1.3273258520E-03  -1.7199113884E-03
   14      3.7451950420E-03   1.0705408585E-02  -5.6441929889E-04  -1.7109831075E-03  -5.3762183100E-03
   15      1.7814987290E-03  -4.4911918964E-04  -1.7231028874E-03   7.0498859316E-04  -2.2323398503E-04
   16     -1.2150914323E-03   4.9158409894E-04  -1.8537312767E-03  -2.2875360891E-04  -2.8412456882E-04
   17      5.0926851331E-04   6.1634288406E-04   3.6594306052E-04  -2.3661560790E-04  -1.1486721865E-03
   18     -2.5583088901E-04   5.7763079407E-05  -2.2285328114E-04  -2.8017889837E-04   9.3161991432E-05
   19      4.5323278293E-04  -2.4159670758E-05  -3.6614538963E-04   4.5365066904E-04  -3.1367978523E-04
   20     -5.7323803273E-05   2.3403904646E-04   7.6643953264E-05  -2.4214925271E-04  -5.0838633578E-04
   21      1.1776942045E-05  -3.2896194412E-05   1.5681783358E-04   1.4509369269E-04   4.5572676778E-05
   22      2.7127886763E-06  -2.7726295234E-05   5.8664767836E-05   4.4836555270E-05   7.4579891311E-05
   23     -3.3385649354E-05  -5.3652858082E-05  -3.9208910633E-05   2.6854656663E-05   4.8917406966E-05
   24      1.1762438625E-02   2.4980087401E-03  -6.5713195497E-03  -3.5506423564E-03   7.4831697909E-04
   25      5.2706084879E-02  -7.3901591093E-03   2.3363210175E-02   5.4567134213E-03  -5.7168339180E-04
   26     -7.3901591093E-03   2.3307983368E-02  -5.7880810173E-03  -9.5293841797E-04   1.8559377661E-03
   27      2.3363210175E-02  -5.7880810173E-03   1.3905909674E-01  -1.4115649430E-01   3.6012057051E-02
   28      5.4567134213E-03  -9.5293841797E-04  -1.4115649430E-01   2.8461197546E-01  -6.6035024251E-02
   29     -5.7168339180E-04   1.8559377661E-03   3.6012057051E-02  -6.6035024251E-02   3.6846178574E-02
   30     -2.4401015438E-04  -6.1862835492E-04  -1.3344808899E-03   2.6264480276E-04   1.6424793999E-03
   31      1.8917003916E-04  -1.5142911113E-04  -2.2342110595E-04   3.5873268776E-04   1.2272298133E-04
   32      3.2687269008E-04  -2.6169110022E-04   2.6907136091E-04   3.8952009863E-04   7.5157013317E-06
   33      1.5368111495E-04   7.1234591922E-04  -1.3706447783E-03  -5.1597595328E-04  -1.7529473113E-03
   34      2.6456650785E-05   1.8273741597E-05  -4.1776168501E-04   5.7955963485E-05  -2.4804514692E-04
   35     -4.6134262500E-04  -3.3510031655E-05  -1.8570033161E-04  -4.8869694123E-04   1.8621967571E-04
   36      1.3522611490E-04  -1.4959220784E-05   3.0539366623E-05   1.4717598795E-04  -1.2584655293E-04
   37      2.0024425121E-05  -3.9974786774E-05   2.5298666373E-05   4.1094912456E-05  -2.4024168632E-05
   38      2.0651931041E-05  -1.6452479582E-05   2.0140159765E-05   9.8251088139E-06   2.8929930391E-05
   39      1.3359216295E-05  -1.3304770498E-06   3.0383068308E-05   4.3829746029E-05   5.0950428380E-06
   40     -2.9389230772E-05   3.6405180894E-06  -6.8379699815E-06  -5.0264213956E-05  -1.4037801873E-05
   41      4.2300298574E-05  -5.4844946800E-06  -1.1019285275E-05   3.0246130821E-05  -5.1350067190E-06
   42     -1.9102897086E-05   5.7913764087E-06  -1.7212235183E-05  -3.3795744298E-05   2.6551318004E-05
   43      8.2652148155E-06  -4.0238647177E-06  -1.1443551464E-05   1.4411235670E-05  -1.3018158303E-05
   44     -7.4851726607E-06  -1.3138200343E-05   2.1188134281E-05  -3.1009390787E-05   2.0705619379E-05
                   30                 31                 32                 33                 34        
    0     -8.7342431522E-05   9.0397940995E-04  -1.2225718527E-04  -1.6652451695E-04   8.2706672527E-04
    1     -2.0396105688E-03   6.7485322531E-04  -1.1851085155E-03  -2.2241393583E-03   9.4470230347E-04
    2      4.5463451997E-04   1.0435269455E-04  -1.4877952472E-04   6.1867084069E-04  -6.9383239341E-04
    3      5.9917078636E-03  -5.5220749881E-03   7.1084882175E-05   6.1859346889E-03  -5.1605297979E-03
    4      3.5989606732E-03  -3.2630967194E-04   3.2743602638E-04   2.8617730501E-03  -1.2659683700E-04
    5      8.9787868855E-04  -3.4938238147E-05   7.6984466669E-04  -2.6263347986E-03   2.9341265329E-04
    6     -1.7977453322E-04   4.4881122453E-04   1.9667724811E-04  -7.4360103644E-05   2.4562008390E-04
    7      9.6704875120E-05  -2.4853481774E-04  -1.5386449556E-04   4.0244799142E-04  -3.2516933825E-04
    8     -7.3614827790E-04   3.5966772131E-04  -3.1335217261E-04   6.1689487169E-04  -3.4231275556E-04
    9      1.3097056759E-05  -8.2674012406E-06  -9.6465792644E-05  -3.7590334709E-06   4.6041848138E-05
   10     -4.1046716188E-05   1.1757989288E-05   1.5152423296E-04  -7.9646831996E-05  -7.0097062405E-05
   11      1.0534688540E-04   2.0080807458E-05   1.4677405714E-05  -8.6283692643E-05   2.6373153721E-05
   12     -6.2350211903E-03   1.1245278775E-02   1.5604910211E-03  -4.1266730476E-03   8.6488092084E-03
   13      2.4926888222E-02  -3.1497317406E-02   9.8819606996E-03   1.6530389780E-02  -2.2326879122E-02
   14      1.3845898022E-02  -1.2854787804E-02   1.1344949326E-02  -2.5068340179E-02   3.1986400667E-02
   15     -5.9593236774E-02  -3.0299802403E-02  -2.7147871909E-02  -6.5907096871E-02  -2.1684954619E-02
   16     -3.1982449155E-02  -1.8727299449E-01  -1.3345674748E-01  -2.5613385174E-02  -7.6887749061E-02
   17     -2.8738199681E-02  -1.2833741547E-01  -1.8125976557E-01   6.3251684306E-02   6.8829406088E-02
   18     -3.9282389633E-03  -3.1246734559E-03   1.8642013411E-03  -8.2203768711E-03  -3.6826204627E-03
   19     -2.4218877447E-02  -7.7991886435E-03   2.0294685209E-03  -7.6784700368E-03  -1.1700989773E-03
   20     -2.2021157253E-02  -8.6919896801E-03   1.7502722294E-03   3.0785502875E-02   1.0827544623E-02
   21      1.5939047501E-03   1.8823824363E-03   3.9224184404E-04  -3.1282445071E-03  -5.6916149119E-04
   22     -5.6784420760E-04   4.3004550595E-04   1.1872579685E-03  -2.2312728850E-03  -5.0359691785E-04
   23     -7.1844406193E-04   5.7996777770E-04   6.2016755671E-04  -1.1523003121E-03  -4.6681288686E-04
   24      2.0683251404E-05  -5.9140194181E-05  -1.1992549508E-04  -2.5960735694E-05   5.5442730778E-06
   25     -2.4401015438E-04   1.8917003916E-04   3.2687269008E-04   1.5368111495E-04   2.6456650785E-05
   26     -6.1862835492E-04  -1.5142911113E-04  -2.6169110022E-04   7.1234591922E-04   1.8273741597E-05
   27     -1.3344808899E-03  -2.2342110595E-04   2.6907136091E-04  -1.3706447783E-03  -4.1776168501E-04
   28      2.6264480276E-04   3.5873268776E-04   3.8952009863E-04  -5.1597595328E-04   5.7955963485E-05
   29      1.6424793999E-03   1.2272298133E-04   7.5157013317E-06  -1.7529473113E-03  -2.4804514692E-04
   30      6.6731589246E-02   2.6047755966E-02   2.8108474970E-02   2.1728709942E-03   4.8010203085E-03
   31      2.6047755966E-02   2.1475817430E-01   1.4159107242E-01   4.5720363831E-04   9.6722842411E-03
   32      2.8108474970E-02   1.4159107242E-01   1.8330895316E-01  -5.2875383861E-03  -2.1602828222E-02
   33      2.1728709942E-03   4.5720363831E-04  -5.2875383861E-03   7.4699820448E-02   1.6939943575E-02
   34      4.8010203085E-03   9.6722842411E-03  -2.1602828222E-02   1.6939943575E-02   8.9949872933E-02
   35      6.0126024017E-03   7.1985790281E-03  -1.7188835371E-02  -5.8524956714E-02  -8.8482303525E-02
   36     -5.0841922484E-03  -1.5182394139E-03   6.7016082610E-04   7.3849101085E-04   3.2186015879E-04
   37     -1.6029758306E-03   2.8590804530E-04   2.6632820651E-04   6.9112530476E-05   1.7865334998E-04
   38      8.6877308562E-04  -3.3594250741E-04   1.0708579680E-03  -9.7607067892E-04  -1.5492704109E-04
   39      1.8589274325E-04   2.6744566360E-04  -5.3198999775E-05  -9.9289694908E-04  -2.8436650772E-04
   40      1.6887313015E-04  -5.0965964898E-05   5.8219182216E-05   1.7479462980E-03   4.3031709609E-04
   41      2.6237947557E-04   4.7870119878E-04   2.5140681317E-04  -1.6093599873E-03   1.7157232425E-05
   42     -2.6745887472E-04  -5.0354101413E-04  -3.0735354430E-04   2.1942027284E-04  -4.3009324584E-05
   43      8.0026896503E-04   8.1438495600E-04   2.0561021085E-04  -8.1311003128E-04   1.4994477741E-04
   44      6.3631799957E-04  -6.5363355742E-05   3.3778915184E-05   1.0861697536E-03  -1.9727613289E-05
                   35                 36                 37                 38                 39        
    0     -3.7395520679E-04  -1.6478334336E-05   3.1570514741E-05   1.5565264405E-04  -1.0213398796E-04
    1      4.1733094418E-04  -1.9300862964E-05  -8.7695525597E-05   7.4210345540E-05  -5.9122860019E-05
    2     -3.8339710663E-04   9.0136588070E-05   6.7463199217E-05  -5.1042004573E-05   6.8843023304E-07
    3      3.2446382382E-03  -4.4825821199E-04   1.4743753952E-04  -3.9835214813E-04   3.2975347639E-04
    4      3.2440113779E-04  -1.5387340295E-05   2.7001527629E-04   3.2430606290E-05   9.7853151022E-05
    5      6.9498083242E-04   1.0628312551E-04   1.0172662597E-05  -2.2913379876E-06  -2.3122101890E-05
    6     -4.1922880183E-04   1.1612356389E-06  -6.3178977989E-05  -9.0675172493E-06  -3.9399326110E-05
    7      2.1581531871E-04  -1.3497893377E-04  -1.4184871102E-05  -2.2949422203E-05  -2.9317005893E-05
    8     -1.5102020326E-04   2.8442869133E-05  -2.7258579945E-05   1.4508962247E-05  -1.1606966410E-05
    9      8.7954245229E-05  -2.4208932358E-05  -1.8727181622E-05   4.5882944009E-05  -1.7703841774E-05
   10     -1.0967730474E-04   1.3550408458E-04   2.5923664745E-05  -4.6558593173E-06   4.8498018148E-05
   11      7.2309949658E-05  -9.2849030506E-06   1.8047127763E-06  -1.1092745247E-05  -1.3358506751E-05
   12     -7.3248703419E-03   3.2174356614E-03  -5.3911624958E-04   6.0174654317E-04  -4.3165989383E-04
   13      9.8221104661E-03   4.2754874557E-04   1.2053172874E-03   5.0639299805E-06   3.0794668646E-05
   14     -3.6581345964E-03   5.8799069457E-04   2.9163054468E-04  -8.5611488728E-05   4.9143705502E-05
   15      5.5192495597E-02  -4.4549003047E-03   9.8769370263E-04   1.7560715174E-03  -5.7237918634E-05
   16      7.1949097312E-02  -2.5459038515E-02  -6.8053890259E-03   1.6594668731E-03   4.7203606563E-04
   17     -2.7812511887E-01  -1.7535521773E-02  -6.9563530177E-03   4.1766832110E-03   4.2732900597E-03
   18      1.5558645818E-03  -6.9837239698E-02  -4.9130680168E-02  -2.7605916690E-02  -1.6313533418E-02
   19     -1.6581850417E-03  -5.0443845771E-02  -2.4424137059E-01  -1.3830650577E-01  -1.0673844087E-02
   20      2.4296502483E-03  -2.8983168151E-02  -1.3871474357E-01  -1.3805058803E-01  -2.6861067806E-03
   21      1.6818214035E-04   8.4321489339E-03  -5.2220753230E-03  -3.4818561569E-03  -3.1995270547E-01
   22      6.7716210669E-04   2.0973779851E-02  -5.4901363892E-03  -1.5663088370E-02  -1.0152035576E-01
   23      5.9074173835E-04   1.5659819261E-02  -8.0963512490E-03  -4.0646328218E-03  -2.3241708779E-03
   24      1.5778501336E-04  -3.0362836785E-05  -7.0528413316E-06   1.6556365297E-05  -8.0418542852E-06
   25     -4.6134262500E-04   1.3522611490E-04   2.0024425121E-05   2.0651931041E-05   1.3359216295E-05
   26     -3.3510031655E-05  -1.4959220784E-05  -3.9974786774E-05  -1.6452479582E-05  -1.3304770498E-06
   27     -1.8570033161E-04   3.0539366623E-05   2.5298666373E-05   2.0140159765E-05   3.0383068308E-05
   28     -4.8869694123E-04   1.4717598795E-04   4.1094912456E-05   9.8251088139E-06   4.3829746029E-05
   29      1.8621967571E-04  -1.2584655293E-04  -2.4024168632E-05   2.8929930391E-05   5.0950428380E-06
   30      6.0126024017E-03  -5.0841922484E-03  -1.6029758306E-03   8.6877308562E-04   1.8589274325E-04
   31      7.1985790281E-03  -1.5182394139E-03   2.8590804530E-04  -3.3594250741E-04   2.6744566360E-04
   32     -1.7188835371E-02   6.7016082610E-04   2.6632820651E-04   1.0708579680E-03  -5.3198999775E-05
   33     -5.8524956714E-02   7.3849101085E-04   6.9112530476E-05  -9.7607067892E-04  -9.9289694908E-04
   34     -8.8482303525E-02   3.2186015879E-04   1.7865334998E-04  -1.5492704109E-04  -2.8436650772E-04
   35      2.9554687780E-01   4.6784600886E-04   2.3218761377E-04   1.7726286621E-04   8.8608089128E-05
   36      4.6784600886E-04   6.9115234541E-02   5.3789217950E-02   2.6395412650E-02   5.9657122828E-04
   37      2.3218761377E-04   5.3789217950E-02   2.5267662319E-01   1.5454434634E-01   1.2127021459E-03
   38      1.7726286621E-04   2.6395412650E-02   1.5454434634E-01   1.3504777311E-01  -1.4772784879E-03
   39      8.8608089128E-05   5.9657122828E-04   1.2127021459E-03  -1.4772784879E-03   3.3705642075E-01
   40      6.4825193711E-05   1.0472489447E-03  -2.0381690795E-03   4.3782077802E-03   1.0915966748E-01
   41     -2.3103438284E-05  -1.7733229614E-03   4.1369371743E-03  -4.5036226799E-03   4.6086023088E-04
   42     -1.3440142497E-04  -2.2359414115E-03   3.2386896009E-04   4.0879795342E-03  -2.8370859988E-04
   43      3.1091774070E-04   6.1013356161E-04   3.9733853271E-03  -6.2361830284E-03   1.2157766376E-03
   44     -1.3492350045E-04   4.4363377737E-03  -5.6921159950E-03   6.2693175402E-03   1.7152423041E-03
                   40                 41                 42                 43                 44        
    0      1.9228715655E-07   1.0705134925E-04   4.4531203146E-05   2.8978039860E-05   5.3734656628E-05
    1     -6.8448088258E-06   4.2674424137E-05   2.9310558034E-05  -1.4599091448E-05   1.1125283386E-05
    2      4.3960597988E-05  -1.7497697599E-05  -3.4466862222E-05   3.5195853132E-05  -7.8895954212E-06
    3      9.2214764511E-05  -1.0739654922E-04  -1.6452740959E-04   8.3425802783E-05  -1.1221758883E-04
    4      2.6002070083E-04  -6.0193339014E-04   5.2616097234E-05  -1.5049412074E-04   2.7071403897E-04
    5      7.2857638286E-06   9.0719377378E-05   6.3905253707E-05  -5.3904788395E-05   5.3196421256E-05
    6     -8.5375796753E-05   2.2471315459E-04  -1.1493657336E-05   6.7802657376E-05  -7.3704735210E-05
    7      1.2139055291E-05   1.8481863603E-05   1.9189430117E-05   2.8313951078E-06  -4.0439611946E-05
    8     -5.3492813016E-06  -4.3460704206E-07   1.1666634128E-05  -3.7224285723E-05   1.0741326571E-05
    9      8.3543400258E-06  -3.4111680714E-06   1.7815109266E-05  -4.4547633814E-06   2.5936998704E-06
   10     -9.2036893172E-06  -4.9312868394E-05  -2.5467099381E-05  -1.3401004224E-05   4.4740652000E-05
   11      4.5378537814E-06   6.3816833032E-06  -3.6280986050E-06   2.8499753628E-05  -1.6960251556E-05
   12     -1.7364245236E-03   3.7366450623E-03  -1.8931203840E-04   9.0213029160E-04  -1.3580310362E-03
   13      1.5608721084E-05   3.6181356489E-04  -4.1300898446E-04   7.3034050966E-05   3.3655796558E-04
