
$orca_hessian_file

$act_atom
  0

$act_coord
  0

$act_energy
        0.000000

$multiplicity
  1

$hessian
45
                    0                  1                  2                  3                  4        
    0      1.0620374812E-01  -7.3354706549E-02   1.3442764693E-01  -6.2255845963E-02   2.7113644917E-02
    1     -7.3354706549E-02   7.3701820794E-01   4.4968754693E-02   6.4795243141E-02  -3.5840217718E-01
    2      1.3442764693E-01   4.4968754693E-02   6.9322287669E-01   1.2901066077E-02  -1.1041090688E-01
    3     -6.2255845963E-02   6.4795243141E-02   1.2901066077E-02   2.8310465616E-01  -8.0161495104E-02
    4      2.7113644917E-02  -3.5840217718E-01  -1.1041090688E-01  -8.0161495104E-02   6.6231393866E-01
    5     -4.3049955255E-02  -9.1359381049E-02  -1.3967702894E-01   1.2745025251E-01   1.1096919324E-01
    6      3.3593809539E-03   1.2352774352E-02  -4.3946389103E-03  -7.9379638552E-02   3.8585396957E-02
    7      1.2094488939E-02  -3.5897407556E-02   2.0330482688E-02   3.8981653668E-02  -1.9677255353E-01
    8     -6.3615590389E-04  -4.3911219062E-03   1.4581613451E-02  -2.2091135138E-02   7.4791712988E-02
    9      2.0751183113E-04  -4.2436756547E-04  -1.8760455410E-03   1.3821195596E-02   5.2523449172E-03
   10      1.5365267433E-04   1.2394473754E-03   2.2218876194E-03   4.3812715950E-03   8.0276115631E-03
   11     -5.4907818655E-04   1.1088340656E-03  -6.2004189363E-03  -4.3691740628E-03   1.0048640058E-02
   12      5.3369537353E-02  -2.9775329691E-02  -2.1221479798E-02  -9.5324677485E-02   8.1695787541E-03
   13      2.3642392762E-03  -7.3292867076E-03  -5.6720303143E-02  -1.0362698607E-02  -1.0356850263E-01
   14      4.3408700618E-02  -5.9111833378E-02  -6.0683785342E-02  -9.0084026267E-02  -6.5735705409E-02
   15     -5.3994649063E-02   3.3864842888E-02   2.4361257895E-02  -2.9190232822E-02  -5.3986582056E-02
   16     -4.6799244764E-03   1.5932591027E-03  -2.3453972062E-03  -4.2666957858E-03  -7.1707511026E-03
   17      2.6698214561E-02  -1.1218956152E-02  -9.1930576176E-03  -4.7498073788E-03   1.6139718356E-02
   18     -6.9968907543E-03  -3.5423148754E-03  -1.8921106806E-03  -2.2458939844E-02  -1.1518241849E-03
   19     -3.7696170630E-02   1.3754364610E-02   1.2003753757E-02  -1.8776374416E-03  -1.9533735801E-02
   20     -6.1171440341E-02   2.5506871819E-02   1.6379759113E-02  -1.3643984507E-02  -4.5888657734E-02
   21      6.5180533727E-02  -2.6163284849E-02  -1.5494223931E-02  -1.3840679309E-02   4.6616400710E-02
   22      4.3077990630E-02  -2.6305724429E-02  -1.2529948678E-02  -1.9491723781E-03   2.5711293465E-02
   23      2.2706102498E-02  -1.0402249393E-02  -1.7892457881E-02  -1.6609226731E-03   1.8812039627E-02
   24     -5.9031541695E-02  -1.1447078173E-02  -1.0057881496E-01   2.0381609032E-03   1.0166562541E-03
   25     -6.2117505180E-03  -6.6092127354E-02  -3.8738039103E-02  -1.3170431617E-02   4.0567486977E-03
   26     -9.0550735990E-02  -4.3573654235E-02  -3.2758428084E-01  -5.0792573626E-03   5.3426799823E-03
   27     -2.5336244755E-02   2.5784816168E-02  -2.9843855563E-02   1.5389706847E-03   1.5231927001E-02
   28      3.7160525033E-02  -2.5722191217E-01   1.4057987896E-01   3.1462555898E-03  -1.6133055414E-02
   29     -3.2324824653E-02   1.4801579868E-01  -1.6291057942E-01   1.7613671732E-03  -1.5111375901E-02
   30      3.7938889158E-03  -2.4563351735E-03  -1.5402945792E-03   5.0874310747E-04   4.9797921177E-03
   31      4.3111641320E-04  -4.0748988355E-04  -4.8714516477E-05   7.9120987211E-05   7.0532086383E-04
   32      9.0766411197E-04  -4.6972576120E-04  -4.0109890047E-04  -3.6488659655E-04   1.3709149210E-03
   33      8.2920918425E-04  -6.8778767495E-04  -1.3437617627E-03  -1.6355969672E-03  -7.0981621093E-04
   34     -3.4292160052E-04   1.5450909205E-04   4.6109386108E-04   2.5005849824E-04   9.8841501487E-06
   35      5.4312220501E-04  -2.5982023333E-05  -1.9399309459E-04  -4.8764732031E-04   2.0933208183E-04
   36      3.6385316264E-04   5.9946981055E-04  -4.5943181255E-04   1.4034537121E-03  -5.2747303089E-04
   37     -3.8047625599E-04   2.4309729459E-04   7.9582315035E-05   1.3409737110E-04  -6.7992697456E-04
   38     -2.3117738393E-04   2.8424471163E-04   1.9342387772E-04   1.7668842780E-04   2.2170783733E-04
   39     -7.4686083756E-03   2.1081775056E-03   6.8189754577E-03   8.4541668742E-04  -4.1895371594E-03
   40      1.4553043415E-03  -1.4082447020E-03  -4.9358365915E-04   1.2427858428E-04   1.1036488539E-03
   41     -1.7887204400E-03   6.9311826056E-04   1.0376934202E-03  -5.1228565271E-06  -9.3725027837E-04
   42     -1.8223882643E-02   8.3125183267E-03   1.4452528291E-04   8.2501409624E-04  -6.2214306827E-03
   43     -1.1516498358E-03  -9.3851543619E-04   6.5449682848E-04  -1.2143169992E-04   3.3225637276E-04
   44      1.6018231204E-03  -3.7755857758E-05  -6.7866558777E-04   2.4589480077E-04   1.9698093037E-04
                    5                  6                  7                  8                  9        
    0     -4.3049955255E-02   3.3593809539E-03   1.2094488939E-02  -6.3615590389E-04   2.0751183113E-04
    1     -9.1359381049E-02   1.2352774352E-02  -3.5897407556E-02  -4.3911219062E-03  -4.2436756547E-04
    2     -1.3967702894E-01  -4.3946389103E-03   2.0330482688E-02   1.4581613451E-02  -1.8760455410E-03
    3      1.2745025251E-01  -7.9379638552E-02   3.8981653668E-02  -2.2091135138E-02   1.3821195596E-02
    4      1.1096919324E-01   3.8585396957E-02  -1.9677255353E-01   7.4791712988E-02   5.2523449172E-03
    5      6.5673529921E-01  -1.7083265241E-02   5.3603410573E-02  -1.0448118429E-01  -1.7759733406E-03
    6     -1.7083265241E-02   2.0366816966E-01  -3.4008038913E-01   2.6328030729E-01  -1.3302314639E-01
    7      5.3603410573E-02  -3.4008038913E-01   1.0150242421E+00  -6.6641213287E-01   2.8029456433E-01
    8     -1.0448118429E-01   2.6328030729E-01  -6.6641213287E-01   6.2010230752E-01  -2.1270171925E-01
    9     -1.7759733406E-03  -1.3302314639E-01   2.8029456433E-01  -2.1270171925E-01   1.1960523085E-01
   10      4.5313655430E-03   2.7982317691E-01  -7.9580677286E-01   5.7420069092E-01  -2.8495271907E-01
   11      1.1893889601E-02  -2.1132397991E-01   5.7163878025E-01  -4.6538283811E-01   2.1438883609E-01
   12     -5.5096652665E-02  -3.3446647420E-03   1.2820038011E-02  -3.3250345717E-02   7.9278871050E-04
   13     -7.0828271117E-02   5.1679221425E-03   1.8409246877E-02   2.3263482905E-02   6.9125436239E-04
   14     -4.0935626656E-01  -3.1711491689E-02   2.6137402467E-02  -6.4813815908E-02   1.4139576290E-03
   15     -1.0440203662E-01   5.2098507813E-03  -8.1695013962E-03   6.9677486526E-03  -9.5872388228E-04
   16     -3.8665097758E-03   7.1517733704E-04   1.2121153592E-04   1.2642826301E-03  -1.7775209429E-04
   17      2.9291829799E-02  -2.7842507341E-03   3.1051327678E-03  -2.6733286086E-03   6.5600504675E-04
   18      1.0407573640E-02   1.5936692684E-03  -1.6936657656E-03   2.1438038935E-04  -2.6889285460E-04
   19     -4.0504552613E-02   2.0781633940E-03  -3.9513573064E-04   8.6535444501E-05  -8.9711475794E-04
   20     -6.6452310386E-02   2.6149284535E-03  -5.6159053870E-03   3.4744310899E-03  -3.0783020355E-04
   21      6.7019210992E-02   3.8413109361E-04   1.2855682398E-03   2.9916980618E-06   4.0786533632E-04
   22      3.9282365743E-02  -9.5592776349E-04  -3.5218619164E-05   6.7057905792E-04   4.2780706527E-04
   23      1.9423043131E-02   5.3722463212E-04   1.6781664090E-04   2.0114748535E-04  -6.1248971918E-05
   24      1.3730144500E-02  -2.9615352875E-03  -5.2939869893E-04   1.8631270419E-04   2.8270370218E-04
   25     -2.4045156007E-02  -4.6416875248E-04  -4.6531265315E-05  -3.0912183352E-04   6.9803652394E-05
   26     -9.8049357428E-03   1.4184657436E-03   3.1887761534E-05   2.3479623696E-04  -1.6864924445E-04
   27      3.6351654731E-03   6.1684833106E-03   4.4782320943E-03  -4.6950659446E-04  -1.1755940954E-03
   28      2.1302572469E-02   2.4536359626E-03  -4.8855575287E-03  -2.7346163320E-03  -1.6764521037E-04
   29      1.0045975627E-02  -2.7958456534E-04  -2.9424769968E-03  -1.1518931047E-03   3.1806362741E-04
   30      7.5024269006E-03  -5.4501360513E-04   4.9593809799E-04  -9.9222810073E-04   1.2280078448E-04
   31      6.2806472880E-04   5.9550317847E-05  -6.3111502017E-05  -2.2037319412E-04  -6.5642922278E-06
   32      1.3730121060E-03  -5.9956573059E-05  -3.8854825448E-05  -3.6124822098E-05   3.2854707469E-05
   33      3.5650393089E-03  -1.4351129229E-04   1.1790407550E-04  -1.4210069181E-04   2.6440626821E-05
   34     -5.8144383607E-04   7.5415372486E-05   9.8691956936E-06   7.1529506468E-06  -3.1259177395E-05
   35      8.4787371536E-04   3.5185208510E-05  -1.4838393328E-04  -9.1539960065E-05   4.4338756671E-05
   36     -3.8465889384E-04  -1.1778301420E-03   1.1229018938E-04   6.0055828140E-05   2.2709241198E-04
   37     -1.3164415317E-04   2.5573490087E-05   1.2571415767E-04  -1.8455026855E-05   3.0180326167E-05
   38     -3.8477150313E-04   4.8379157256E-06   7.0505372168E-05   2.0484797061E-04  -4.3697407803E-07
   39     -2.6272095285E-03  -3.2538492298E-04   1.2263404751E-04  -6.9585426559E-05   3.9828856588E-05
   40      1.0079117378E-03  -1.0067902992E-04   1.9319363809E-04  -9.9480417379E-05  -4.3249788364E-05
   41     -9.6872294071E-04   1.1586812847E-04  -1.0761995674E-04  -2.5800030519E-05  -2.1527539061E-05
   42     -8.8893666156E-03   5.1703986534E-04  -3.3599391664E-04  -3.6141836998E-04  -1.0710147825E-04
   43     -2.6949302167E-05   2.7001566447E-04   1.8811122310E-05  -8.7653492792E-05  -6.6038342810E-05
   44      1.5142971764E-03  -3.6725111848E-04   1.6847362601E-04  -1.4261892597E-04   5.6009163567E-05
                   10                 11                 12                 13                 14        
    0      1.5365267433E-04  -5.4907818655E-04   5.3369537353E-02   2.3642392762E-03   4.3408700618E-02
    1      1.2394473754E-03   1.1088340656E-03  -2.9775329691E-02  -7.3292867076E-03  -5.9111833378E-02
    2      2.2218876194E-03  -6.2004189363E-03  -2.1221479798E-02  -5.6720303143E-02  -6.0683785342E-02
    3      4.3812715950E-03  -4.3691740628E-03  -9.5324677485E-02  -1.0362698607E-02  -9.0084026267E-02
    4      8.0276115631E-03   1.0048640058E-02   8.1695787541E-03  -1.0356850263E-01  -6.5735705409E-02
    5      4.5313655430E-03   1.1893889601E-02  -5.5096652665E-02  -7.0828271117E-02  -4.0935626656E-01
    6      2.7982317691E-01  -2.1132397991E-01  -3.3446647420E-03   5.1679221425E-03  -3.1711491689E-02
    7     -7.9580677286E-01   5.7163878025E-01   1.2820038011E-02   1.8409246877E-02   2.6137402467E-02
    8      5.7420069092E-01  -4.6538283811E-01  -3.3250345717E-02   2.3263482905E-02  -6.4813815908E-02
    9     -2.8495271907E-01   2.1438883609E-01   7.9278871050E-04   6.9125436239E-04   1.4139576290E-03
   10      7.9097840147E-01  -5.8319918876E-01  -7.0567931226E-04  -4.4597629351E-03   1.3517973391E-03
   11     -5.8319918876E-01   4.5433161748E-01   3.0354545538E-03  -2.2777793235E-04   4.8352032771E-03
   12     -7.0567931226E-04   3.0354545538E-03   7.1342439651E-02  -3.9876496643E-03   8.0611823308E-02
   13     -4.4597629351E-03  -2.2777793235E-04  -3.9876496643E-03   1.1153196875E-01   1.0933075625E-01
   14      1.3517973391E-03   4.8352032771E-03   8.0611823308E-02   1.0933075625E-01   5.4840657732E-01
   15      1.8687722157E-03  -1.3911042450E-03   8.3781716631E-02   2.1533704835E-02   7.4353021638E-02
   16     -2.1682704208E-04  -1.7072369281E-04   9.6209106503E-03  -1.4649480550E-02  -1.7430143072E-04
   17     -1.2517149567E-03   8.4804689429E-04  -2.8572332018E-02  -7.8753526626E-03  -5.1807568372E-02
   18      7.4723661302E-04  -4.6566622124E-04  -3.1948933461E-02  -3.6412334788E-03  -1.8667786646E-03
   19      3.8554098705E-04  -2.2498096675E-04   4.2103556669E-02   6.3505941122E-03   2.8289685785E-02
   20      2.3802914601E-03  -1.3988206017E-03   7.8135616827E-02   1.4603546057E-02   5.3204535269E-02
   21     -1.4282125799E-03   6.9913164821E-04  -4.8689036844E-02  -1.2369925329E-02  -5.1989401127E-02
   22     -2.8864454895E-04  -8.6333806355E-05  -3.8389350887E-02  -8.4715759374E-03  -3.4225879891E-02
   23     -4.8464567588E-04   1.4871142860E-04  -2.0091114424E-02  -8.2084429224E-03  -1.9975161850E-02
   24      8.2911466468E-05   2.6389077742E-04   4.6972617258E-03   3.1141530496E-03  -3.9802584683E-03
   25     -1.1058152238E-04   2.3663522784E-04   2.2543660333E-03  -5.4318683695E-03  -5.3095379964E-03
   26      3.3843119723E-04  -6.6559364538E-05  -4.8523139031E-04  -4.4209529931E-03   1.5356342804E-03
   27     -3.2248696143E-04  -2.4059500121E-04  -1.0824683569E-02  -4.3813409710E-03  -6.2527605249E-03
   28      2.3146958984E-04   8.0785925908E-04  -8.8182019947E-04   3.7196400049E-03  -3.9952153712E-04
   29      9.8740631925E-06   9.2831863699E-04   2.3721923791E-03   2.2229184932E-03   1.0120104838E-03
   30      2.5514044045E-05   1.0409154635E-04  -2.2079008134E-02   6.5349594454E-03  -1.4234562494E-02
   31      1.1168198087E-04  -8.5889119730E-07  -1.8712868721E-03   2.1435189686E-03  -1.4043891633E-03
   32     -4.2645492763E-05   5.3106863894E-05  -3.4142277296E-03   4.8045085407E-04  -1.6621366877E-03
   33      4.7661847866E-05   5.6295470082E-05  -1.0921633931E-02  -8.2426682843E-03  -1.1081013956E-02
   34     -7.4399967786E-05   8.4739096338E-06   1.7975686430E-03   1.9444864388E-03   1.7417541993E-03
   35      1.0558089943E-04   2.9391074372E-05  -1.7485801343E-03  -1.2773376209E-03  -1.6537468391E-03
   36      2.2130698146E-05  -6.0818595938E-06   1.7398252264E-03   4.9960241150E-04   2.0183417930E-04
   37      3.2509642427E-05  -9.1329302155E-05   1.9305149646E-05   1.1872993389E-04   4.7862500298E-04
   38     -8.0029134516E-05  -1.1765907994E-04  -8.9598024655E-06  -5.8778519648E-04   1.0385088157E-03
   39      8.0357039940E-05  -2.0583249495E-04   2.2853162515E-03   1.4385202544E-03   2.9749220658E-03
   40     -1.3626377614E-04   1.6546756085E-04  -1.3527609123E-03  -3.4325977477E-04  -9.9229954094E-04
   41      5.0015523158E-05  -5.1488170266E-05   6.1591029507E-04   4.1024501187E-04   1.3799627741E-03
   42      1.7716845805E-04   7.1779396331E-06   5.1237526174E-03   1.6367350822E-03   8.2588874111E-03
   43      8.6590042586E-05  -1.9235202887E-05   1.8297910290E-04   3.5551821725E-05   3.9027114081E-05
   44     -1.2597231416E-04   1.4949900543E-04  -9.0492734122E-04  -1.8075579269E-04  -1.4599506561E-03
                   15                 16                 17                 18                 19        
    0     -5.3994649063E-02  -4.6799244764E-03   2.6698214561E-02  -6.9968907543E-03  -3.7696170630E-02
    1      3.3864842888E-02   1.5932591027E-03  -1.1218956152E-02  -3.5423148754E-03   1.3754364610E-02
    2      2.4361257895E-02  -2.3453972062E-03  -9.1930576176E-03  -1.8921106806E-03   1.2003753757E-02
    3     -2.9190232822E-02  -4.2666957858E-03  -4.7498073788E-03  -2.2458939844E-02  -1.8776374416E-03
    4     -5.3986582056E-02  -7.1707511026E-03   1.6139718356E-02  -1.1518241849E-03  -1.9533735801E-02
    5     -1.0440203662E-01  -3.8665097758E-03   2.9291829799E-02   1.0407573640E-02  -4.0504552613E-02
    6      5.2098507813E-03   7.1517733704E-04  -2.7842507341E-03   1.5936692684E-03   2.0781633940E-03
    7     -8.1695013962E-03   1.2121153592E-04   3.1051327678E-03  -1.6936657656E-03  -3.9513573064E-04
    8      6.9677486526E-03   1.2642826301E-03  -2.6733286086E-03   2.1438038935E-04   8.6535444501E-05
    9     -9.5872388228E-04  -1.7775209429E-04   6.5600504675E-04  -2.6889285460E-04  -8.9711475794E-04
   10      1.8687722157E-03  -2.1682704208E-04  -1.2517149567E-03   7.4723661302E-04   3.8554098705E-04
   11     -1.3911042450E-03  -1.7072369281E-04   8.4804689429E-04  -4.6566622124E-04  -2.2498096675E-04
   12      8.3781716631E-02   9.6209106503E-03  -2.8572332018E-02  -3.1948933461E-02   4.2103556669E-02
   13      2.1533704835E-02  -1.4649480550E-02  -7.8753526626E-03  -3.6412334788E-03   6.3505941122E-03
   14      7.4353021638E-02  -1.7430143072E-04  -5.1807568372E-02  -1.8667786646E-03   2.8289685785E-02
   15      6.6559498377E-02   1.3899348483E-02  -6.1478070693E-02  -6.7776786412E-02  -4.1645011312E-02
   16      1.3899348483E-02   7.0386614353E-01   1.9233340607E-02  -5.1577745547E-04  -1.1651089436E-01
   17     -6.1478070693E-02   1.9233340607E-02   7.4683879154E-01   9.2452432067E-02   2.1244235084E-02
   18     -6.7776786412E-02  -5.1577745547E-04   9.2452432067E-02   2.0904010560E-01   7.7568965485E-02
   19     -4.1645011312E-02  -1.1651089436E-01   2.1244235084E-02   7.7568965485E-02   7.3895181260E-01
   20      3.1747730734E-02  -5.2277131175E-03  -3.7224203849E-01  -1.0184589273E-01  -1.8010406675E-03
   21      5.5831423437E-02   8.9875785361E-03  -2.3318782968E-02  -5.7072779215E-02  -1.2896661923E-02
   22      4.5724734855E-02   6.2587063956E-04  -3.4401266040E-02  -4.3348870120E-02  -3.4345112535E-01
   23      2.2024098720E-02  -3.6864117964E-02  -4.0615124651E-02  -1.7623471787E-02  -1.3419403839E-01
   24      1.7446303893E-03   4.6673164085E-04  -6.5439497409E-04  -1.0664464348E-03   1.1701098014E-03
   25      1.3453149440E-03   8.4210474197E-05  -1.3253002477E-04  -3.7169151031E-04   5.5219660960E-04
   26     -3.9179350292E-04   2.7099721784E-04   3.1170170906E-04   1.5597405465E-04  -5.2756724897E-04
   27      7.2707000542E-03   3.1281223634E-05  -3.7713722142E-03   1.1878519106E-04   4.8016652635E-03
   28      4.1664061584E-04  -2.6553823833E-04  -2.8231727227E-04   4.8228919917E-05   6.8570687226E-04
   29     -1.3824338692E-03  -9.6079062550E-05   8.7517444459E-04  -7.3532745498E-05  -1.0285928210E-03
   30     -2.5514650251E-02  -2.4892990917E-03  -5.0124790175E-04   2.4613666667E-03  -8.1156211809E-03
   31     -2.4569437301E-03  -2.8016602599E-01   1.3774846409E-01  -4.9486584510E-04   4.7221665412E-03
   32      8.1372203993E-03   1.3530749933E-01  -1.4805341969E-01  -1.2759702514E-04   2.8046014367E-02
   33     -3.5753970648E-02  -1.1495401926E-02  -4.5029995439E-03   7.1650584120E-03   1.3168123056E-02
   34     -1.1855318976E-02  -2.8968318210E-01  -1.3670305906E-01   6.1668267211E-05   4.6838282208E-03
   35      6.5294292933E-04  -1.3277687824E-01  -1.4003042587E-01  -3.5157060045E-03  -2.5659796229E-02
   36      7.7208346099E-04  -7.4621524663E-03   6.4322796107E-03  -4.3225601007E-02  -2.2777138155E-02
   37      7.3789508292E-04   5.4505911181E-03  -3.8267346387E-03  -3.1041886156E-02  -2.7561481726E-01
   38      1.1154198174E-03   2.9828168882E-02  -1.4277784336E-02   1.9866383799E-02   1.2509497871E-01
   39      4.2912973316E-03  -2.9856241371E-03   1.1363487502E-03   6.9759804452E-03  -5.7199222169E-04
   40     -4.5866382743E-04  -4.7731274437E-03  -3.1049564032E-03   6.5488188762E-03   5.6628137878E-03
   41     -1.1421682169E-03  -3.3717881928E-03  -6.1017933739E-04   3.3969447531E-03   4.0983386551E-03
   42     -1.2272187385E-02   3.6020532792E-04   2.9459096617E-03   3.4603043982E-03  -1.4408010881E-02
   43     -8.2783838724E-04   1.6945404341E-03   1.3840114397E-03   8.2198606479E-04  -2.0243315836E-02
   44      8.4023508449E-04  -1.0687951156E-03   1.3373825858E-03   9.3228462891E-04  -1.4940137663E-02
                   20                 21                 22                 23                 24        
    0     -6.1171440341E-02   6.5180533727E-02   4.3077990630E-02   2.2706102498E-02  -5.9031541695E-02
    1      2.5506871819E-02  -2.6163284849E-02  -2.6305724429E-02  -1.0402249393E-02  -1.1447078173E-02
    2      1.6379759113E-02  -1.5494223931E-02  -1.2529948678E-02  -1.7892457881E-02  -1.0057881496E-01
    3     -1.3643984507E-02  -1.3840679309E-02  -1.9491723781E-03  -1.6609226731E-03   2.0381609032E-03
    4     -4.5888657734E-02   4.6616400710E-02   2.5711293465E-02   1.8812039627E-02   1.0166562541E-03
    5     -6.6452310386E-02   6.7019210992E-02   3.9282365743E-02   1.9423043131E-02   1.3730144500E-02
    6      2.6149284535E-03   3.8413109361E-04  -9.5592776349E-04   5.3722463212E-04  -2.9615352875E-03
    7     -5.6159053870E-03   1.2855682398E-03  -3.5218619164E-05   1.6781664090E-04  -5.2939869893E-04
    8      3.4744310899E-03   2.9916980618E-06   6.7057905792E-04   2.0114748535E-04   1.8631270419E-04
    9     -3.0783020355E-04   4.0786533632E-04   4.2780706527E-04  -6.1248971918E-05   2.8270370218E-04
   10      2.3802914601E-03  -1.4282125799E-03  -2.8864454895E-04  -4.8464567588E-04   8.2911466468E-05
   11     -1.3988206017E-03   6.9913164821E-04  -8.6333806355E-05   1.4871142860E-04   2.6389077742E-04
   12      7.8135616827E-02  -4.8689036844E-02  -3.8389350887E-02  -2.0091114424E-02   4.6972617258E-03
   13      1.4603546057E-02  -1.2369925329E-02  -8.4715759374E-03  -8.2084429224E-03   3.1141530496E-03
   14      5.3204535269E-02  -5.1989401127E-02  -3.4225879891E-02  -1.9975161850E-02  -3.9802584683E-03
   15      3.1747730734E-02   5.5831423437E-02   4.5724734855E-02   2.2024098720E-02   1.7446303893E-03
   16     -5.2277131175E-03   8.9875785361E-03   6.2587063956E-04  -3.6864117964E-02   4.6673164085E-04
   17     -3.7224203849E-01  -2.3318782968E-02  -3.4401266040E-02  -4.0615124651E-02  -6.5439497409E-04
   18     -1.0184589273E-01  -5.7072779215E-02  -4.3348870120E-02  -1.7623471787E-02  -1.0664464348E-03
   19     -1.8010406675E-03  -1.2896661923E-02  -3.4345112535E-01  -1.3419403839E-01   1.1701098014E-03
   20      6.9177553361E-01   3.5743501323E-02  -1.0165614942E-01  -1.7674910917E-01   1.0850157752E-03
   21      3.5743501323E-02   8.0986799905E-02  -1.3810188305E-02  -5.4697305179E-02  -2.1019158407E-03
   22     -1.0165614942E-01  -1.3810188305E-02   7.2470920433E-01   3.3890182437E-02  -1.9767720488E-03
   23     -1.7674910917E-01  -5.4697305179E-02   3.3890182437E-02   7.1345005479E-01  -5.4420233278E-03
   24      1.0850157752E-03  -2.1019158407E-03  -1.9767720488E-03  -5.4420233278E-03   5.6430315288E-02
   25      5.8018234456E-04  -4.4234539620E-04  -1.3358837898E-03  -1.1343457473E-03   9.9206450322E-03
   26     -4.1784750372E-04   1.5203416750E-03   1.1807641136E-03   1.3784299060E-03   9.6895622067E-02
   27      7.4456351085E-03  -1.3669083581E-02  -9.9806377839E-03   3.1071307009E-04  -1.7916552629E-04
   28      5.8130434373E-04   1.2296154875E-04  -1.9748354267E-03   4.6580998049E-04  -1.4628594335E-03
   29     -7.9849871529E-04   1.7845043623E-04   1.9307444692E-03  -6.9113690618E-04  -1.7815999807E-03
   30      1.5359852605E-02  -7.4543883117E-03  -3.2157818606E-03  -3.5333754238E-03  -2.0701035424E-04
   31     -1.5040404732E-03  -6.6566269044E-04   1.0111339587E-03  -1.2840625175E-03  -3.8617383896E-05
   32     -9.5890230581E-03  -1.4246377876E-03   4.1750950095E-04   1.2759091784E-03  -1.1412232025E-05
   33      7.4127017160E-03   3.1742395518E-03  -1.9215618490E-03   4.1800970755E-03   7.2113894699E-05
   34      3.6583133294E-03   1.8244007772E-04   9.9400974275E-04  -9.7768339564E-07  -3.2644808880E-05
   35     -7.1109699127E-03   2.3007794957E-03   2.5637206090E-04  -5.3889997311E-03   5.6247404787E-05
   36      1.3449130775E-02   3.1434705535E-03  -3.5863682026E-03   2.2519927701E-03  -3.7840860330E-05
   37      1.2445071996E-01  -6.0307061886E-04  -2.0176923863E-02   1.5246015661E-02  -1.1485627057E-05
   38     -1.3283868125E-01  -8.0306586849E-04  -1.8543158962E-02   1.1857756463E-02   2.6388229222E-05
   39     -9.2956891493E-03  -4.2446770731E-02   3.2544763993E-03   5.3996916881E-02   7.6142778687E-04
   40     -2.6302302665E-02  -2.4677378370E-03  -6.0903947179E-02  -2.5545038426E-03  -3.0537571198E-04
   41     -9.7083651426E-03   4.6709533058E-02  -5.5985318424E-03  -3.5433247622E-01   2.7629441998E-04
   42     -6.7444938591E-03  -2.3833809773E-02   2.6653218949E-02  -2.8941438037E-03  -4.4115769170E-04
   43      1.6251744950E-02   1.3648543715E-02  -2.9010763299E-01   1.2653661755E-01   3.1096140190E-05
   44      1.2471405155E-02  -6.4500635234E-03   1.2942165350E-01  -1.3209058598E-01  -7.0624960083E-05
                   25                 26                 27                 28                 29        
    0     -6.2117505180E-03  -9.0550735990E-02  -2.5336244755E-02   3.7160525033E-02  -3.2324824653E-02
    1     -6.6092127354E-02  -4.3573654235E-02   2.5784816168E-02  -2.5722191217E-01   1.4801579868E-01
    2     -3.8738039103E-02  -3.2758428084E-01  -2.9843855563E-02   1.4057987896E-01  -1.6291057942E-01
    3     -1.3170431617E-02  -5.0792573626E-03   1.5389706847E-03   3.1462555898E-03   1.7613671732E-03
    4      4.0567486977E-03   5.3426799823E-03   1.5231927001E-02  -1.6133055414E-02  -1.5111375901E-02
    5     -2.4045156007E-02  -9.8049357428E-03   3.6351654731E-03   2.1302572469E-02   1.0045975627E-02
    6     -4.6416875248E-04   1.4184657436E-03   6.1684833106E-03   2.4536359626E-03  -2.7958456534E-04
    7     -4.6531265315E-05   3.1887761534E-05   4.4782320943E-03  -4.8855575287E-03  -2.9424769968E-03
    8     -3.0912183352E-04   2.3479623696E-04  -4.6950659446E-04  -2.7346163320E-03  -1.1518931047E-03
    9      6.9803652394E-05  -1.6864924445E-04  -1.1755940954E-03  -1.6764521037E-04   3.1806362741E-04
   10     -1.1058152238E-04   3.3843119723E-04  -3.2248696143E-04   2.3146958984E-04   9.8740631925E-06
   11      2.3663522784E-04  -6.6559364538E-05  -2.4059500121E-04   8.0785925908E-04   9.2831863699E-04
   12      2.2543660333E-03  -4.8523139031E-04  -1.0824683569E-02  -8.8182019947E-04   2.3721923791E-03
   13     -5.4318683695E-03  -4.4209529931E-03  -4.3813409710E-03   3.7196400049E-03   2.2229184932E-03
   14     -5.3095379964E-03   1.5356342804E-03  -6.2527605249E-03  -3.9952153712E-04   1.0120104838E-03
   15      1.3453149440E-03  -3.9179350292E-04   7.2707000542E-03   4.1664061584E-04  -1.3824338692E-03
   16      8.4210474197E-05   2.7099721784E-04   3.1281223634E-05  -2.6553823833E-04  -9.6079062550E-05
   17     -1.3253002477E-04   3.1170170906E-04  -3.7713722142E-03  -2.8231727227E-04   8.7517444459E-04
   18     -3.7169151031E-04   1.5597405465E-04   1.1878519106E-04   4.8228919917E-05  -7.3532745498E-05
   19      5.5219660960E-04  -5.2756724897E-04   4.8016652635E-03   6.8570687226E-04  -1.0285928210E-03
   20      5.8018234456E-04  -4.1784750372E-04   7.4456351085E-03   5.8130434373E-04  -7.9849871529E-04
   21     -4.4234539620E-04   1.5203416750E-03  -1.3669083581E-02   1.2296154875E-04   1.7845043623E-04
   22     -1.3358837898E-03   1.1807641136E-03  -9.9806377839E-03  -1.9748354267E-03   1.9307444692E-03
   23     -1.1343457473E-03   1.3784299060E-03   3.1071307009E-04   4.6580998049E-04  -6.9113690618E-04
   24      9.9206450322E-03   9.6895622067E-02  -1.7916552629E-04  -1.4628594335E-03  -1.7815999807E-03
   25      5.9714407446E-02   4.7192713233E-02   7.2730017423E-03   8.0893326640E-03   2.1630372716E-02
   26      4.7192713233E-02   3.4204471193E-01  -3.0362919871E-03  -5.6806175145E-03  -8.0398213443E-03
   27      7.2730017423E-03  -3.0362919871E-03   3.8629248263E-02  -4.1191531010E-02   3.1748164632E-02
   28      8.0893326640E-03  -5.6806175145E-03  -4.1191531010E-02   2.6603882072E-01  -1.5389051368E-01
   29      2.1630372716E-02  -8.0398213443E-03   3.1748164632E-02  -1.5389051368E-01   1.5958156796E-01
   30     -2.3368132490E-04   4.9760964249E-05  -9.6809914601E-04  -2.8387407532E-04  -5.8713257768E-05
   31     -4.7998488618E-05  -2.6058647506E-07  -1.9310979472E-04  -9.2751718661E-06  -2.1039148762E-04
   32     -1.0057190294E-04   3.1264394845E-05  -4.6235685285E-04  -1.6661639280E-04  -7.6909453587E-05
   33      2.4731991423E-05   3.8206185235E-05  -2.8475306165E-04  -3.1022300729E-05   5.3638085857E-05
   34      5.4537479749E-05   4.3785668283E-06   1.9285660948E-04   5.0076695863E-05   6.4144142397E-06
   35     -2.3628839678E-05   1.8561080857E-05  -1.8917234425E-04  -5.0369099314E-05  -6.6624643718E-05
   36      1.5831755726E-05   3.9160288799E-05   3.0869139884E-04  -1.8336355933E-04   2.2157539147E-04
   37     -6.4435149222E-06   3.2166290530E-06   1.0573667580E-04   9.5091537157E-05  -7.3461004313E-05
   38     -7.3643297752E-06  -2.4009604799E-05   1.5344942240E-04  -1.9342816642E-05  -6.6916565747E-05
   39      1.4314889572E-04  -3.0837410098E-04  -3.2633177770E-04  -1.2766401506E-04   1.5380305375E-04
   40      3.8954575964E-04   2.8620670921E-05  -5.5845101693E-05   1.2074579723E-04   8.3140832868E-05
   41      5.7110939506E-05   3.1008738100E-04   1.6178020558E-04  -1.0929916205E-04   8.2849691422E-05
   42     -1.5084642690E-04  -9.7984370209E-05  -1.2709233900E-03   9.9450750752E-04  -9.1967827449E-04
   43      1.3045517354E-04  -1.9374703667E-04  -1.7875405291E-03   1.4592900717E-03  -5.5851174965E-04
   44      1.0639156609E-04   7.2267478981E-05   8.2411573734E-04  -3.9207216897E-04   1.2764833061E-03
                   30                 31                 32                 33                 34        
    0      3.7938889158E-03   4.3111641320E-04   9.0766411197E-04   8.2920918425E-04  -3.4292160052E-04
    1     -2.4563351735E-03  -4.0748988355E-04  -4.6972576120E-04  -6.8778767495E-04   1.5450909205E-04
    2     -1.5402945792E-03  -4.8714516477E-05  -4.0109890047E-04  -1.3437617627E-03   4.6109386108E-04
    3      5.0874310747E-04   7.9120987211E-05  -3.6488659655E-04  -1.6355969672E-03   2.5005849824E-04
    4      4.9797921177E-03   7.0532086383E-04   1.3709149210E-03  -7.0981621093E-04   9.8841501487E-06
    5      7.5024269006E-03   6.2806472880E-04   1.3730121060E-03   3.5650393089E-03  -5.8144383607E-04
    6     -5.4501360513E-04   5.9550317847E-05  -5.9956573059E-05  -1.4351129229E-04   7.5415372486E-05
    7      4.9593809799E-04  -6.3111502017E-05  -3.8854825448E-05   1.1790407550E-04   9.8691956936E-06
    8     -9.9222810073E-04  -2.2037319412E-04  -3.6124822098E-05  -1.4210069181E-04   7.1529506468E-06
    9      1.2280078448E-04  -6.5642922278E-06   3.2854707469E-05   2.6440626821E-05  -3.1259177395E-05
   10      2.5514044045E-05   1.1168198087E-04  -4.2645492763E-05   4.7661847866E-05  -7.4399967786E-05
   11      1.0409154635E-04  -8.5889119730E-07   5.3106863894E-05   5.6295470082E-05   8.4739096338E-06
   12     -2.2079008134E-02  -1.8712868721E-03  -3.4142277296E-03  -1.0921633931E-02   1.7975686430E-03
   13      6.5349594454E-03   2.1435189686E-03   4.8045085407E-04  -8.2426682843E-03   1.9444864388E-03
   14     -1.4234562494E-02  -1.4043891633E-03  -1.6621366877E-03  -1.1081013956E-02   1.7417541993E-03
   15     -2.5514650251E-02  -2.4569437301E-03   8.1372203993E-03  -3.5753970648E-02  -1.1855318976E-02
   16     -2.4892990917E-03  -2.8016602599E-01   1.3530749933E-01  -1.1495401926E-02  -2.8968318210E-01
   17     -5.0124790175E-04   1.3774846409E-01  -1.4805341969E-01  -4.5029995439E-03  -1.3670305906E-01
   18      2.4613666667E-03  -4.9486584510E-04  -1.2759702514E-04   7.1650584120E-03   6.1668267211E-05
   19     -8.1156211809E-03   4.7221665412E-03   2.8046014367E-02   1.3168123056E-02   4.6838282208E-03
   20      1.5359852605E-02  -1.5040404732E-03  -9.5890230581E-03   7.4127017160E-03   3.6583133294E-03
   21     -7.4543883117E-03  -6.6566269044E-04  -1.4246377876E-03   3.1742395518E-03   1.8244007772E-04
   22     -3.2157818606E-03   1.0111339587E-03   4.1750950095E-04  -1.9215618490E-03   9.9400974275E-04
   23     -3.5333754238E-03  -1.2840625175E-03   1.2759091784E-03   4.1800970755E-03  -9.7768339564E-07
   24     -2.0701035424E-04  -3.8617383896E-05  -1.1412232025E-05   7.2113894699E-05  -3.2644808880E-05
   25     -2.3368132490E-04  -4.7998488618E-05  -1.0057190294E-04   2.4731991423E-05   5.4537479749E-05
   26      4.9760964249E-05  -2.6058647506E-07   3.1264394845E-05   3.8206185235E-05   4.3785668283E-06
   27     -9.6809914601E-04  -1.9310979472E-04  -4.6235685285E-04  -2.8475306165E-04   1.9285660948E-04
   28     -2.8387407532E-04  -9.2751718661E-06  -1.6661639280E-04  -3.1022300729E-05   5.0076695863E-05
   29     -5.8713257768E-05  -2.1039148762E-04  -7.6909453587E-05   5.3638085857E-05   6.4144142397E-06
   30      3.8987420512E-02   4.7924593140E-03  -6.7041031593E-03   4.0304258705E-03  -8.0208087910E-04
   31      4.7924593140E-03   2.8454236599E-01  -1.4821476740E-01  -5.6100275980E-04  -1.3796057567E-02
   32     -6.7041031593E-03  -1.4821476740E-01   1.4963731226E-01   7.4998821030E-04  -1.4321938567E-02
   33      4.0304258705E-03  -5.6100275980E-04   7.4998821030E-04   3.7698951946E-02   1.0329917846E-02
   34     -8.0208087910E-04  -1.3796057567E-02  -1.4321938567E-02   1.0329917846E-02   2.9437466406E-01
   35      1.6724647464E-03   1.5283435652E-02   1.1666111640E-02   1.6234548418E-03   1.4556133115E-01
   36      5.6297895151E-03   3.5925715454E-04   2.1878945362E-03  -3.7471997254E-03   4.4626642453E-04
   37      1.4604816886E-04   9.8945558268E-04  -1.1462076246E-03  -2.9786289576E-05   7.2077789246E-04
   38      3.4954389953E-03  -1.0030994474E-03  -4.1870744252E-03  -1.0961892255E-03  -2.1899347414E-04
   39      1.1341632766E-04  -1.8153859466E-04   4.2850812177E-04  -8.0674918773E-04  -1.3720670734E-04
   40     -1.0944596917E-04   3.3894155937E-05  -3.3946948281E-04   4.5267433434E-04   2.4081058457E-04
   41     -9.3721506966E-05  -3.7588165765E-05   2.9730701126E-04   4.9866894756E-04   1.9991355582E-04
   42      1.1203181018E-03   7.4469071539E-04   1.2616935793E-04   2.9697532744E-04  -1.3602692975E-04
   43      7.3480542789E-04   2.3042056260E-04  -8.2698645097E-04  -4.6069851531E-04   3.1618608836E-04
   44     -5.2691082291E-04   3.1397629200E-04  -3.2823641955E-04  -1.1894012796E-05   1.8707133020E-04
                   35                 36                 37                 38                 39        
    0      5.4312220501E-04   3.6385316264E-04  -3.8047625599E-04  -2.3117738393E-04  -7.4686083756E-03
    1     -2.5982023333E-05   5.9946981055E-04   2.4309729459E-04   2.8424471163E-04   2.1081775056E-03
    2     -1.9399309459E-04  -4.5943181255E-04   7.9582315035E-05   1.9342387772E-04   6.8189754577E-03
    3     -4.8764732031E-04   1.4034537121E-03   1.3409737110E-04   1.7668842780E-04   8.4541668742E-04
    4      2.0933208183E-04  -5.2747303089E-04  -6.7992697456E-04   2.2170783733E-04  -4.1895371594E-03
    5      8.4787371536E-04  -3.8465889384E-04  -1.3164415317E-04  -3.8477150313E-04  -2.6272095285E-03
    6      3.5185208510E-05  -1.1778301420E-03   2.5573490087E-05   4.8379157256E-06  -3.2538492298E-04
    7     -1.4838393328E-04   1.1229018938E-04   1.2571415767E-04   7.0505372168E-05   1.2263404751E-04
    8     -9.1539960065E-05   6.0055828140E-05  -1.8455026855E-05   2.0484797061E-04  -6.9585426559E-05
    9      4.4338756671E-05   2.2709241198E-04   3.0180326167E-05  -4.3697407803E-07   3.9828856588E-05
   10      1.0558089943E-04   2.2130698146E-05   3.2509642427E-05  -8.0029134516E-05   8.0357039940E-05
   11      2.9391074372E-05  -6.0818595938E-06  -9.1329302155E-05  -1.1765907994E-04  -2.0583249495E-04
   12     -1.7485801343E-03   1.7398252264E-03   1.9305149646E-05  -8.9598024655E-06   2.2853162515E-03
   13     -1.2773376209E-03   4.9960241150E-04   1.1872993389E-04  -5.8778519648E-04   1.4385202544E-03
   14     -1.6537468391E-03   2.0183417930E-04   4.7862500298E-04   1.0385088157E-03   2.9749220658E-03
   15      6.5294292933E-04   7.7208346099E-04   7.3789508292E-04   1.1154198174E-03   4.2912973316E-03
   16     -1.3277687824E-01  -7.4621524663E-03   5.4505911181E-03   2.9828168882E-02  -2.9856241371E-03
   17     -1.4003042587E-01   6.4322796107E-03  -3.8267346387E-03  -1.4277784336E-02   1.1363487502E-03
   18     -3.5157060045E-03  -4.3225601007E-02  -3.1041886156E-02   1.9866383799E-02   6.9759804452E-03
   19     -2.5659796229E-02  -2.2777138155E-02  -2.7561481726E-01   1.2509497871E-01  -5.7199222169E-04
   20     -7.1109699127E-03   1.3449130775E-02   1.2445071996E-01  -1.3283868125E-01  -9.2956891493E-03
   21      2.3007794957E-03   3.1434705535E-03  -6.0307061886E-04  -8.0306586849E-04  -4.2446770731E-02
   22      2.5637206090E-04  -3.5863682026E-03  -2.0176923863E-02  -1.8543158962E-02   3.2544763993E-03
   23     -5.3889997311E-03   2.2519927701E-03   1.5246015661E-02   1.1857756463E-02   5.3996916881E-02
   24      5.6247404787E-05  -3.7840860330E-05  -1.1485627057E-05   2.6388229222E-05   7.6142778687E-04
   25     -2.3628839678E-05   1.5831755726E-05  -6.4435149222E-06  -7.3643297752E-06   1.4314889572E-04
   26      1.8561080857E-05   3.9160288799E-05   3.2166290530E-06  -2.4009604799E-05  -3.0837410098E-04
   27     -1.8917234425E-04   3.0869139884E-04   1.0573667580E-04   1.5344942240E-04  -3.2633177770E-04
   28     -5.0369099314E-05  -1.8336355933E-04   9.5091537157E-05  -1.9342816642E-05  -1.2766401506E-04
   29     -6.6624643718E-05   2.2157539147E-04  -7.3461004313E-05  -6.6916565747E-05   1.5380305375E-04
   30      1.6724647464E-03   5.6297895151E-03   1.4604816886E-04   3.4954389953E-03   1.1341632766E-04
   31      1.5283435652E-02   3.5925715454E-04   9.8945558268E-04  -1.0030994474E-03  -1.8153859466E-04
   32      1.1666111640E-02   2.1878945362E-03  -1.1462076246E-03  -4.1870744252E-03   4.2850812177E-04
   33      1.6234548418E-03  -3.7471997254E-03  -2.9786289576E-05  -1.0961892255E-03  -8.0674918773E-04
   34      1.4556133115E-01   4.4626642453E-04   7.2077789246E-04  -2.1899347414E-04  -1.3720670734E-04
   35      1.4134712008E-01  -8.5554962687E-04   1.9441601828E-04   1.0833442503E-03  -3.1528263148E-04
   36     -8.5554962687E-04   3.2102634826E-02   3.2430564354E-02  -2.2167585240E-02  -4.7891480752E-03
   37      1.9441601828E-04   3.2430564354E-02   2.9022702663E-01  -1.3223612873E-01   5.0190862944E-04
   38      1.0833442503E-03  -2.2167585240E-02  -1.3223612873E-01   1.3797284484E-01  -3.4788786621E-04
   39     -3.1528263148E-04  -4.7891480752E-03   5.0190862944E-04  -3.4788786621E-04   3.7996245671E-02
   40     -1.4286104068E-03   4.4266095465E-04   1.1761737681E-03   4.5511170944E-04   8.9099361706E-04
   41     -4.1332015730E-04  -6.5538909335E-04  -1.5794456308E-05   8.3185817797E-04  -5.0060207564E-02
   42      1.8327182487E-04   7.2867255431E-03  -2.0741539168E-03  -1.7783900449E-04   2.8540637122E-03
   43     -2.2896611819E-04  -3.8202872186E-04  -2.7010559412E-03  -3.2676298584E-03  -3.4615928781E-04
   44     -4.2781635922E-05  -3.2069209484E-04  -2.9040059257E-03  -1.2856876307E-03  -2.2817478298E-03
                   40                 41                 42                 43                 44        
    0      1.4553043415E-03  -1.7887204400E-03  -1.8223882643E-02  -1.1516498358E-03   1.6018231204E-03
    1     -1.4082447020E-03   6.9311826056E-04   8.3125183267E-03  -9.3851543619E-04  -3.7755857758E-05
    2     -4.9358365915E-04   1.0376934202E-03   1.4452528291E-04   6.5449682848E-04  -6.7866558777E-04
    3      1.2427858428E-04  -5.1228565271E-06   8.2501409624E-04  -1.2143169992E-04   2.4589480077E-04
    4      1.1036488539E-03  -9.3725027837E-04  -6.2214306827E-03   3.3225637276E-04   1.9698093037E-04
    5      1.0079117378E-03  -9.6872294071E-04  -8.8893666156E-03  -2.6949302167E-05   1.5142971764E-03
    6     -1.0067902992E-04   1.1586812847E-04   5.1703986534E-04   2.7001566447E-04  -3.6725111848E-04
    7      1.9319363809E-04  -1.0761995674E-04  -3.3599391664E-04   1.8811122310E-05   1.6847362601E-04
    8     -9.9480417379E-05  -2.5800030519E-05  -3.6141836998E-04  -8.7653492792E-05  -1.4261892597E-04
    9     -4.3249788364E-05  -2.1527539061E-05  -1.0710147825E-04  -6.6038342810E-05   5.6009163567E-05
   10     -1.3626377614E-04   5.0015523158E-05   1.7716845805E-04   8.6590042586E-05  -1.2597231416E-04
   11      1.6546756085E-04  -5.1488170266E-05   7.1779396331E-06  -1.9235202887E-05   1.4949900543E-04
   12     -1.3527609123E-03   6.1591029507E-04   5.1237526174E-03   1.8297910290E-04  -9.0492734122E-04
   13     -3.4325977477E-04   4.1024501187E-04   1.6367350822E-03   3.5551821725E-05  -1.8075579269E-04
