
$orca_hessian_file

$act_atom
  0

$act_coord
  0

$act_energy
        0.000000

$multiplicity
  1

$hessian
45
                    0                  1                  2                  3                  4        
    0      1.1696236957E-01  -5.3249788887E-02   1.3797016388E-01  -6.1839721605E-02   3.0898722819E-02
    1     -5.3249788887E-02   7.3289762177E-01   4.5166447512E-02   7.6889329903E-02  -3.5545526247E-01
    2      1.3797016388E-01   4.5166447512E-02   6.6874882132E-01   1.4899208612E-02  -9.8613885831E-02
    3     -6.1839721605E-02   7.6889329903E-02   1.4899208612E-02   3.2393697867E-01  -1.0379464723E-01
    4      3.0898722819E-02  -3.5545526247E-01  -9.8613885831E-02  -1.0379464723E-01   6.6581430858E-01
    5     -3.5727708461E-02  -8.6642064915E-02  -1.3150990981E-01   1.5162903052E-01   1.0720679615E-01
    6     -2.1432983812E-04   1.5216489429E-02  -6.5855910017E-03  -8.4325503207E-02   5.0998435527E-02
    7      1.6467958380E-02  -3.5005456557E-02   2.0522718490E-02   5.3834431654E-02  -1.9016923404E-01
    8     -3.7139587176E-03  -1.7985580653E-03   1.4810783757E-02  -3.5948357834E-02   8.1933745768E-02
    9      1.2962991830E-03  -1.2066508962E-03  -2.3095504664E-03   1.1056153952E-02   8.0262456434E-03
   10     -1.8311194196E-03   2.7700893570E-03   1.7280152599E-03   8.1689679177E-03   4.2593234207E-03
   11      1.0569285940E-03  -3.5981666257E-04  -5.9911988172E-03  -7.8597050310E-03   1.2744034854E-02
   12      5.6369953027E-02  -2.7474095164E-02  -1.9345705985E-02  -1.0263547752E-01   4.5057870798E-03
   13     -2.1760424694E-03  -1.1207832461E-02  -5.3405231350E-02  -1.5693451880E-02  -1.1301616359E-01
   14      4.1032971665E-02  -5.5743976174E-02  -5.1383897581E-02  -8.7636474508E-02  -8.2622375634E-02
   15     -6.0995437272E-02   3.3259596312E-02   2.1374730941E-02  -4.1413708181E-02  -6.6670657052E-02
   16      1.9451283149E-05  -1.4595818266E-03  -5.4377693399E-03  -5.6632148462E-03  -3.3210743793E-03
   17      1.9754792397E-02  -7.6823739130E-03  -5.4895285983E-03  -9.2092832310E-03   1.6610258851E-02
   18     -1.5653839060E-02  -2.3019442675E-03  -6.7037928872E-04  -2.8871949633E-02  -3.9855986576E-03
   19     -4.4148063203E-02   1.1792816726E-02   1.1081307454E-02   3.0890444853E-03  -2.0525038805E-02
   20     -6.5668135056E-02   2.3318452047E-02   1.3708859815E-02  -1.6168228523E-02  -4.7997127717E-02
   21      8.3420148581E-02  -3.4065239127E-02  -1.7970683759E-02  -2.4624391078E-02   6.3440939394E-02
   22      4.9640025430E-02  -2.7627922298E-02  -1.3772853452E-02  -3.6277555767E-03   2.6683540301E-02
   23      2.7402704211E-02  -8.7978740116E-03  -2.2147467412E-02  -4.5985692186E-03   1.8082738946E-02
   24     -7.3847189870E-02  -2.2351722274E-02  -1.1434245552E-01   4.3868195723E-03   1.2280100808E-03
   25     -1.6169114172E-02  -7.1725115912E-02  -5.4484146645E-02  -1.5702768988E-02   1.1514337624E-03
   26     -1.0166712727E-01  -5.8894023655E-02  -3.0399113165E-01  -6.3363690949E-03   3.8976317067E-03
   27     -1.7416493513E-02   5.2564135911E-03  -1.9544737148E-02  -1.4784512954E-03   2.0563496181E-02
   28      2.0771744326E-02  -2.4177181366E-01   1.4524953820E-01   2.0106947607E-03  -1.6769947432E-02
   29     -2.2917949593E-02   1.5098768547E-01  -1.7682975213E-01   1.8290206210E-03  -1.3667070225E-02
   30      4.0219277481E-03  -2.2284753340E-03  -1.0827746793E-03   1.6832950219E-03   7.0305889843E-03
   31      4.8230635802E-04  -5.7691452854E-04   3.6875842516E-05   1.3423999911E-04   1.5270984386E-04
   32      8.6269314652E-04  -3.3224709308E-04  -2.2553596251E-04  -5.5234669239E-04   2.2776563167E-03
   33      1.0414284953E-03  -5.9047646166E-04  -1.5184909773E-03  -2.2600506646E-03  -2.1862616679E-04
   34     -4.1270538205E-04   1.5831439996E-04   5.7180094988E-04   6.1870643517E-04   3.2656767381E-05
   35      8.4017374856E-04  -6.3056980289E-06  -1.4164325682E-04  -9.0813194187E-04   5.8880182406E-04
   36     -3.5811907874E-04   9.9935056647E-04  -8.5247231175E-04   3.1620381594E-03  -6.4005783554E-04
   37     -1.3150255808E-04  -1.9853600640E-05   1.6295877502E-04  -7.6632068914E-05  -4.8946850232E-04
   38     -6.3092292115E-04   3.4285756084E-04   1.4920545990E-04   2.9605981107E-04  -1.6077691140E-04
   39     -7.7540040548E-03   9.7289357555E-04   8.7313116790E-03   1.6183826765E-03  -3.5594148681E-03
   40      1.3890064934E-03  -1.4983512871E-03  -3.5854710222E-04   8.3870513350E-05   1.0633214289E-03
   41     -2.0973998582E-03   5.9595976207E-04   1.0843648207E-03   1.7721165628E-04  -1.1127822493E-03
   42     -2.5032992313E-02   1.0867312003E-02   1.2370335169E-03   1.6055851318E-03  -7.8194762355E-03
   43     -1.5438719662E-03  -1.2707376571E-03   1.5596576740E-03  -2.7456274796E-04   5.8889511644E-04
   44      3.5131667344E-03  -1.6104860403E-04  -7.9196995460E-04   3.6628903445E-04   8.3057893403E-04
                    5                  6                  7                  8                  9        
    0     -3.5727708461E-02  -2.1432983812E-04   1.6467958380E-02  -3.7139587176E-03   1.2962991830E-03
    1     -8.6642064915E-02   1.5216489429E-02  -3.5005456557E-02  -1.7985580653E-03  -1.2066508962E-03
    2     -1.3150990981E-01  -6.5855910017E-03   2.0522718490E-02   1.4810783757E-02  -2.3095504664E-03
    3      1.5162903052E-01  -8.4325503207E-02   5.3834431654E-02  -3.5948357834E-02   1.1056153952E-02
    4      1.0720679615E-01   5.0998435527E-02  -1.9016923404E-01   8.1933745768E-02   8.0262456434E-03
    5      5.9406853839E-01  -3.0046882641E-02   6.5351519090E-02  -1.1723366129E-01  -2.9522284934E-03
    6     -3.0046882641E-02   3.0750051966E-01  -4.2105665925E-01   3.6141674202E-01  -2.1882227041E-01
    7      6.5351519090E-02  -4.2105665925E-01   8.9240578501E-01  -6.3508026551E-01   3.4834108446E-01
    8     -1.1723366129E-01   3.6141674202E-01  -6.3508026551E-01   6.4514137939E-01  -2.9262927617E-01
    9     -2.9522284934E-03  -2.1882227041E-01   3.4834108446E-01  -2.9262927617E-01   2.0656522632E-01
   10      7.3411074876E-03   3.4627523527E-01  -6.8154655370E-01   5.4010561909E-01  -3.5494493869E-01
   11      9.2535605401E-03  -2.8950306996E-01   5.3762740257E-01  -4.8316085131E-01   2.9557238209E-01
   12     -6.8878669381E-02  -1.4394418826E-02   1.1653879555E-02  -4.2607681839E-02   2.2463532142E-03
   13     -9.0295182242E-02   4.6070966201E-03   1.8644440495E-02   1.6012206767E-02   5.1271468932E-04
   14     -3.3172802951E-01  -3.6593037805E-02   1.8295917892E-02  -5.9629364812E-02   1.9554983608E-03
   15     -1.0631385653E-01   5.7151639646E-03  -1.0385077539E-02   1.3335591877E-02  -1.1862105343E-03
   16      4.4907312754E-03   7.9855429819E-04   1.3765313626E-03   1.2297949312E-03   7.1531061675E-05
   17      1.5639751179E-02  -4.4200262175E-03   2.1938167051E-03  -4.2109652252E-03   1.0007073002E-03
   18      4.6358519862E-03   5.5258602564E-03  -2.6885433597E-03  -1.1556275382E-04  -1.1864893188E-03
   19     -3.3720969456E-02   1.6622048257E-03   1.1902696852E-03  -1.2530178532E-03  -7.7098246773E-04
   20     -5.4591317305E-02   2.3326536052E-03  -5.1791299381E-03   4.5899582883E-03  -4.7759729759E-04
   21      6.8224684090E-02   1.0282508619E-03  -1.8821805471E-03   2.3571170012E-03   2.9305278042E-05
   22      2.9099379752E-02  -4.6592530694E-04  -2.3309216280E-03   1.8454263687E-03   1.1247287652E-04
   23      1.2471672299E-02   1.6324467551E-03  -1.4552324473E-03   8.8245232327E-04  -3.6880167302E-04
   24      1.5397560604E-02  -3.8329449931E-03  -7.0254606623E-04   7.5139453057E-04   6.0572215534E-04
   25     -2.4123185265E-02  -6.7496724623E-04   5.0737348879E-05  -5.9674796800E-04   1.1740952257E-04
   26     -1.0090424512E-02   1.9813144715E-03   3.8934330714E-04   2.0256796247E-04  -2.9516566621E-04
   27      1.8756945503E-03   5.3917789314E-03   4.7904966495E-03  -1.4094214131E-04  -1.3021214670E-03
   28      2.1505601035E-02   2.2519807067E-03  -5.0140076991E-03  -2.3481353004E-03  -6.9595779325E-05
   29      1.0214740706E-02   9.6407386481E-05  -2.7131331875E-03  -8.3027611701E-04   3.5421874246E-04
   30      7.4910146200E-03  -1.2564821413E-03   2.8387180424E-04  -1.7502759772E-03   1.6088826966E-04
   31     -1.0139311695E-04  -6.9769897822E-05  -1.0421448836E-04   1.3036713304E-04   3.7489639755E-05
   32      1.2441394712E-03   1.0080171668E-04  -1.4611285491E-04  -3.5695320960E-04  -2.5610386375E-05
   33      3.8548494838E-03  -4.8266177485E-04   1.9331171142E-04  -2.4144368722E-04   1.1910794360E-04
   34     -2.7540646095E-04   1.2698843617E-04   2.8390713411E-05   5.6918446108E-05  -3.9971950311E-05
   35      1.3507004405E-03   7.3764002678E-05  -1.6736184943E-04  -1.4970895673E-04   1.3743612911E-05
   36     -1.9639176970E-04  -1.7944132675E-03   4.5378389295E-04   1.0461955909E-04   3.8584668528E-04
   37     -1.0091223635E-04   1.0194879538E-04   9.3877114311E-05  -4.9409546102E-05  -5.3470117568E-05
   38     -5.7426829206E-04   5.2829081051E-05   1.2586149882E-04   2.3835275800E-04   4.2251884898E-05
   39     -6.9485389166E-04  -5.7960581116E-04   3.9334924665E-04  -1.1970341537E-04   1.1703366334E-04
   40      5.5838171271E-04  -9.7782540250E-05   1.9914645032E-04  -1.0353237860E-04  -2.5799405406E-05
   41     -7.0286536124E-04   7.0970764469E-05   2.6506178006E-05  -9.3155641771E-05   4.2757879244E-07
   42     -8.2774488697E-03   5.4105659540E-04   2.9948111204E-04  -6.9719434318E-04  -8.4844937312E-05
   43     -2.9262759709E-04   3.2952862919E-04   1.8120993531E-04  -8.1441740597E-05  -1.1244657967E-04
   44      2.1873730577E-03  -6.1039028788E-04   2.0517990612E-04  -2.0055790762E-04   1.2030170430E-04
                   10                 11                 12                 13                 14        
    0     -1.8311194196E-03   1.0569285940E-03   5.6369953027E-02  -2.1760424694E-03   4.1032971665E-02
    1      2.7700893570E-03  -3.5981666257E-04  -2.7474095164E-02  -1.1207832461E-02  -5.5743976174E-02
    2      1.7280152599E-03  -5.9911988172E-03  -1.9345705985E-02  -5.3405231350E-02  -5.1383897581E-02
    3      8.1689679177E-03  -7.8597050310E-03  -1.0263547752E-01  -1.5693451880E-02  -8.7636474508E-02
    4      4.2593234207E-03   1.2744034854E-02   4.5057870798E-03  -1.1301616359E-01  -8.2622375634E-02
    5      7.3411074876E-03   9.2535605401E-03  -6.8878669381E-02  -9.0295182242E-02  -3.3172802951E-01
    6      3.4627523527E-01  -2.8950306996E-01  -1.4394418826E-02   4.6070966201E-03  -3.6593037805E-02
    7     -6.8154655370E-01   5.3762740257E-01   1.1653879555E-02   1.8644440495E-02   1.8295917892E-02
    8      5.4010561909E-01  -4.8316085131E-01  -4.2607681839E-02   1.6012206767E-02  -5.9629364812E-02
    9     -3.5494493869E-01   2.9557238209E-01   2.2463532142E-03   5.1271468932E-04   1.9554983608E-03
   10      6.7763165312E-01  -5.5076688968E-01  -1.0777690893E-03  -2.9871316462E-03  -2.0574180856E-04
   11     -5.5076688968E-01   4.7438141034E-01   4.2890115342E-03  -4.2948369493E-05   5.6198053088E-03
   12     -1.0777690893E-03   4.2890115342E-03   9.8267692685E-02  -9.3758797095E-03   9.8933146020E-02
   13     -2.9871316462E-03  -4.2948369493E-05  -9.3758797095E-03   1.3961990430E-01   1.3748711267E-01
   14     -2.0574180856E-04   5.6198053088E-03   9.8933146020E-02   1.3748711267E-01   4.6743347906E-01
   15      2.1238858829E-03  -2.3366720252E-03   1.0696904729E-01   2.9558399597E-02   7.5050469952E-02
   16     -1.0196210278E-03   3.3595356314E-04   6.4112196960E-03  -3.3148086530E-02  -1.0326175494E-02
   17     -1.0097512704E-03   1.0811486940E-03  -3.3141110192E-02  -1.1094327849E-02  -6.2369876355E-02
   18      1.6807276571E-03  -1.0638499336E-03  -3.9761346156E-02  -7.0075230958E-04   8.0043754311E-03
   19     -8.3598282210E-05   1.3193338861E-04   4.3611771756E-02   4.0064746136E-03   2.4165290366E-02
   20      2.1195968667E-03  -1.5933260361E-03   9.0027378147E-02   1.1748605914E-02   4.7346416281E-02
   21      4.0529328106E-05  -3.5439678679E-04  -5.8877722827E-02  -1.2374356878E-02  -5.7550221737E-02
   22      6.2982211224E-04  -6.3518469154E-04  -3.6292322547E-02  -6.4525741696E-03  -2.9024125924E-02
   23      4.4512870076E-04  -4.5590860543E-04  -1.8147901809E-02  -5.8739609189E-03  -1.3585599349E-02
   24     -5.7280618854E-05   3.5974731397E-04   3.7908434088E-03   5.1333484124E-03  -5.0599562494E-03
   25     -4.4742410280E-05   3.0352334471E-04   2.3206253724E-03  -5.8264358620E-03  -5.5203138845E-03
   26      2.8742113336E-04  -1.4653316278E-04  -2.8179083532E-04  -4.4176507433E-03   3.0947812404E-03
   27     -1.3445938077E-04  -5.0145551791E-04  -1.1016169270E-02  -5.0923035791E-03  -6.6562692461E-03
   28      3.8131870976E-04   6.5460349326E-04   2.5130141428E-04   3.6482672592E-03  -4.3442442348E-04
   29      8.7568325224E-05   8.1548620879E-04   2.1846801735E-03   1.8416447295E-03   4.7216338548E-04
   30      2.0170159888E-04   8.9892412106E-05  -2.8868253873E-02   1.6560449975E-02  -2.1028892435E-02
   31      3.5244252150E-05  -5.2865226616E-06   1.9268804097E-03   2.8049214455E-03   1.4979405115E-04
   32      6.9856089364E-05   1.1849044754E-05  -6.6585411426E-03   2.5329020132E-03  -2.1518771804E-03
   33     -5.5457824484E-05   1.0723294472E-04  -2.1371988743E-02  -1.3983377810E-02  -2.0498743500E-02
   34     -4.1437232764E-05  -9.2904964412E-06   4.9342595394E-03   4.0615738459E-03   3.6778981659E-03
   35      1.1740074260E-04   9.8015660187E-06  -4.7887469661E-03  -3.4706027173E-03  -3.6776529459E-03
   36     -2.5164471620E-04   1.4368375647E-04   2.5222951001E-03  -7.3734107205E-05   2.0565077674E-05
   37      9.3424003731E-05  -1.0999571325E-04  -2.1675858541E-04   1.1410537025E-04   3.4888951638E-04
   38     -1.0578937282E-04  -6.7311191369E-05   7.5680093030E-05  -8.7330323909E-04   1.9689160305E-03
   39     -9.7053091082E-05  -1.0414936284E-04   8.6253272026E-04   9.5741683418E-04   1.0419935960E-03
   40     -1.3850550929E-04   1.6772782028E-04  -1.6520417070E-03  -3.1874499124E-04  -6.5474642630E-04
   41     -3.3081789186E-05   2.4067164122E-05   5.3932214712E-04   4.6113159057E-04   1.2940703190E-03
   42     -3.6416832881E-05   1.0311885033E-04   5.8966597676E-03   2.1301315770E-03   8.9908014308E-03
   43      6.0714832073E-05  -3.8433367704E-05   4.8348301818E-04   5.7281925381E-05   4.0606427072E-04
   44     -1.7779330754E-04   2.1800026257E-04  -2.2052960180E-03  -6.0948341171E-04  -2.7033338880E-03
                   15                 16                 17                 18                 19        
    0     -6.0995437272E-02   1.9451283149E-05   1.9754792397E-02  -1.5653839060E-02  -4.4148063203E-02
    1      3.3259596312E-02  -1.4595818266E-03  -7.6823739130E-03  -2.3019442675E-03   1.1792816726E-02
    2      2.1374730941E-02  -5.4377693399E-03  -5.4895285983E-03  -6.7037928872E-04   1.1081307454E-02
    3     -4.1413708181E-02  -5.6632148462E-03  -9.2092832310E-03  -2.8871949633E-02   3.0890444853E-03
    4     -6.6670657052E-02  -3.3210743793E-03   1.6610258851E-02  -3.9855986576E-03  -2.0525038805E-02
    5     -1.0631385653E-01   4.4907312754E-03   1.5639751179E-02   4.6358519862E-03  -3.3720969456E-02
    6      5.7151639646E-03   7.9855429819E-04  -4.4200262175E-03   5.5258602564E-03   1.6622048257E-03
    7     -1.0385077539E-02   1.3765313626E-03   2.1938167051E-03  -2.6885433597E-03   1.1902696852E-03
    8      1.3335591877E-02   1.2297949312E-03  -4.2109652252E-03  -1.1556275382E-04  -1.2530178532E-03
    9     -1.1862105343E-03   7.1531061675E-05   1.0007073002E-03  -1.1864893188E-03  -7.7098246773E-04
   10      2.1238858829E-03  -1.0196210278E-03  -1.0097512704E-03   1.6807276571E-03  -8.3598282210E-05
   11     -2.3366720252E-03   3.3595356314E-04   1.0811486940E-03  -1.0638499336E-03   1.3193338861E-04
   12      1.0696904729E-01   6.4112196960E-03  -3.3141110192E-02  -3.9761346156E-02   4.3611771756E-02
   13      2.9558399597E-02  -3.3148086530E-02  -1.1094327849E-02  -7.0075230958E-04   4.0064746136E-03
   14      7.5050469952E-02  -1.0326175494E-02  -6.2369876355E-02   8.0043754311E-03   2.4165290366E-02
   15      7.4111977551E-02   5.7892499438E-02  -5.0879452102E-02  -7.9647211158E-02  -3.9480903927E-02
   16      5.7892499438E-02   6.8768147250E-01   2.8632995380E-02  -4.0373831864E-03  -1.0788780801E-01
   17     -5.0879452102E-02   2.8632995380E-02   7.0380935237E-01   9.7262310331E-02   1.1113609054E-02
   18     -7.9647211158E-02  -4.0373831864E-03   9.7262310331E-02   2.4333846278E-01   1.0305225074E-01
   19     -3.9480903927E-02  -1.0788780801E-01   1.1113609054E-02   1.0305225074E-01   7.0360553149E-01
   20      3.9695429701E-02  -2.8020464061E-03  -3.0964552630E-01  -1.0642328452E-01   1.8095198937E-02
   21      6.7049593827E-02   5.5336878400E-03  -1.4028803058E-02  -5.8598933393E-02  -2.7904463156E-02
   22      4.2375966147E-02  -1.5366981670E-03  -2.3590605848E-02  -5.7155243992E-02  -3.0981278076E-01
   23      1.4125033078E-02  -3.5740108653E-02  -3.6912021537E-02  -2.8523871538E-02  -1.3995216466E-01
   24      1.3202697327E-03  -1.5582761292E-04   1.5816953511E-04  -1.2889054542E-03   9.9131949817E-04
   25      1.8189815934E-03  -1.6459034454E-05   3.2737266447E-04  -4.3552125807E-04   4.2974955920E-04
   26     -2.5712543412E-04   6.3070026062E-04   2.9565196034E-05   2.1792392951E-04  -6.3298019996E-04
   27      8.1657107428E-03  -1.0915030658E-03  -2.4763586553E-03   8.9663120623E-04   5.0826935911E-03
   28      2.0545833565E-04  -4.3306485838E-04   2.1423563934E-04   4.7635274263E-06   7.9773479376E-04
   29     -1.1036083360E-03   9.5126940311E-05   5.8070603881E-04  -4.0374236531E-04  -9.8806024075E-04
   30     -2.8290746635E-02  -1.2424944889E-02   4.3981211669E-03   4.6708306276E-04  -1.3383832824E-02
   31     -9.1881466877E-03  -2.7364060870E-01   1.2905695783E-01  -9.3382474498E-04   4.8749654565E-03
   32      1.1697240396E-02   1.2752970422E-01  -1.4094886215E-01   1.3349814464E-03   2.7237461118E-02
   33     -4.0373712684E-02  -3.5812755698E-02  -1.8948477127E-02   7.2539204368E-03   1.6577354088E-02
   34     -4.0331179425E-02  -2.6880036190E-01  -1.3826890271E-01   3.8348963114E-04   2.9046397111E-03
   35     -1.5632503421E-02  -1.3452920470E-01  -1.4754677385E-01  -6.6395637901E-03  -2.3342062813E-02
   36     -2.7088029392E-03  -9.2708746354E-03   8.9065435399E-03  -4.1277813504E-02  -2.9178696576E-02
   37      1.7339228199E-03   4.6885741778E-03  -3.6674828033E-03  -4.1704364165E-02  -2.7572894047E-01
   38      9.3880711499E-04   3.0158784244E-02  -1.4412147814E-02   2.5645381547E-02   1.1917623251E-01
   39      4.9007599171E-03  -3.6974767515E-03   6.8821807498E-04   7.5203327643E-03   4.6264849692E-04
   40     -1.2291200801E-03  -4.2231144731E-03  -3.6308585701E-03   7.4237386165E-03   5.5292713243E-03
   41     -2.2371422001E-03  -3.5748344031E-03  -1.2232884061E-03   5.3229632993E-03   4.4398205516E-03
   42     -1.3616693625E-02   1.4414038227E-03   9.1463292180E-04   1.2841971687E-03  -1.9668055917E-02
   43     -1.6979921703E-03   1.7399008657E-03   8.5456129630E-04   1.4039163481E-03  -2.1093287024E-02
   44      2.5630723079E-03  -7.5315627683E-04   1.6184667540E-03   1.4157317058E-03  -1.5539841997E-02
                   20                 21                 22                 23                 24        
    0     -6.5668135056E-02   8.3420148581E-02   4.9640025430E-02   2.7402704211E-02  -7.3847189870E-02
    1      2.3318452047E-02  -3.4065239127E-02  -2.7627922298E-02  -8.7978740116E-03  -2.2351722274E-02
    2      1.3708859815E-02  -1.7970683759E-02  -1.3772853452E-02  -2.2147467412E-02  -1.1434245552E-01
    3     -1.6168228523E-02  -2.4624391078E-02  -3.6277555767E-03  -4.5985692186E-03   4.3868195723E-03
    4     -4.7997127717E-02   6.3440939394E-02   2.6683540301E-02   1.8082738946E-02   1.2280100808E-03
    5     -5.4591317305E-02   6.8224684090E-02   2.9099379752E-02   1.2471672299E-02   1.5397560604E-02
    6      2.3326536052E-03   1.0282508619E-03  -4.6592530694E-04   1.6324467551E-03  -3.8329449931E-03
    7     -5.1791299381E-03  -1.8821805471E-03  -2.3309216280E-03  -1.4552324473E-03  -7.0254606623E-04
    8      4.5899582883E-03   2.3571170012E-03   1.8454263687E-03   8.8245232327E-04   7.5139453057E-04
    9     -4.7759729759E-04   2.9305278042E-05   1.1247287652E-04  -3.6880167302E-04   6.0572215534E-04
   10      2.1195968667E-03   4.0529328106E-05   6.2982211224E-04   4.4512870076E-04  -5.7280618854E-05
   11     -1.5933260361E-03  -3.5439678679E-04  -6.3518469154E-04  -4.5590860543E-04   3.5974731397E-04
   12      9.0027378147E-02  -5.8877722827E-02  -3.6292322547E-02  -1.8147901809E-02   3.7908434088E-03
   13      1.1748605914E-02  -1.2374356878E-02  -6.4525741696E-03  -5.8739609189E-03   5.1333484124E-03
   14      4.7346416281E-02  -5.7550221737E-02  -2.9024125924E-02  -1.3585599349E-02  -5.0599562494E-03
   15      3.9695429701E-02   6.7049593827E-02   4.2375966147E-02   1.4125033078E-02   1.3202697327E-03
   16     -2.8020464061E-03   5.5336878400E-03  -1.5366981670E-03  -3.5740108653E-02  -1.5582761292E-04
   17     -3.0964552630E-01  -1.4028803058E-02  -2.3590605848E-02  -3.6912021537E-02   1.5816953511E-04
   18     -1.0642328452E-01  -5.8598933393E-02  -5.7155243992E-02  -2.8523871538E-02  -1.2889054542E-03
   19      1.8095198937E-02  -2.7904463156E-02  -3.0981278076E-01  -1.3995216466E-01   9.9131949817E-04
   20      6.3558307317E-01   2.4397036369E-02  -1.0667372165E-01  -1.9298374164E-01   7.4746223164E-04
   21      2.4397036369E-02   8.4675278073E-02  -1.8686111113E-02  -4.2886053950E-02  -2.5910540954E-03
   22     -1.0667372165E-01  -1.8686111113E-02   7.0171456527E-01   3.7547534605E-02  -2.8914761725E-03
   23     -1.9298374164E-01  -4.2886053950E-02   3.7547534605E-02   6.9414034575E-01  -6.7781252437E-03
   24      7.4746223164E-04  -2.5910540954E-03  -2.8914761725E-03  -6.7781252437E-03   7.1742091397E-02
   25      5.9531041642E-04  -6.2359126448E-04  -1.3971372401E-03  -1.4555820864E-03   2.0707273595E-02
   26     -4.8072069266E-04   2.2550791166E-03   1.8202852648E-03   2.1521033145E-03   1.0964943561E-01
   27      7.7971858824E-03  -1.9858221483E-02  -1.1546219182E-02   2.3925593233E-03  -3.7004811258E-04
   28      7.3665301762E-04  -8.6107083788E-05  -2.6295316418E-03   2.4280603228E-04  -1.5422427728E-03
   29     -3.7274551759E-04   4.4582955237E-05   2.4680231923E-03  -7.2962233051E-04  -1.1482611301E-03
   30      1.5943430526E-02  -6.2235193028E-03  -1.9225414651E-03  -3.4691974518E-03  -9.1913891698E-05
   31     -9.4792306171E-04  -7.8754789998E-04   1.1409372238E-03  -7.4495645601E-04  -1.4675963598E-04
   32     -9.7958799593E-03  -1.4566550048E-03   3.6171453883E-05   1.4377607508E-03   1.2121664463E-05
   33      1.0175937347E-02   5.0327995594E-04  -2.3726078485E-03   5.2865347314E-03  -5.5753544851E-05
   34      2.1973020035E-03   6.2020762197E-05   1.6085910748E-03  -4.4751351048E-04  -5.8066895566E-05
   35     -8.1673437025E-03   2.2047430463E-03   1.1506178175E-04  -5.1038519392E-03   4.7508345218E-05
   36      1.5148698295E-02   3.7627426479E-03  -6.7616746288E-03   3.8862960388E-03  -1.2086679650E-04
   37      1.1779965520E-01  -6.6034593841E-04  -2.0420446369E-02   1.3517081526E-02   3.1651659254E-05
   38     -1.2458334976E-01  -1.0172200697E-03  -2.0183212530E-02   1.1236708189E-02   6.2651837050E-06
   39     -1.0543991177E-02  -4.7036480048E-02  -1.0792779531E-03   6.0247514690E-02   7.1955855616E-04
   40     -2.5778458593E-02  -5.4549823824E-03  -6.0081540536E-02   1.7396723218E-02  -3.6836272177E-04
   41     -1.2454702489E-02   5.0897970925E-02   1.4427610426E-02  -3.4266572593E-01   2.8227246984E-04
   42     -6.9832410135E-03  -2.2658276997E-02   5.0685519135E-02  -1.0197137666E-02  -3.6662806389E-04
   43      1.2755876797E-02   3.3434920264E-02  -2.9948790317E-01   1.0725926484E-01   1.8254799171E-04
   44      1.3440345853E-02  -1.5120609415E-02   1.0649632613E-01  -1.0773710389E-01  -8.5645599236E-05
                   25                 26                 27                 28                 29        
    0     -1.6169114172E-02  -1.0166712727E-01  -1.7416493513E-02   2.0771744326E-02  -2.2917949593E-02
    1     -7.1725115912E-02  -5.8894023655E-02   5.2564135911E-03  -2.4177181366E-01   1.5098768547E-01
    2     -5.4484146645E-02  -3.0399113165E-01  -1.9544737148E-02   1.4524953820E-01  -1.7682975213E-01
    3     -1.5702768988E-02  -6.3363690949E-03  -1.4784512954E-03   2.0106947607E-03   1.8290206210E-03
    4      1.1514337624E-03   3.8976317067E-03   2.0563496181E-02  -1.6769947432E-02  -1.3667070225E-02
    5     -2.4123185265E-02  -1.0090424512E-02   1.8756945503E-03   2.1505601035E-02   1.0214740706E-02
    6     -6.7496724623E-04   1.9813144715E-03   5.3917789314E-03   2.2519807067E-03   9.6407386481E-05
    7      5.0737348879E-05   3.8934330714E-04   4.7904966495E-03  -5.0140076991E-03  -2.7131331875E-03
    8     -5.9674796800E-04   2.0256796247E-04  -1.4094214131E-04  -2.3481353004E-03  -8.3027611701E-04
    9      1.1740952257E-04  -2.9516566621E-04  -1.3021214670E-03  -6.9595779325E-05   3.5421874246E-04
   10     -4.4742410280E-05   2.8742113336E-04  -1.3445938077E-04   3.8131870976E-04   8.7568325224E-05
   11      3.0352334471E-04  -1.4653316278E-04  -5.0145551791E-04   6.5460349326E-04   8.1548620879E-04
   12      2.3206253724E-03  -2.8179083532E-04  -1.1016169270E-02   2.5130141428E-04   2.1846801735E-03
   13     -5.8264358620E-03  -4.4176507433E-03  -5.0923035791E-03   3.6482672592E-03   1.8416447295E-03
   14     -5.5203138845E-03   3.0947812404E-03  -6.6562692461E-03  -4.3442442348E-04   4.7216338548E-04
   15      1.8189815934E-03  -2.5712543412E-04   8.1657107428E-03   2.0545833565E-04  -1.1036083360E-03
   16     -1.6459034454E-05   6.3070026062E-04  -1.0915030658E-03  -4.3306485838E-04   9.5126940311E-05
   17      3.2737266447E-04   2.9565196034E-05  -2.4763586553E-03   2.1423563934E-04   5.8070603881E-04
   18     -4.3552125807E-04   2.1792392951E-04   8.9663120623E-04   4.7635274263E-06  -4.0374236531E-04
   19      4.2974955920E-04  -6.3298019996E-04   5.0826935911E-03   7.9773479376E-04  -9.8806024075E-04
   20      5.9531041642E-04  -4.8072069266E-04   7.7971858824E-03   7.3665301762E-04  -3.7274551759E-04
   21     -6.2359126448E-04   2.2550791166E-03  -1.9858221483E-02  -8.6107083788E-05   4.4582955237E-05
   22     -1.3971372401E-03   1.8202852648E-03  -1.1546219182E-02  -2.6295316418E-03   2.4680231923E-03
   23     -1.4555820864E-03   2.1521033145E-03   2.3925593233E-03   2.4280603228E-04  -7.2962233051E-04
   24      2.0707273595E-02   1.0964943561E-01  -3.7004811258E-04  -1.5422427728E-03  -1.1482611301E-03
   25      6.8055402264E-02   6.3515267627E-02   8.8835166131E-03   8.6808313484E-03   2.1430095871E-02
   26      6.3515267627E-02   3.1899919245E-01  -4.8880735923E-03  -6.3463300916E-03  -1.0310498460E-02
   27      8.8835166131E-03  -4.8880735923E-03   3.9411464931E-02  -2.4630064969E-02   2.1441180618E-02
   28      8.6808313484E-03  -6.3463300916E-03  -2.4630064969E-02   2.5060010962E-01  -1.5828649847E-01
   29      2.1430095871E-02  -1.0310498460E-02   2.1441180618E-02  -1.5828649847E-01   1.7559680108E-01
   30     -2.7507272365E-04   4.1858875584E-05  -7.8056080153E-04  -3.2970344569E-04  -2.4863662169E-04
   31      3.6624334323E-05   2.4374661324E-05  -1.0426110577E-04   9.5766267704E-05  -4.3572554363E-04
   32     -1.7597969127E-04   3.7922386816E-05  -6.2096128758E-04  -2.7971101097E-04  -2.0615478102E-04
   33      1.0703712774E-06   4.7988944147E-05  -3.3181454334E-04  -8.6753870418E-06   6.0198581522E-05
   34      7.3620413242E-05   2.1867022250E-06   2.8945159303E-04   7.1223412300E-05   2.4066584124E-05
   35     -5.1619882356E-05   2.3564687163E-05  -2.9973851259E-04  -8.8815624331E-05  -1.3084232399E-04
   36      4.6795172484E-05   5.6285522996E-05   6.2939222090E-04  -2.2653344518E-04   3.6272154414E-04
   37     -1.9920299563E-05   1.1465776153E-05   1.1098599864E-05   1.2774749923E-04  -9.3159639163E-05
   38     -2.5469580742E-05  -5.1136147395E-06   1.6990483807E-04  -3.7451020360E-05  -6.3424630751E-05
   39      1.0460313274E-04  -2.8360966792E-04  -9.2328121655E-04  -8.8007301762E-05   2.0429786730E-04
   40      4.6478104758E-04   6.7626991632E-06  -1.9332161983E-04   2.1241628288E-04  -4.4553284715E-05
   41      1.0018588518E-04   4.1099984711E-04   1.7754920319E-04  -1.3255440077E-04   2.0548407420E-04
   42     -1.1910618773E-04  -2.3811865352E-04  -1.0178163303E-03   1.4932286322E-03  -7.5342692228E-04
   43      8.6630680427E-05  -2.9208994796E-04  -2.0932754345E-03   2.0029500910E-03  -7.1798819527E-04
   44      1.5892469504E-04   7.3725006577E-05   1.2727781655E-03  -6.3753941115E-04   1.5879347936E-03
                   30                 31                 32                 33                 34        
    0      4.0219277481E-03   4.8230635802E-04   8.6269314652E-04   1.0414284953E-03  -4.1270538205E-04
    1     -2.2284753340E-03  -5.7691452854E-04  -3.3224709308E-04  -5.9047646166E-04   1.5831439996E-04
    2     -1.0827746793E-03   3.6875842516E-05  -2.2553596251E-04  -1.5184909773E-03   5.7180094988E-04
    3      1.6832950219E-03   1.3423999911E-04  -5.5234669239E-04  -2.2600506646E-03   6.1870643517E-04
    4      7.0305889843E-03   1.5270984386E-04   2.2776563167E-03  -2.1862616679E-04   3.2656767381E-05
    5      7.4910146200E-03  -1.0139311695E-04   1.2441394712E-03   3.8548494838E-03  -2.7540646095E-04
    6     -1.2564821413E-03  -6.9769897822E-05   1.0080171668E-04  -4.8266177485E-04   1.2698843617E-04
    7      2.8387180424E-04  -1.0421448836E-04  -1.4611285491E-04   1.9331171142E-04   2.8390713411E-05
    8     -1.7502759772E-03   1.3036713304E-04  -3.5695320960E-04  -2.4144368722E-04   5.6918446108E-05
    9      1.6088826966E-04   3.7489639755E-05  -2.5610386375E-05   1.1910794360E-04  -3.9971950311E-05
   10      2.0170159888E-04   3.5244252150E-05   6.9856089364E-05  -5.5457824484E-05  -4.1437232764E-05
   11      8.9892412106E-05  -5.2865226616E-06   1.1849044754E-05   1.0723294472E-04  -9.2904964412E-06
   12     -2.8868253873E-02   1.9268804097E-03  -6.6585411426E-03  -2.1371988743E-02   4.9342595394E-03
   13      1.6560449975E-02   2.8049214455E-03   2.5329020132E-03  -1.3983377810E-02   4.0615738459E-03
   14     -2.1028892435E-02   1.4979405115E-04  -2.1518771804E-03  -2.0498743500E-02   3.6778981659E-03
   15     -2.8290746635E-02  -9.1881466877E-03   1.1697240396E-02  -4.0373712684E-02  -4.0331179425E-02
   16     -1.2424944889E-02  -2.7364060870E-01   1.2752970422E-01  -3.5812755698E-02  -2.6880036190E-01
   17      4.3981211669E-03   1.2905695783E-01  -1.4094886215E-01  -1.8948477127E-02  -1.3826890271E-01
   18      4.6708306276E-04  -9.3382474498E-04   1.3349814464E-03   7.2539204368E-03   3.8348963114E-04
   19     -1.3383832824E-02   4.8749654565E-03   2.7237461118E-02   1.6577354088E-02   2.9046397111E-03
   20      1.5943430526E-02  -9.4792306171E-04  -9.7958799593E-03   1.0175937347E-02   2.1973020035E-03
   21     -6.2235193028E-03  -7.8754789998E-04  -1.4566550048E-03   5.0327995594E-04   6.2020762197E-05
   22     -1.9225414651E-03   1.1409372238E-03   3.6171453883E-05  -2.3726078485E-03   1.6085910748E-03
   23     -3.4691974518E-03  -7.4495645601E-04   1.4377607508E-03   5.2865347314E-03  -4.4751351048E-04
   24     -9.1913891698E-05  -1.4675963598E-04   1.2121664463E-05  -5.5753544851E-05  -5.8066895566E-05
   25     -2.7507272365E-04   3.6624334323E-05  -1.7597969127E-04   1.0703712774E-06   7.3620413242E-05
   26      4.1858875584E-05   2.4374661324E-05   3.7922386816E-05   4.7988944147E-05   2.1867022250E-06
   27     -7.8056080153E-04  -1.0426110577E-04  -6.2096128758E-04  -3.3181454334E-04   2.8945159303E-04
   28     -3.2970344569E-04   9.5766267704E-05  -2.7971101097E-04  -8.6753870418E-06   7.1223412300E-05
   29     -2.4863662169E-04  -4.3572554363E-04  -2.0615478102E-04   6.0198581522E-05   2.4066584124E-05
   30      5.2063714663E-02   8.7873593360E-03  -7.6212745461E-03   2.6791414264E-03  -3.2489207851E-03
   31      8.7873593360E-03   2.7870736860E-01  -1.4177794054E-01  -1.0733167926E-03  -1.4795438058E-02
   32     -7.6212745461E-03  -1.4177794054E-01   1.4316769015E-01   1.5290917434E-04  -1.5133422919E-02
   33      2.6791414264E-03  -1.0733167926E-03   1.5290917434E-04   5.6079622121E-02   3.7103091756E-02
   34     -3.2489207851E-03  -1.4795438058E-02  -1.5133422919E-02   3.7103091756E-02   2.7357086136E-01
   35      3.5553274767E-03   1.4896186148E-02   1.2013766567E-02   2.2220782505E-02   1.4726082772E-01
   36      3.5175369699E-03   4.8587091502E-04   2.1261609471E-03  -2.6739142510E-03   8.2039592226E-04
   37      1.9826068074E-04   1.1118031458E-03  -9.1606056990E-04  -2.4495035203E-05   6.9959429387E-04
   38      4.2286016018E-03  -9.4164011898E-04  -4.2416464235E-03  -1.2388142734E-03  -5.1516602999E-05
   39     -1.1404515220E-04  -1.3640554314E-04   4.1633946513E-04  -4.4797095202E-04  -3.9964475949E-05
   40     -6.0004488178E-05   5.1514753545E-05  -3.0175835784E-04   6.8853512473E-04   1.3103118077E-04
   41     -1.6056182090E-04   2.5571431702E-06   3.0012364801E-04   7.7599124583E-04   1.3164515190E-04
   42      1.0319346358E-03   5.9061199014E-04   2.3266778179E-04   3.2136677875E-04  -2.1626447768E-04
   43      8.0653723645E-04   1.0532045260E-04  -6.6947881876E-04  -4.1490471074E-04   2.9674001473E-04
   44     -3.8715982540E-04   7.0671319129E-04  -2.8634236030E-04  -2.3349609496E-04   2.6532164847E-04
                   35                 36                 37                 38                 39        
    0      8.4017374856E-04  -3.5811907874E-04  -1.3150255808E-04  -6.3092292115E-04  -7.7540040548E-03
    1     -6.3056980289E-06   9.9935056647E-04  -1.9853600640E-05   3.4285756084E-04   9.7289357555E-04
    2     -1.4164325682E-04  -8.5247231175E-04   1.6295877502E-04   1.4920545990E-04   8.7313116790E-03
    3     -9.0813194187E-04   3.1620381594E-03  -7.6632068914E-05   2.9605981107E-04   1.6183826765E-03
    4      5.8880182406E-04  -6.4005783554E-04  -4.8946850232E-04  -1.6077691140E-04  -3.5594148681E-03
    5      1.3507004405E-03  -1.9639176970E-04  -1.0091223635E-04  -5.7426829206E-04  -6.9485389166E-04
    6      7.3764002678E-05  -1.7944132675E-03   1.0194879538E-04   5.2829081051E-05  -5.7960581116E-04
    7     -1.6736184943E-04   4.5378389295E-04   9.3877114311E-05   1.2586149882E-04   3.9334924665E-04
    8     -1.4970895673E-04   1.0461955909E-04  -4.9409546102E-05   2.3835275800E-04  -1.1970341537E-04
    9      1.3743612911E-05   3.8584668528E-04  -5.3470117568E-05   4.2251884898E-05   1.1703366334E-04
   10      1.1740074260E-04  -2.5164471620E-04   9.3424003731E-05  -1.0578937282E-04  -9.7053091082E-05
   11      9.8015660187E-06   1.4368375647E-04  -1.0999571325E-04  -6.7311191369E-05  -1.0414936284E-04
   12     -4.7887469661E-03   2.5222951001E-03  -2.1675858541E-04   7.5680093030E-05   8.6253272026E-04
   13     -3.4706027173E-03  -7.3734107205E-05   1.1410537025E-04  -8.7330323909E-04   9.5741683418E-04
   14     -3.6776529459E-03   2.0565077674E-05   3.4888951638E-04   1.9689160305E-03   1.0419935960E-03
   15     -1.5632503421E-02  -2.7088029392E-03   1.7339228199E-03   9.3880711499E-04   4.9007599171E-03
   16     -1.3452920470E-01  -9.2708746354E-03   4.6885741778E-03   3.0158784244E-02  -3.6974767515E-03
   17     -1.4754677385E-01   8.9065435399E-03  -3.6674828033E-03  -1.4412147814E-02   6.8821807498E-04
   18     -6.6395637901E-03  -4.1277813504E-02  -4.1704364165E-02   2.5645381547E-02   7.5203327643E-03
   19     -2.3342062813E-02  -2.9178696576E-02  -2.7572894047E-01   1.1917623251E-01   4.6264849692E-04
   20     -8.1673437025E-03   1.5148698295E-02   1.1779965520E-01  -1.2458334976E-01  -1.0543991177E-02
   21      2.2047430463E-03   3.7627426479E-03  -6.6034593841E-04  -1.0172200697E-03  -4.7036480048E-02
   22      1.1506178175E-04  -6.7616746288E-03  -2.0420446369E-02  -2.0183212530E-02  -1.0792779531E-03
   23     -5.1038519392E-03   3.8862960388E-03   1.3517081526E-02   1.1236708189E-02   6.0247514690E-02
   24      4.7508345218E-05  -1.2086679650E-04   3.1651659254E-05   6.2651837050E-06   7.1955855616E-04
   25     -5.1619882356E-05   4.6795172484E-05  -1.9920299563E-05  -2.5469580742E-05   1.0460313274E-04
   26      2.3564687163E-05   5.6285522996E-05   1.1465776153E-05  -5.1136147395E-06  -2.8360966792E-04
   27     -2.9973851259E-04   6.2939222090E-04   1.1098599864E-05   1.6990483807E-04  -9.2328121655E-04
   28     -8.8815624331E-05  -2.2653344518E-04   1.2774749923E-04  -3.7451020360E-05  -8.8007301762E-05
   29     -1.3084232399E-04   3.6272154414E-04  -9.3159639163E-05  -6.3424630751E-05   2.0429786730E-04
   30      3.5553274767E-03   3.5175369699E-03   1.9826068074E-04   4.2286016018E-03  -1.1404515220E-04
   31      1.4896186148E-02   4.8587091502E-04   1.1118031458E-03  -9.4164011898E-04  -1.3640554314E-04
   32      1.2013766567E-02   2.1261609471E-03  -9.1606056990E-04  -4.2416464235E-03   4.1633946513E-04
   33      2.2220782505E-02  -2.6739142510E-03  -2.4495035203E-05  -1.2388142734E-03  -4.4797095202E-04
   34      1.4726082772E-01   8.2039592226E-04   6.9959429387E-04  -5.1516602999E-05  -3.9964475949E-05
   35      1.5113474607E-01  -6.5353129653E-04   2.6211111008E-04   1.0388223511E-03  -2.7257560543E-04
   36     -6.5353129653E-04   3.3693911978E-02   4.2993368150E-02  -2.7403428058E-02  -5.2822436133E-03
   37      2.6211111008E-04   4.2993368150E-02   2.9129974759E-01  -1.2437127197E-01   9.0256247896E-04
   38      1.0388223511E-03  -2.7403428058E-02  -1.2437127197E-01   1.2958986318E-01  -4.4527622580E-04
   39     -2.7257560543E-04  -5.2822436133E-03   9.0256247896E-04  -4.4527622580E-04   4.4078376676E-02
   40     -1.3829377687E-03   7.9823798683E-04   1.1730299130E-03   2.2335386815E-04   4.6474451696E-03
   41     -5.2064762358E-04  -6.4928392158E-04   4.7218228832E-05   1.1335319146E-03  -5.5322103249E-02
   42      2.3578949839E-04   6.5424096888E-03  -3.1082972999E-03  -7.2323870618E-04   2.3206538743E-03
   43     -2.0339295033E-04  -1.9153407712E-04  -2.7232738653E-03  -3.2830704210E-03   2.5782882541E-04
   44     -1.3293707892E-04  -9.9734782379E-04  -2.8346755770E-03  -1.4081381573E-03  -3.5508573411E-03
                   40                 41                 42                 43                 44        
    0      1.3890064934E-03  -2.0973998582E-03  -2.5032992313E-02  -1.5438719662E-03   3.5131667344E-03
    1     -1.4983512871E-03   5.9595976207E-04   1.0867312003E-02  -1.2707376571E-03  -1.6104860403E-04
    2     -3.5854710222E-04   1.0843648207E-03   1.2370335169E-03   1.5596576740E-03  -7.9196995460E-04
    3      8.3870513350E-05   1.7721165628E-04   1.6055851318E-03  -2.7456274796E-04   3.6628903445E-04
    4      1.0633214289E-03  -1.1127822493E-03  -7.8194762355E-03   5.8889511644E-04   8.3057893403E-04
    5      5.5838171271E-04  -7.0286536124E-04  -8.2774488697E-03  -2.9262759709E-04   2.1873730577E-03
    6     -9.7782540250E-05   7.0970764469E-05   5.4105659540E-04   3.2952862919E-04  -6.1039028788E-04
    7      1.9914645032E-04   2.6506178006E-05   2.9948111204E-04   1.8120993531E-04   2.0517990612E-04
    8     -1.0353237860E-04  -9.3155641771E-05  -6.9719434318E-04  -8.1441740597E-05  -2.0055790762E-04
    9     -2.5799405406E-05   4.2757879244E-07  -8.4844937312E-05  -1.1244657967E-04   1.2030170430E-04
   10     -1.3850550929E-04  -3.3081789186E-05  -3.6416832881E-05   6.0714832073E-05  -1.7779330754E-04
   11      1.6772782028E-04   2.4067164122E-05   1.0311885033E-04  -3.8433367704E-05   2.1800026257E-04
   12     -1.6520417070E-03   5.3932214712E-04   5.8966597676E-03   4.8348301818E-04  -2.2052960180E-03
   13     -3.1874499124E-04   4.6113159057E-04   2.1301315770E-03   5.7281925381E-05  -6.0948341171E-04
