
$orca_hessian_file

$act_atom
  0

$act_coord
  0

$act_energy
        0.000000

$multiplicity
  1

$hessian
45
                    0                  1                  2                  3                  4        
    0      1.0663864438E-01  -7.6118822933E-02   1.3634598514E-01  -6.1602493775E-02   2.6313666409E-02
    1     -7.6118822933E-02   7.3831208783E-01   4.4709085342E-02   6.4124631283E-02  -3.6012267620E-01
    2      1.3634598514E-01   4.4709085342E-02   6.9258453815E-01   1.1897342253E-02  -1.0892242454E-01
    3     -6.1602493775E-02   6.4124631283E-02   1.1897342253E-02   2.7941658860E-01  -7.8189390490E-02
    4      2.6313666409E-02  -3.6012267620E-01  -1.0892242454E-01  -7.8189390490E-02   6.6425728654E-01
    5     -4.3441971491E-02  -8.9941225523E-02  -1.3799595032E-01   1.2424949025E-01   1.1075563130E-01
    6      3.3929073127E-03   1.2052244581E-02  -4.3707915894E-03  -7.8963837929E-02   3.7356452016E-02
    7      1.1927364622E-02  -3.5930361143E-02   2.0816740592E-02   3.7887768878E-02  -1.9632856113E-01
    8     -5.2093470627E-04  -4.1067357688E-03   1.4339020283E-02  -2.1684935121E-02   7.5663550533E-02
    9      1.9127088333E-04  -4.0252724771E-04  -1.7876888155E-03   1.3987414556E-02   5.1367821817E-03
   10      2.2787207473E-04   1.1648648002E-03   2.1616237226E-03   3.9336451229E-03   8.4584774173E-03
   11     -6.3281040790E-04   1.1511972735E-03  -6.2164993407E-03  -4.0795896098E-03   9.8491063682E-03
   12      5.2172282460E-02  -2.9518873828E-02  -2.0904715395E-02  -9.3969825006E-02   8.6812646639E-03
   13      2.8532222919E-03  -7.8353180171E-03  -5.7051567085E-02  -1.0352980910E-02  -1.0547091915E-01
   14      4.3408906622E-02  -5.9424209952E-02  -6.0183380087E-02  -8.7828818569E-02  -6.7473845031E-02
   15     -5.2251993555E-02   3.3310521402E-02   2.4205576268E-02  -2.7968656635E-02  -5.3677666277E-02
   16     -4.7191325948E-03   1.5702889348E-03  -2.3520304692E-03  -4.2184596970E-03  -6.9098583407E-03
   17      2.6791514798E-02  -1.1276209184E-02  -9.4593341922E-03  -4.2448518502E-03   1.6579111478E-02
   18     -6.8946872424E-03  -3.6237064901E-03  -1.9705012554E-03  -2.2560186548E-02  -1.1754089044E-03
   19     -3.6945056048E-02   1.3627762998E-02   1.2158708528E-02  -2.0636991606E-03  -1.9611860380E-02
   20     -6.1058312785E-02   2.5653849893E-02   1.6897107073E-02  -1.3387774706E-02  -4.6779815897E-02
   21      6.4058393797E-02  -2.5497278650E-02  -1.5865655147E-02  -1.3603608027E-02   4.6684268442E-02
   22      4.2955894524E-02  -2.6291765537E-02  -1.2858223247E-02  -1.9128567908E-03   2.6152539535E-02
   23      2.2357363725E-02  -1.0312135872E-02  -1.7901898252E-02  -1.5093852429E-03   1.9057497274E-02
   24     -5.7827143365E-02  -1.1484622017E-02  -9.9412755389E-02   1.8657036707E-03   1.2378745089E-03
   25     -6.2383608477E-03  -6.6358013090E-02  -3.9737498043E-02  -1.3027110768E-02   4.0084036252E-03
   26     -8.9868021571E-02  -4.4641994323E-02  -3.2840814037E-01  -4.8312410525E-03   5.2366010151E-03
   27     -2.6860447838E-02   2.9281808997E-02  -3.1998344422E-02   1.5674298455E-03   1.4538762163E-02
   28      3.9732791774E-02  -2.5577166085E-01   1.4035957784E-01   3.3546982227E-03  -1.5884347369E-02
   29     -3.4312641088E-02   1.4774265058E-01  -1.6363751692E-01   1.8006076413E-03  -1.4965552507E-02
   30      3.6860921367E-03  -2.4280736010E-03  -1.5171684196E-03   5.3500948467E-04   4.8669478493E-03
   31      3.6085508558E-04  -3.6097115170E-04  -2.3877691207E-05   6.3920260876E-05   6.5395705066E-04
   32      8.3395211624E-04  -4.3847471287E-04  -3.8143763901E-04  -3.6151530265E-04   1.3210592942E-03
   33      7.7268233125E-04  -6.5711937624E-04  -1.3196498562E-03  -1.6182917651E-03  -6.1885638774E-04
   34     -3.4438077769E-04   1.5496107776E-04   4.7261150873E-04   2.8027448489E-04  -3.4217303190E-06
   35      5.3314704489E-04  -1.7458745593E-05  -1.8686055391E-04  -4.4233177981E-04   2.2981852533E-04
   36      2.2983408156E-04   6.3179980791E-04  -3.9904794691E-04   1.2889797931E-03  -6.1827178684E-04
   37     -3.7975701925E-04   2.3759488324E-04   8.1285093031E-05   1.3081359955E-04  -7.0767262221E-04
   38     -2.4707711916E-04   2.6920315743E-04   1.9538286683E-04   1.7002742828E-04   2.1402346020E-04
   39     -7.1831013880E-03   1.9529749718E-03   6.7691969221E-03   8.1721020054E-04  -4.1620560972E-03
   40      1.4729901480E-03  -1.4522757578E-03  -4.9036386629E-04   1.1407671500E-04   1.1473476457E-03
   41     -1.6967633523E-03   6.4308534786E-04   9.9954517518E-04   1.2873982770E-05  -9.0566387582E-04
   42     -1.8522240213E-02   8.3411666315E-03   3.3632912533E-04   8.0856352933E-04  -6.3537164644E-03
   43     -1.0632702415E-03  -9.4451877434E-04   6.9070264855E-04  -1.4598257750E-04   3.6130510482E-04
   44      1.4995516123E-03  -2.4977853556E-05  -6.4457586467E-04   2.3830878366E-04   1.6683497181E-04
                    5                  6                  7                  8                  9        
    0     -4.3441971491E-02   3.3929073127E-03   1.1927364622E-02  -5.2093470627E-04   1.9127088333E-04
    1     -8.9941225523E-02   1.2052244581E-02  -3.5930361143E-02  -4.1067357688E-03  -4.0252724771E-04
    2     -1.3799595032E-01  -4.3707915894E-03   2.0816740592E-02   1.4339020283E-02  -1.7876888155E-03
    3      1.2424949025E-01  -7.8963837929E-02   3.7887768878E-02  -2.1684935121E-02   1.3987414556E-02
    4      1.1075563130E-01   3.7356452016E-02  -1.9632856113E-01   7.5663550533E-02   5.1367821817E-03
    5      6.5776931263E-01  -1.6567573523E-02   5.3940417096E-02  -1.0455186477E-01  -1.8774465917E-03
    6     -1.6567573523E-02   1.9356087179E-01  -3.2591184660E-01   2.5583210045E-01  -1.2420675705E-01
    7      5.3940417096E-02  -3.2591184660E-01   1.0119594315E+00  -6.7365259734E-01   2.6762578533E-01
    8     -1.0455186477E-01   2.5583210045E-01  -6.7365259734E-01   6.3307776893E-01  -2.0600450752E-01
    9     -1.8774465917E-03  -1.2420675705E-01   2.6762578533E-01  -2.0600450752E-01   1.1070839242E-01
   10      4.4464007391E-03   2.6746129009E-01  -7.9364379959E-01   5.8079392588E-01  -2.7218727285E-01
   11      1.1770296701E-02  -2.0490529153E-01   5.7829149915E-01  -4.7676656293E-01   2.0775049673E-01
   12     -5.2998769577E-02  -2.3402474906E-03   1.2304278654E-02  -3.2708789972E-02   6.6323972669E-04
   13     -7.3004107326E-02   4.8076874887E-03   1.8933106328E-02   2.2777961845E-02   6.7864897591E-04
   14     -4.1184563613E-01  -3.1041303793E-02   2.5863145470E-02  -6.6173748574E-02   1.3493374432E-03
   15     -1.0157498260E-01   4.9967961795E-03  -7.8739361299E-03   6.7563993654E-03  -8.9540271059E-04
   16     -3.8124991959E-03   7.2345700156E-04   7.6001967275E-05   1.1600038825E-03  -1.7352155473E-04
   17      2.9413381087E-02  -2.7197282761E-03   3.0758227918E-03  -2.6199755824E-03   6.3047624233E-04
   18      1.0308945593E-02   1.4123018351E-03  -1.6723111476E-03   2.4153417577E-04  -2.3647238916E-04
   19     -4.0109378459E-02   2.0562831175E-03  -4.5698652649E-04   1.6649551421E-04  -8.9523013666E-04
   20     -6.6663197654E-02   2.5439497424E-03  -5.6069115033E-03   3.4926564105E-03  -2.6456754290E-04
   21      6.6424438416E-02   4.0154906377E-04   1.4614674995E-03  -1.4241747890E-04   3.9590005737E-04
   22      3.9676616021E-02  -9.5248907336E-04   1.2133692767E-04   6.0704803095E-04   4.4705313178E-04
   23      1.9535983652E-02   4.6778760567E-04   2.5317095710E-04   1.4940231497E-04  -5.9748110691E-05
   24      1.3716961380E-02  -2.9104544758E-03  -5.4149187602E-04   1.9156379774E-04   2.6310033495E-04
   25     -2.4208090990E-02  -4.5161747318E-04  -7.3099627475E-05  -2.9820387847E-04   6.8258746741E-05
   26     -9.6864500239E-03   1.3894746972E-03   2.4719610553E-05   2.3904100241E-04  -1.6324091756E-04
   27      3.1770643256E-03   6.2335053190E-03   4.4024524669E-03  -5.3852329528E-04  -1.1675814788E-03
   28      2.1427913742E-02   2.4893836542E-03  -4.9205871042E-03  -2.6945667757E-03  -1.7932465975E-04
   29      1.0052337659E-02  -3.5477142333E-04  -2.9638488964E-03  -1.1015218038E-03   3.1941625928E-04
   30      7.3334400147E-03  -5.3578895568E-04   4.8895541307E-04  -9.3783925298E-04   1.2202693504E-04
   31      5.7165328831E-04   7.5162440422E-05  -6.2733418682E-05  -2.1252608810E-04  -7.9302746946E-06
   32      1.2653870577E-03  -6.0489359293E-05  -3.6334777835E-05  -2.8193226002E-05   2.9910023765E-05
   33      3.3563677536E-03  -1.1333970725E-04   9.9112392700E-05  -1.3775766106E-04   2.2861915789E-05
   34     -6.3491582762E-04   7.6563509090E-05   1.0615760511E-05   1.1624197079E-05  -3.1635509712E-05
   35      7.8042778179E-04   3.1624266078E-05  -1.4316928740E-04  -8.6390711604E-05   4.4262129028E-05
   36     -5.1996114746E-04  -1.1319690834E-03   8.7255951054E-05   5.2204850927E-05   2.1994751760E-04
   37     -1.3137338935E-04   2.8523381571E-05   1.1335362518E-04  -1.4080089669E-05   4.1050227812E-05
   38     -3.7982254920E-04   4.2556375238E-06   6.5134983861E-05   1.9926135972E-04   3.7408225630E-07
   39     -2.5697229154E-03  -3.1145294315E-04   1.0346560284E-04  -5.1296856838E-05   4.3060919475E-05
   40      1.0092335975E-03  -9.5123507985E-05   1.9927249199E-04  -1.0217552760E-04  -5.0279212208E-05
   41     -9.0888453891E-04   1.1609581023E-04  -1.1007468631E-04  -2.5927988068E-05  -1.9988509660E-05
   42     -9.0144870003E-03   5.1591613174E-04  -3.9161857902E-04  -3.5030136675E-04  -1.1100163967E-04
   43     -1.2207443173E-05   2.8732690411E-04   3.0099716264E-06  -9.0060798944E-05  -6.9103777566E-05
   44      1.4446794146E-03  -3.6183811593E-04   1.7262222912E-04  -1.4296471511E-04   5.1150844043E-05
                   10                 11                 12                 13                 14        
    0      2.2787207473E-04  -6.3281040790E-04   5.2172282460E-02   2.8532222919E-03   4.3408906622E-02
    1      1.1648648002E-03   1.1511972735E-03  -2.9518873828E-02  -7.8353180171E-03  -5.9424209952E-02
    2      2.1616237226E-03  -6.2164993407E-03  -2.0904715395E-02  -5.7051567085E-02  -6.0183380087E-02
    3      3.9336451229E-03  -4.0795896098E-03  -9.3969825006E-02  -1.0352980910E-02  -8.7828818569E-02
    4      8.4584774173E-03   9.8491063682E-03   8.6812646639E-03  -1.0547091915E-01  -6.7473845031E-02
    5      4.4464007391E-03   1.1770296701E-02  -5.2998769577E-02  -7.3004107326E-02  -4.1184563613E-01
    6      2.6746129009E-01  -2.0490529153E-01  -2.3402474906E-03   4.8076874887E-03  -3.1041303793E-02
    7     -7.9364379959E-01   5.7829149915E-01   1.2304278654E-02   1.8933106328E-02   2.5863145470E-02
    8      5.8079392588E-01  -4.7676656293E-01  -3.2708789972E-02   2.2777961845E-02  -6.6173748574E-02
    9     -2.7218727285E-01   2.0775049673E-01   6.6323972669E-04   6.7864897591E-04   1.3493374432E-03
   10      7.8855237252E-01  -5.8981312249E-01  -5.9656515701E-04  -4.5465053425E-03   1.5491080333E-03
   11     -5.8981312249E-01   4.6582022345E-01   2.9449262615E-03  -1.1420847820E-04   4.8538947102E-03
   12     -5.9656515701E-04   2.9449262615E-03   6.8326293613E-02  -3.8111157870E-03   7.7359507102E-02
   13     -4.5465053425E-03  -1.1420847820E-04  -3.8111157870E-03   1.1314904923E-01   1.1168839800E-01
   14      1.5491080333E-03   4.8538947102E-03   7.7359507102E-02   1.1168839800E-01   5.4983791373E-01
   15      1.7776876453E-03  -1.3367566982E-03   8.0784964675E-02   2.1077263586E-02   7.2887367018E-02
   16     -1.6504214665E-04  -1.7719588593E-04   9.5673778910E-03  -1.3933790796E-02   3.1852177554E-05
   17     -1.2277508291E-03   8.3323029989E-04  -2.7274478612E-02  -7.7258137793E-03  -5.0246630776E-02
   18      7.0131253996E-04  -4.4728806454E-04  -3.1029430778E-02  -3.6101141193E-03  -2.4466451556E-03
   19      3.8355526780E-04  -2.4560390102E-04   4.1101591857E-02   6.4173499514E-03   2.8003020796E-02
   20      2.3550733133E-03  -1.3910913041E-03   7.6588320393E-02   1.4808863608E-02   5.3431189637E-02
   21     -1.4939569611E-03   7.6406972510E-04  -4.7406097192E-02  -1.2607330187E-02  -5.1543417978E-02
   22     -3.4876629358E-04  -5.4896299569E-05  -3.7975511487E-02  -8.6192957389E-03  -3.4670910344E-02
   23     -5.2273423926E-04   1.7375989795E-04  -2.0072182892E-02  -8.3171359430E-03  -2.0177174157E-02
   24      1.0384234462E-04   2.4582406454E-04   4.6357243607E-03   2.9972142465E-03  -3.9806433353E-03
   25     -1.0722878730E-04   2.3205382234E-04   2.2686679092E-03  -5.4569166536E-03  -5.1364615679E-03
   26      3.4293989876E-04  -7.0099344542E-05  -5.0348893888E-04  -4.3095779463E-03   1.5943601574E-03
   27     -3.2487735464E-04  -2.2137764088E-04  -1.0426399280E-02  -4.3317087959E-03  -5.9208605917E-03
   28      2.2836890391E-04   8.1350173312E-04  -9.8315593217E-04   3.6972613213E-03  -4.6580888838E-04
   29      8.3861714033E-06   9.3196822271E-04   2.3709060816E-03   2.2848912956E-03   1.0467248935E-03
   30      2.0113567844E-05   9.8770430393E-05  -2.0935494290E-02   6.1558055828E-03  -1.3528325179E-02
   31      1.0930072799E-04  -2.1429692890E-06  -1.7140866815E-03   1.9629373493E-03  -1.2770844447E-03
   32     -4.5014747816E-05   5.3842817018E-05  -3.0488190006E-03   3.6717631238E-04  -1.5463868350E-03
   33      5.1448354194E-05   5.2960872866E-05  -9.6099704448E-03  -7.5211455452E-03  -1.0323024137E-02
   34     -7.4619623654E-05   8.9145180364E-06   1.8517894527E-03   1.9085545384E-03   1.8633091247E-03
   35      9.9858809752E-05   3.0407692437E-05  -1.4704449295E-03  -1.0855657372E-03  -1.5303029112E-03
   36      4.2540153672E-05  -1.3002623397E-05   1.7777945140E-03   5.2195011262E-04   3.3325116244E-04
   37      3.5118348936E-05  -9.1421443523E-05   4.2989576272E-06   1.3512537678E-04   4.6942875045E-04
   38     -7.2524661385E-05  -1.2204034219E-04  -3.7349075862E-05  -5.8061119731E-04   1.0125291054E-03
   39      8.8843924962E-05  -2.2117386285E-04   2.2588163471E-03   1.4428990532E-03   2.9615240948E-03
   40     -1.3722654043E-04   1.6869155248E-04  -1.3299665438E-03  -3.5991959391E-04  -1.0264899994E-03
   41      4.8755490723E-05  -5.2225482976E-05   5.5205135880E-04   3.9903257757E-04   1.3232335811E-03
   42      1.9332314007E-04   2.0066057149E-06   5.0983487861E-03   1.6934255219E-03   8.3383635458E-03
   43      9.1130340383E-05  -1.8916872389E-05   1.5628451650E-04   1.9281195684E-05   2.7302635441E-05
   44     -1.2238115691E-04   1.5089495897E-04  -8.2189105323E-04  -1.5849091091E-04  -1.3965863471E-03
                   15                 16                 17                 18                 19        
    0     -5.2251993555E-02  -4.7191325948E-03   2.6791514798E-02  -6.8946872424E-03  -3.6945056048E-02
    1      3.3310521402E-02   1.5702889348E-03  -1.1276209184E-02  -3.6237064901E-03   1.3627762998E-02
    2      2.4205576268E-02  -2.3520304692E-03  -9.4593341922E-03  -1.9705012554E-03   1.2158708528E-02
    3     -2.7968656635E-02  -4.2184596970E-03  -4.2448518502E-03  -2.2560186548E-02  -2.0636991606E-03
    4     -5.3677666277E-02  -6.9098583407E-03   1.6579111478E-02  -1.1754089044E-03  -1.9611860380E-02
    5     -1.0157498260E-01  -3.8124991959E-03   2.9413381087E-02   1.0308945593E-02  -4.0109378459E-02
    6      4.9967961795E-03   7.2345700156E-04  -2.7197282761E-03   1.4123018351E-03   2.0562831175E-03
    7     -7.8739361299E-03   7.6001967275E-05   3.0758227918E-03  -1.6723111476E-03  -4.5698652649E-04
    8      6.7563993654E-03   1.1600038825E-03  -2.6199755824E-03   2.4153417577E-04   1.6649551421E-04
    9     -8.9540271059E-04  -1.7352155473E-04   6.3047624233E-04  -2.3647238916E-04  -8.9523013666E-04
   10      1.7776876453E-03  -1.6504214665E-04  -1.2277508291E-03   7.0131253996E-04   3.8355526780E-04
   11     -1.3367566982E-03  -1.7719588593E-04   8.3323029989E-04  -4.4728806454E-04  -2.4560390102E-04
   12      8.0784964675E-02   9.5673778910E-03  -2.7274478612E-02  -3.1029430778E-02   4.1101591857E-02
   13      2.1077263586E-02  -1.3933790796E-02  -7.7258137793E-03  -3.6101141193E-03   6.4173499514E-03
   14      7.2887367018E-02   3.1852177554E-05  -5.0246630776E-02  -2.4466451556E-03   2.8003020796E-02
   15      6.7963336752E-02   2.0417801567E-02  -5.8645518327E-02  -6.6209279609E-02  -4.2050806439E-02
   16      2.0417801567E-02   7.0384565936E-01   1.8234662634E-02  -1.6216858788E-03  -1.1713227623E-01
   17     -5.8645518327E-02   1.8234662634E-02   7.4569180296E-01   8.8870020362E-02   2.3272735680E-02
   18     -6.6209279609E-02  -1.6216858788E-03   8.8870020362E-02   2.0667303931E-01   7.9218110121E-02
   19     -4.2050806439E-02  -1.1713227623E-01   2.3272735680E-02   7.9218110121E-02   7.3943813341E-01
   20      2.8522547996E-02  -3.3470918339E-03  -3.7349111820E-01  -9.7904218954E-02  -1.7589023194E-03
   21      5.4422531165E-02   8.6066092007E-03  -2.3985235109E-02  -5.6877790406E-02  -1.2131095123E-02
   22      4.5372560346E-02   9.5454074193E-04  -3.4555183022E-02  -4.2414540059E-02  -3.4162441101E-01
   23      2.1995614147E-02  -3.6552963954E-02  -4.0917283109E-02  -1.7514323747E-02  -1.3516473048E-01
   24      1.8278128670E-03   4.4138793562E-04  -7.7171652805E-04  -1.0803793214E-03   1.2543894395E-03
   25      1.3122999782E-03   6.9848524361E-05  -1.5488274000E-04  -3.6601999844E-04   5.5654201393E-04
   26     -4.1773263204E-04   2.6180442147E-04   3.3171387758E-04   1.6748060007E-04  -5.3629922406E-04
   27      6.8992004771E-03   9.3101700692E-05  -3.7040743227E-03   1.1750760438E-04   4.6410761201E-03
   28      4.4022458394E-04  -2.6361053072E-04  -2.9939046058E-04   4.0539093267E-05   6.8253827375E-04
   29     -1.3959570713E-03  -1.0347704185E-04   8.9817029575E-04  -6.1148060638E-05  -1.0459860151E-03
   30     -2.6110841197E-02  -5.0503837689E-03   9.5617604589E-04   2.5388849912E-03  -7.8112416154E-03
   31     -5.3176826719E-03  -2.8211944260E-01   1.3681735332E-01  -4.2533620083E-04   4.6379398480E-03
   32      9.2191865294E-03   1.3426886876E-01  -1.4608424358E-01   1.1895142015E-04   2.8122983470E-02
   33     -3.6426899143E-02  -1.4297192687E-02  -6.3218546552E-03   7.3151227781E-03   1.2721077460E-02
   34     -1.4366901824E-02  -2.8825184443E-01  -1.3718955492E-01   7.0653242295E-06   4.7005473611E-03
   35     -1.1690884365E-03  -1.3318801174E-01  -1.4101722135E-01  -3.5883610285E-03  -2.5778325459E-02
   36      7.8935655792E-04  -7.1979323288E-03   6.1069880323E-03  -4.3548606314E-02  -2.4512813443E-02
   37      7.2517325349E-04   5.2954642035E-03  -3.7242570694E-03  -3.2137938765E-02  -2.7748100714E-01
   38      1.3799972247E-03   2.9941228515E-02  -1.4075353330E-02   1.9963457215E-02   1.2392590580E-01
   39      4.3180975817E-03  -2.8926882631E-03   1.1440433069E-03   6.9516519981E-03  -5.1423485103E-04
   40     -4.3787561044E-04  -4.7308749559E-03  -3.1062198850E-03   6.3714163075E-03   5.8719678495E-03
   41     -1.1069023277E-03  -3.3441880896E-03  -6.2339009666E-04   3.2901664900E-03   4.2381897395E-03
   42     -1.2139023405E-02   3.3144858086E-04   3.1524744082E-03   3.4283240870E-03  -1.4061261802E-02
   43     -7.1885051197E-04   1.6949363100E-03   1.3376919801E-03   7.0152868277E-04  -2.0009795685E-02
   44      6.9601402797E-04  -1.0790781803E-03   1.3662517011E-03   9.8129128586E-04  -1.5263814662E-02
                   20                 21                 22                 23                 24        
    0     -6.1058312785E-02   6.4058393797E-02   4.2955894524E-02   2.2357363725E-02  -5.7827143365E-02
    1      2.5653849893E-02  -2.5497278650E-02  -2.6291765537E-02  -1.0312135872E-02  -1.1484622017E-02
    2      1.6897107073E-02  -1.5865655147E-02  -1.2858223247E-02  -1.7901898252E-02  -9.9412755389E-02
    3     -1.3387774706E-02  -1.3603608027E-02  -1.9128567908E-03  -1.5093852429E-03   1.8657036707E-03
    4     -4.6779815897E-02   4.6684268442E-02   2.6152539535E-02   1.9057497274E-02   1.2378745089E-03
    5     -6.6663197654E-02   6.6424438416E-02   3.9676616021E-02   1.9535983652E-02   1.3716961380E-02
    6      2.5439497424E-03   4.0154906377E-04  -9.5248907336E-04   4.6778760567E-04  -2.9104544758E-03
    7     -5.6069115033E-03   1.4614674995E-03   1.2133692767E-04   2.5317095710E-04  -5.4149187602E-04
    8      3.4926564105E-03  -1.4241747890E-04   6.0704803095E-04   1.4940231497E-04   1.9156379774E-04
    9     -2.6456754290E-04   3.9590005737E-04   4.4705313178E-04  -5.9748110691E-05   2.6310033495E-04
   10      2.3550733133E-03  -1.4939569611E-03  -3.4876629358E-04  -5.2273423926E-04   1.0384234462E-04
   11     -1.3910913041E-03   7.6406972510E-04  -5.4896299569E-05   1.7375989795E-04   2.4582406454E-04
   12      7.6588320393E-02  -4.7406097192E-02  -3.7975511487E-02  -2.0072182892E-02   4.6357243607E-03
   13      1.4808863608E-02  -1.2607330187E-02  -8.6192957389E-03  -8.3171359430E-03   2.9972142465E-03
   14      5.3431189637E-02  -5.1543417978E-02  -3.4670910344E-02  -2.0177174157E-02  -3.9806433353E-03
   15      2.8522547996E-02   5.4422531165E-02   4.5372560346E-02   2.1995614147E-02   1.8278128670E-03
   16     -3.3470918339E-03   8.6066092007E-03   9.5454074193E-04  -3.6552963954E-02   4.4138793562E-04
   17     -3.7349111820E-01  -2.3985235109E-02  -3.4555183022E-02  -4.0917283109E-02  -7.7171652805E-04
   18     -9.7904218954E-02  -5.6877790406E-02  -4.2414540059E-02  -1.7514323747E-02  -1.0803793214E-03
   19     -1.7589023194E-03  -1.2131095123E-02  -3.4162441101E-01  -1.3516473048E-01   1.2543894395E-03
   20      6.9198826960E-01   3.6590403704E-02  -1.0181868751E-01  -1.7801295395E-01   1.2362518589E-03
   21      3.6590403704E-02   8.0277568313E-02  -1.2155702594E-02  -5.4172656069E-02  -2.3499025589E-03
   22     -1.0181868751E-01  -1.2155702594E-02   7.2450939924E-01   3.3394743155E-02  -2.1356844476E-03
   23     -1.7801295395E-01  -5.4172656069E-02   3.3394743155E-02   7.1436074505E-01  -5.4467274747E-03
   24      1.2362518589E-03  -2.3499025589E-03  -2.1356844476E-03  -5.4467274747E-03   5.5508016416E-02
   25      6.0651677398E-04  -4.7474145518E-04  -1.3242603382E-03  -1.1786549368E-03   9.9781386454E-03
   26     -4.4479568883E-04   1.5392323867E-03   1.2093738222E-03   1.3670592010E-03   9.5902416525E-02
   27      7.3244463802E-03  -1.3207502217E-02  -9.7677235640E-03   4.0731445883E-04  -1.7993326006E-04
   28      6.1415260861E-04   1.0692805993E-04  -1.9735181233E-03   4.3896964440E-04  -1.4967862024E-03
   29     -8.5718907881E-04   2.4542630944E-04   1.9761594235E-03  -6.8093187951E-04  -1.9462939360E-03
   30      1.4763549798E-02  -7.4293088041E-03  -3.1565071412E-03  -3.5075302750E-03  -2.0106519581E-04
   31     -1.7055631875E-03  -5.1599026740E-04   1.0781328276E-03  -1.2068698589E-03  -3.3661782505E-05
   32     -9.3496184460E-03  -1.3371465363E-03   4.6368555963E-04   1.3220223467E-03  -9.1065997628E-06
   33      7.3550148550E-03   3.4043293811E-03  -1.9372095681E-03   4.0768179871E-03   5.4178953819E-05
   34      3.6842754388E-03   1.1087164721E-04   1.0067222599E-03   2.7326930242E-05  -2.8430794586E-05
   35     -7.3239499934E-03   2.2322843765E-03   3.1681064324E-04  -5.4301042247E-03   5.3110992417E-05
   36      1.3805888454E-02   3.2277055559E-03  -3.2934227089E-03   2.2654665098E-03  -2.9553216581E-05
   37      1.2340602513E-01  -8.0385782105E-04  -2.0103254938E-02   1.4970136525E-02  -9.2928600922E-06
   38     -1.3094908000E-01  -8.9857504634E-04  -1.8723501390E-02   1.1819759169E-02   2.9136864462E-05
   39     -9.1141637457E-03  -4.2026644942E-02   2.8059503015E-03   5.2269100056E-02   7.8808814213E-04
   40     -2.6176484855E-02  -2.8940178853E-03  -6.0951100686E-02  -4.7395767873E-04  -3.2287937806E-04
   41     -9.7439309662E-03   4.5419807116E-02  -3.5606520806E-03  -3.5510922613E-01   2.7035295839E-04
   42     -7.0106963236E-03  -2.3287123186E-02   2.4121033403E-02  -1.5515083802E-03  -3.6419335131E-04
   43      1.6079701338E-02   1.1602981823E-02  -2.9258629887E-01   1.2557969346E-01   3.8662013746E-05
   44      1.2417702568E-02  -5.2759609669E-03   1.2860526226E-01  -1.3049915994E-01  -7.8062574781E-05
                   25                 26                 27                 28                 29        
    0     -6.2383608477E-03  -8.9868021571E-02  -2.6860447838E-02   3.9732791774E-02  -3.4312641088E-02
    1     -6.6358013090E-02  -4.4641994323E-02   2.9281808997E-02  -2.5577166085E-01   1.4774265058E-01
    2     -3.9737498043E-02  -3.2840814037E-01  -3.1998344422E-02   1.4035957784E-01  -1.6363751692E-01
    3     -1.3027110768E-02  -4.8312410525E-03   1.5674298455E-03   3.3546982227E-03   1.8006076413E-03
    4      4.0084036252E-03   5.2366010151E-03   1.4538762163E-02  -1.5884347369E-02  -1.4965552507E-02
    5     -2.4208090990E-02  -9.6864500239E-03   3.1770643256E-03   2.1427913742E-02   1.0052337659E-02
    6     -4.5161747318E-04   1.3894746972E-03   6.2335053190E-03   2.4893836542E-03  -3.5477142333E-04
    7     -7.3099627475E-05   2.4719610553E-05   4.4024524669E-03  -4.9205871042E-03  -2.9638488964E-03
    8     -2.9820387847E-04   2.3904100241E-04  -5.3852329528E-04  -2.6945667757E-03  -1.1015218038E-03
    9      6.8258746741E-05  -1.6324091756E-04  -1.1675814788E-03  -1.7932465975E-04   3.1941625928E-04
   10     -1.0722878730E-04   3.4293989876E-04  -3.2487735464E-04   2.2836890391E-04   8.3861714033E-06
   11      2.3205382234E-04  -7.0099344542E-05  -2.2137764088E-04   8.1350173312E-04   9.3196822271E-04
   12      2.2686679092E-03  -5.0348893888E-04  -1.0426399280E-02  -9.8315593217E-04   2.3709060816E-03
   13     -5.4569166536E-03  -4.3095779463E-03  -4.3317087959E-03   3.6972613213E-03   2.2848912956E-03
   14     -5.1364615679E-03   1.5943601574E-03  -5.9208605917E-03  -4.6580888838E-04   1.0467248935E-03
   15      1.3122999782E-03  -4.1773263204E-04   6.8992004771E-03   4.4022458394E-04  -1.3959570713E-03
   16      6.9848524361E-05   2.6180442147E-04   9.3101700692E-05  -2.6361053072E-04  -1.0347704185E-04
   17     -1.5488274000E-04   3.3171387758E-04  -3.7040743227E-03  -2.9939046058E-04   8.9817029575E-04
   18     -3.6601999844E-04   1.6748060007E-04   1.1750760438E-04   4.0539093267E-05  -6.1148060638E-05
   19      5.5654201393E-04  -5.3629922406E-04   4.6410761201E-03   6.8253827375E-04  -1.0459860151E-03
   20      6.0651677398E-04  -4.4479568883E-04   7.3244463802E-03   6.1415260861E-04  -8.5718907881E-04
   21     -4.7474145518E-04   1.5392323867E-03  -1.3207502217E-02   1.0692805993E-04   2.4542630944E-04
   22     -1.3242603382E-03   1.2093738222E-03  -9.7677235640E-03  -1.9735181233E-03   1.9761594235E-03
   23     -1.1786549368E-03   1.3670592010E-03   4.0731445883E-04   4.3896964440E-04  -6.8093187951E-04
   24      9.9781386454E-03   9.5902416525E-02  -1.7993326006E-04  -1.4967862024E-03  -1.9462939360E-03
   25      6.0016034886E-02   4.8312725325E-02   7.1405460817E-03   8.1639469949E-03   2.1518297722E-02
   26      4.8312725325E-02   3.4267878394E-01  -2.9350815285E-03  -5.7422962578E-03  -7.9997890872E-03
   27      7.1405460817E-03  -2.9350815285E-03   3.9700081615E-02  -4.3835162507E-02   3.3848466196E-02
   28      8.1639469949E-03  -5.7422962578E-03  -4.3835162507E-02   2.6431068163E-01  -1.5371400465E-01
   29      2.1518297722E-02  -7.9997890872E-03   3.3848466196E-02  -1.5371400465E-01   1.6019380557E-01
   30     -2.3048479083E-04   5.0163341118E-05  -9.6245175487E-04  -2.9257452069E-04  -5.2152950489E-05
   31     -4.8081888385E-05  -2.4185328591E-06  -1.8591821041E-04  -9.4882033792E-06  -2.1104802231E-04
   32     -9.8366803102E-05   3.1805518507E-05  -4.5140993444E-04  -1.7025784190E-04  -7.5001795314E-05
   33      2.3289177245E-05   4.2392254583E-05  -2.4370542347E-04  -3.0184390231E-05   4.6430968782E-05
   34      5.5234468549E-05   1.4933573708E-06   1.8912297168E-04   5.2720393849E-05   5.6202131198E-06
   35     -2.5496603907E-05   1.8697511107E-05  -1.8092030489E-04  -5.1143690135E-05  -6.5429172110E-05
   36      1.9156049584E-05   3.5557493762E-05   3.1392982890E-04  -1.7325439397E-04   2.0793177183E-04
   37     -7.3261966490E-06   3.7163252338E-06   9.7848801745E-05   9.5252463813E-05  -7.4355042779E-05
   38     -8.3090660012E-06  -2.4860935675E-05   1.4717143709E-04  -1.6410855871E-05  -7.0886725663E-05
   39      1.4577063739E-04  -2.9587381458E-04  -3.7780416089E-04  -1.2967993440E-04   1.5802288850E-04
   40      3.8622215075E-04   3.0436634363E-05  -6.9013227866E-05   1.2938947240E-04   7.1280524183E-05
   41      5.7569042119E-05   3.1195146549E-04   1.4685393266E-04  -1.0793197168E-04   8.8028702275E-05
   42     -1.6645166840E-04  -1.1234944619E-04  -1.4058292768E-03   9.6846339396E-04  -8.8754589142E-04
   43      1.1869391797E-04  -1.9395890298E-04  -1.8832218849E-03   1.4630527245E-03  -5.4165719436E-04
   44      1.2153671999E-04   6.0722776757E-05   9.1257761369E-04  -3.7966074038E-04   1.2772311244E-03
                   30                 31                 32                 33                 34        
    0      3.6860921367E-03   3.6085508558E-04   8.3395211624E-04   7.7268233125E-04  -3.4438077769E-04
    1     -2.4280736010E-03  -3.6097115170E-04  -4.3847471287E-04  -6.5711937624E-04   1.5496107776E-04
    2     -1.5171684196E-03  -2.3877691207E-05  -3.8143763901E-04  -1.3196498562E-03   4.7261150873E-04
    3      5.3500948467E-04   6.3920260876E-05  -3.6151530265E-04  -1.6182917651E-03   2.8027448489E-04
    4      4.8669478493E-03   6.5395705066E-04   1.3210592942E-03  -6.1885638774E-04  -3.4217303190E-06
    5      7.3334400147E-03   5.7165328831E-04   1.2653870577E-03   3.3563677536E-03  -6.3491582762E-04
    6     -5.3578895568E-04   7.5162440422E-05  -6.0489359293E-05  -1.1333970725E-04   7.6563509090E-05
    7      4.8895541307E-04  -6.2733418682E-05  -3.6334777835E-05   9.9112392700E-05   1.0615760511E-05
    8     -9.3783925298E-04  -2.1252608810E-04  -2.8193226002E-05  -1.3775766106E-04   1.1624197079E-05
    9      1.2202693504E-04  -7.9302746946E-06   2.9910023765E-05   2.2861915789E-05  -3.1635509712E-05
   10      2.0113567844E-05   1.0930072799E-04  -4.5014747816E-05   5.1448354194E-05  -7.4619623654E-05
   11      9.8770430393E-05  -2.1429692890E-06   5.3842817018E-05   5.2960872866E-05   8.9145180364E-06
   12     -2.0935494290E-02  -1.7140866815E-03  -3.0488190006E-03  -9.6099704448E-03   1.8517894527E-03
   13      6.1558055828E-03   1.9629373493E-03   3.6717631238E-04  -7.5211455452E-03   1.9085545384E-03
   14     -1.3528325179E-02  -1.2770844447E-03  -1.5463868350E-03  -1.0323024137E-02   1.8633091247E-03
   15     -2.6110841197E-02  -5.3176826719E-03   9.2191865294E-03  -3.6426899143E-02  -1.4366901824E-02
   16     -5.0503837689E-03  -2.8211944260E-01   1.3426886876E-01  -1.4297192687E-02  -2.8825184443E-01
   17      9.5617604589E-04   1.3681735332E-01  -1.4608424358E-01  -6.3218546552E-03  -1.3718955492E-01
   18      2.5388849912E-03  -4.2533620083E-04   1.1895142015E-04   7.3151227781E-03   7.0653242295E-06
   19     -7.8112416154E-03   4.6379398480E-03   2.8122983470E-02   1.2721077460E-02   4.7005473611E-03
   20      1.4763549798E-02  -1.7055631875E-03  -9.3496184460E-03   7.3550148550E-03   3.6842754388E-03
   21     -7.4293088041E-03  -5.1599026740E-04  -1.3371465363E-03   3.4043293811E-03   1.1087164721E-04
   22     -3.1565071412E-03   1.0781328276E-03   4.6368555963E-04  -1.9372095681E-03   1.0067222599E-03
   23     -3.5075302750E-03  -1.2068698589E-03   1.3220223467E-03   4.0768179871E-03   2.7326930242E-05
   24     -2.0106519581E-04  -3.3661782505E-05  -9.1065997628E-06   5.4178953819E-05  -2.8430794586E-05
   25     -2.3048479083E-04  -4.8081888385E-05  -9.8366803102E-05   2.3289177245E-05   5.5234468549E-05
   26      5.0163341118E-05  -2.4185328591E-06   3.1805518507E-05   4.2392254583E-05   1.4933573708E-06
   27     -9.6245175487E-04  -1.8591821041E-04  -4.5140993444E-04  -2.4370542347E-04   1.8912297168E-04
   28     -2.9257452069E-04  -9.4882033792E-06  -1.7025784190E-04  -3.0184390231E-05   5.2720393849E-05
   29     -5.2152950489E-05  -2.1104802231E-04  -7.5001795314E-05   4.6430968782E-05   5.6202131198E-06
   30      3.8058687233E-02   7.6565383306E-03  -8.1795854914E-03   4.1420725832E-03  -9.3247929470E-04
   31      7.6565383306E-03   2.8656438323E-01  -1.4706746299E-01  -7.4059284998E-04  -1.3660197151E-02
   32     -8.1795854914E-03  -1.4706746299E-01   1.4746037789E-01   5.8889040400E-04  -1.4437942080E-02
   33      4.1420725832E-03  -7.4059284998E-04   5.8889040400E-04   3.6724071159E-02   1.2943107268E-02
   34     -9.3247929470E-04  -1.3660197151E-02  -1.4437942080E-02   1.2943107268E-02   2.9281719822E-01
   35      1.7324421711E-03   1.5084715833E-02   1.1598884017E-02   3.1787482405E-03   1.4600633620E-01
   36      5.8463789889E-03   2.5301211546E-04   2.1363053752E-03  -3.8591067190E-03   5.0117322881E-04
   37      8.1362014263E-05   1.0014367110E-03  -1.1339016947E-03   1.6548921870E-05   7.2368553149E-04
   38      3.3959427612E-03  -1.0162961839E-03  -4.2263502091E-03  -1.0757133580E-03  -1.9946333061E-04
   39      1.2293171179E-04  -1.7395312002E-04   4.0987924234E-04  -8.5985463313E-04  -1.2629078231E-04
   40     -1.0319849450E-04   3.7355627047E-05  -3.3523700882E-04   4.2356743410E-04   2.4283728797E-04
   41     -8.9819493869E-05  -3.5228669725E-05   2.8523297167E-04   4.8935826888E-04   1.9997712762E-04
   42      1.1228661322E-03   7.0352688229E-04   1.1123676584E-04   2.9584873419E-04  -1.3433463293E-04
   43      7.3735741328E-04   2.1547103959E-04  -8.2517156813E-04  -4.7136447261E-04   3.1700603343E-04
   44     -5.1830315318E-04   3.3118701976E-04  -3.2632089028E-04  -6.7842708162E-06   1.8774650698E-04
                   35                 36                 37                 38                 39        
    0      5.3314704489E-04   2.2983408156E-04  -3.7975701925E-04  -2.4707711916E-04  -7.1831013880E-03
    1     -1.7458745593E-05   6.3179980791E-04   2.3759488324E-04   2.6920315743E-04   1.9529749718E-03
    2     -1.8686055391E-04  -3.9904794691E-04   8.1285093031E-05   1.9538286683E-04   6.7691969221E-03
    3     -4.4233177981E-04   1.2889797931E-03   1.3081359955E-04   1.7002742828E-04   8.1721020054E-04
    4      2.2981852533E-04  -6.1827178684E-04  -7.0767262221E-04   2.1402346020E-04  -4.1620560972E-03
    5      7.8042778179E-04  -5.1996114746E-04  -1.3137338935E-04  -3.7982254920E-04  -2.5697229154E-03
    6      3.1624266078E-05  -1.1319690834E-03   2.8523381571E-05   4.2556375238E-06  -3.1145294315E-04
    7     -1.4316928740E-04   8.7255951054E-05   1.1335362518E-04   6.5134983861E-05   1.0346560284E-04
    8     -8.6390711604E-05   5.2204850927E-05  -1.4080089669E-05   1.9926135972E-04  -5.1296856838E-05
    9      4.4262129028E-05   2.1994751760E-04   4.1050227812E-05   3.7408225630E-07   4.3060919475E-05
   10      9.9858809752E-05   4.2540153672E-05   3.5118348936E-05  -7.2524661385E-05   8.8843924962E-05
   11      3.0407692437E-05  -1.3002623397E-05  -9.1421443523E-05  -1.2204034219E-04  -2.2117386285E-04
   12     -1.4704449295E-03   1.7777945140E-03   4.2989576272E-06  -3.7349075862E-05   2.2588163471E-03
   13     -1.0855657372E-03   5.2195011262E-04   1.3512537678E-04  -5.8061119731E-04   1.4428990532E-03
   14     -1.5303029112E-03   3.3325116244E-04   4.6942875045E-04   1.0125291054E-03   2.9615240948E-03
   15     -1.1690884365E-03   7.8935655792E-04   7.2517325349E-04   1.3799972247E-03   4.3180975817E-03
   16     -1.3318801174E-01  -7.1979323288E-03   5.2954642035E-03   2.9941228515E-02  -2.8926882631E-03
   17     -1.4101722135E-01   6.1069880323E-03  -3.7242570694E-03  -1.4075353330E-02   1.1440433069E-03
   18     -3.5883610285E-03  -4.3548606314E-02  -3.2137938765E-02   1.9963457215E-02   6.9516519981E-03
   19     -2.5778325459E-02  -2.4512813443E-02  -2.7748100714E-01   1.2392590580E-01  -5.1423485103E-04
   20     -7.3239499934E-03   1.3805888454E-02   1.2340602513E-01  -1.3094908000E-01  -9.1141637457E-03
   21      2.2322843765E-03   3.2277055559E-03  -8.0385782105E-04  -8.9857504634E-04  -4.2026644942E-02
   22      3.1681064324E-04  -3.2934227089E-03  -2.0103254938E-02  -1.8723501390E-02   2.8059503015E-03
   23     -5.4301042247E-03   2.2654665098E-03   1.4970136525E-02   1.1819759169E-02   5.2269100056E-02
   24      5.3110992417E-05  -2.9553216581E-05  -9.2928600922E-06   2.9136864462E-05   7.8808814213E-04
   25     -2.5496603907E-05   1.9156049584E-05  -7.3261966490E-06  -8.3090660012E-06   1.4577063739E-04
   26      1.8697511107E-05   3.5557493762E-05   3.7163252338E-06  -2.4860935675E-05  -2.9587381458E-04
   27     -1.8092030489E-04   3.1392982890E-04   9.7848801745E-05   1.4717143709E-04  -3.7780416089E-04
   28     -5.1143690135E-05  -1.7325439397E-04   9.5252463813E-05  -1.6410855871E-05  -1.2967993440E-04
   29     -6.5429172110E-05   2.0793177183E-04  -7.4355042779E-05  -7.0886725663E-05   1.5802288850E-04
   30      1.7324421711E-03   5.8463789889E-03   8.1362014263E-05   3.3959427612E-03   1.2293171179E-04
   31      1.5084715833E-02   2.5301211546E-04   1.0014367110E-03  -1.0162961839E-03  -1.7395312002E-04
   32      1.1598884017E-02   2.1363053752E-03  -1.1339016947E-03  -4.2263502091E-03   4.0987924234E-04
   33      3.1787482405E-03  -3.8591067190E-03   1.6548921870E-05  -1.0757133580E-03  -8.5985463313E-04
   34      1.4600633620E-01   5.0117322881E-04   7.2368553149E-04  -1.9946333061E-04  -1.2629078231E-04
   35      1.4259758685E-01  -8.2359962300E-04   1.8902307353E-04   1.0834148413E-03  -3.0956126073E-04
   36     -8.2359962300E-04   3.2369968520E-02   3.3699585576E-02  -2.2312642951E-02  -4.7254130802E-03
   37      1.8902307353E-04   3.3699585576E-02   2.9211626940E-01  -1.3100284557E-01   5.1371421038E-04
   38      1.0834148413E-03  -2.2312642951E-02  -1.3100284557E-01   1.3604537174E-01  -3.3445281812E-04
   39     -3.0956126073E-04  -4.7254130802E-03   5.1371421038E-04  -3.3445281812E-04   3.7313260126E-02
   40     -1.4207150165E-03   4.5048044099E-04   1.1626557693E-03   4.5948608396E-04   1.3580467848E-03
   41     -4.2494975203E-04  -6.1460059740E-04  -1.5860299489E-05   8.2827884203E-04  -4.8620206203E-02
   42      1.7649047563E-04   7.2307530550E-03  -2.0185974826E-03  -1.7934676216E-04   2.8711541201E-03
   43     -2.2403577716E-04  -4.0073377121E-04  -2.6166954164E-03  -3.2643189307E-03  -4.1350583925E-04
   44     -4.4210023831E-05  -2.6594428142E-04  -2.9222211177E-03  -1.3356038358E-03  -2.1971537662E-03
                   40                 41                 42                 43                 44        
    0      1.4729901480E-03  -1.6967633523E-03  -1.8522240213E-02  -1.0632702415E-03   1.4995516123E-03
    1     -1.4522757578E-03   6.4308534786E-04   8.3411666315E-03  -9.4451877434E-04  -2.4977853556E-05
    2     -4.9036386629E-04   9.9954517518E-04   3.3632912533E-04   6.9070264855E-04  -6.4457586467E-04
    3      1.1407671500E-04   1.2873982770E-05   8.0856352933E-04  -1.4598257750E-04   2.3830878366E-04
    4      1.1473476457E-03  -9.0566387582E-04  -6.3537164644E-03   3.6130510482E-04   1.6683497181E-04
    5      1.0092335975E-03  -9.0888453891E-04  -9.0144870003E-03  -1.2207443173E-05   1.4446794146E-03
    6     -9.5123507985E-05   1.1609581023E-04   5.1591613174E-04   2.8732690411E-04  -3.6183811593E-04
    7      1.9927249199E-04  -1.1007468631E-04  -3.9161857902E-04   3.0099716264E-06   1.7262222912E-04
    8     -1.0217552760E-04  -2.5927988068E-05  -3.5030136675E-04  -9.0060798944E-05  -1.4296471511E-04
    9     -5.0279212208E-05  -1.9988509660E-05  -1.1100163967E-04  -6.9103777566E-05   5.1150844043E-05
   10     -1.3722654043E-04   4.8755490723E-05   1.9332314007E-04   9.1130340383E-05  -1.2238115691E-04
   11      1.6869155248E-04  -5.2225482976E-05   2.0066057149E-06  -1.8916872389E-05   1.5089495897E-04
   12     -1.3299665438E-03   5.5205135880E-04   5.0983487861E-03   1.5628451650E-04  -8.2189105323E-04
   13     -3.5991959391E-04   3.9903257757E-04   1.6934255219E-03   1.9281195684E-05  -1.5849091091E-04
