
$orca_hessian_file

$act_atom
  0

$act_coord
  0

$act_energy
        0.000000

$multiplicity
  1

$hessian
42
                    0                  1                  2                  3                  4        
    0      1.6372955468E-01   6.2757453060E-02   1.8698041566E-01  -7.1307444697E-02   2.4549983829E-02
    1      6.2757453060E-02   7.6534977302E-01  -8.5102626802E-02   7.8899265394E-02  -3.4852137998E-01
    2      1.8698041566E-01  -8.5102626802E-02   6.5830845101E-01  -7.5550520702E-02   1.6264789492E-01
    3     -7.1307444697E-02   7.8899265394E-02  -7.5550520702E-02   3.5804180434E-01   2.7205833050E-02
    4      2.4549983829E-02  -3.4852137998E-01   1.6264789492E-01   2.7205833050E-02   7.2780059981E-01
    5     -7.0535561977E-02   1.7110994794E-01  -2.1749956337E-01   2.6053275353E-01  -1.1726586346E-01
    6      3.0158298545E-02  -1.9327554084E-02   6.4385177233E-03  -1.0567810031E-01  -7.0952201112E-02
    7      2.1285510155E-02  -8.1876748145E-02  -2.9451121346E-03  -6.5134082500E-02  -2.9628871432E-01
    8      2.4189771491E-02  -3.2913672393E-03   2.5552464003E-02  -4.4662499134E-02  -3.7805207854E-02
    9     -3.0887454023E-02   2.1603084394E-02  -9.1460349214E-03  -3.2396959422E-02  -7.3977424850E-02
   10      6.7253216574E-03  -6.6823150092E-03  -5.3663503079E-04  -2.4304460332E-02   6.3115175979E-03
   11      3.5952816136E-03   3.6295164910E-03   1.6113521710E-03  -6.1226763740E-03  -1.0927339033E-02
   12     -2.6242491419E-02   1.5182448606E-03   4.4149496165E-04  -3.1090242724E-02  -1.0884337709E-02
   13     -6.0920275526E-02   1.8547322327E-02  -6.9120179444E-03  -5.0512526540E-03  -5.2229416552E-02
   14     -8.6381438128E-03   3.3305698790E-03  -2.9823612075E-03  -1.3117628854E-02  -1.0915267085E-02
   15      5.8705038061E-02  -2.5624733558E-02   1.5339806662E-02  -2.5506583978E-02   7.4416247307E-02
   16      4.1341697472E-02  -2.0575985205E-02   1.6764481254E-03  -9.3275378050E-03   2.8703481378E-02
   17     -7.1813655384E-03   4.6746117384E-03  -4.4979255051E-03  -2.8768288588E-03  -5.0914397744E-03
   18     -2.7028965150E-02  -1.2345462410E-02  -6.2700259695E-02  -4.4720802480E-03   9.6444592649E-03
   19     -8.0616285753E-03  -5.8526644180E-02  -1.1174849291E-02   7.7731266675E-03   5.3244085331E-03
   20     -7.3390530548E-02  -5.2382725088E-03  -3.5715557988E-01  -2.0870352071E-03  -6.2457066456E-03
   21     -7.5414107783E-02  -1.1037598475E-01  -5.1120846077E-02   5.4397694246E-03   1.3838108609E-02
   22     -9.6653409525E-02  -2.7476222650E-01  -8.6175666702E-02  -1.5502816326E-02  -1.7935371613E-02
   23     -4.8427014082E-02  -8.8596772244E-02  -9.1166208753E-02   8.7886855023E-03   1.1991659041E-02
   24      3.5084721053E-03  -3.4497513275E-03  -9.1195769050E-03  -9.8847724377E-02   3.7700585934E-03
   25      8.7439551107E-03   5.2545396511E-03   2.6462219148E-02   5.5934179797E-03  -5.5085853812E-02
   26     -5.3644579711E-03  -1.7467736923E-03  -7.2791600774E-03  -1.2598539611E-01   9.8207058532E-03
   27      3.3714190092E-03  -2.2900980345E-03   1.1306806756E-03   2.6991761600E-03   8.1777764998E-03
   28      3.1340996489E-04  -8.0911969557E-04   1.2021743964E-04  -1.7625677618E-04   8.5995372341E-04
   29     -4.3871840315E-05   7.5876359934E-05  -5.1601354010E-04   6.9686648084E-04   3.3487655646E-03
   30      9.9211783858E-04  -1.4010186266E-03  -2.7374727901E-04  -2.9955471190E-03   3.6369393907E-03
   31      4.6042659830E-04   4.3623100689E-04   2.3110536513E-04   1.3879360785E-04   1.6406780216E-03
   32      1.0905371519E-03  -5.8703195875E-04  -2.5758700336E-05  -1.9998294522E-03   2.5267322249E-03
   33      1.5758892336E-03  -9.1549637377E-04  -1.4085087006E-03   2.6772834456E-03   5.8388894571E-04
   34     -4.1390191002E-04   4.9806173118E-04  -3.4984910692E-04   1.4884741497E-04  -8.9091994829E-04
   35     -3.5746993695E-04  -2.0142039844E-04  -5.0050856062E-04   5.9641608263E-04  -1.8387148826E-04
   36     -3.6049429923E-03   3.3192435186E-03   3.2913492908E-03   1.6308005187E-03  -8.2050629451E-04
   37     -7.6932934507E-04   4.2935151163E-04   1.0358374282E-03  -8.2938748089E-05  -6.6555264704E-04
   38     -1.8736347062E-03   1.7458788567E-03  -2.9643058744E-04   3.7487300956E-04  -1.0164105576E-03
   39     -2.7555383407E-02   7.6104316567E-03  -4.3286705344E-03   1.8058489820E-03  -9.1813756921E-03
   40      6.6316331577E-04   1.2391394766E-03   1.0233633586E-03  -1.8738880207E-04   9.7656981165E-04
   41     -1.8055667959E-05   1.9753479845E-04  -3.5527569984E-03   1.4207625816E-03  -8.4923638451E-04
                    5                  6                  7                  8                  9        
    0     -7.0535561977E-02   3.0158298545E-02   2.1285510155E-02   2.4189771491E-02  -3.0887454023E-02
    1      1.7110994794E-01  -1.9327554084E-02  -8.1876748145E-02  -3.2913672393E-03   2.1603084394E-02
    2     -2.1749956337E-01   6.4385177233E-03  -2.9451121346E-03   2.5552464003E-02  -9.1460349214E-03
    3      2.6053275353E-01  -1.0567810031E-01  -6.5134082500E-02  -4.4662499134E-02  -3.2396959422E-02
    4     -1.1726586346E-01  -7.0952201112E-02  -2.9628871432E-01  -3.7805207854E-02  -7.3977424850E-02
    5      6.1767832256E-01  -6.2300479201E-02  -5.7676922425E-02  -1.0812695092E-01  -4.6497327943E-04
    6     -6.2300479201E-02   2.2799145891E-01   8.5243089524E-02   1.2059808611E-01  -3.3142930532E-02
    7     -5.7676922425E-02   8.5243089524E-02   4.6239987142E-01   6.0970747161E-02   2.6496308566E-02
    8     -1.0812695092E-01   1.2059808611E-01   6.0970747161E-02   1.6458221185E-01  -2.0829425372E-02
    9     -4.6497327943E-04  -3.3142930532E-02   2.6496308566E-02  -2.0829425372E-02   2.7669770240E-01
   10     -1.9327699516E-02  -8.3293137400E-03  -8.5557926507E-02   7.6700057765E-03   4.0899120749E-02
   11     -9.8274157850E-03  -4.0021781334E-02   4.6831059373E-03  -7.6872904797E-02  -9.1556708212E-02
   12      5.9726814899E-03  -4.5270062091E-02   1.7618771131E-02   1.8987603651E-03  -1.0644069515E-01
   13      6.5701321066E-03   6.0952307728E-02   2.7998256005E-02   1.6005331438E-02   3.7358574303E-02
   14      1.0548082813E-02   7.4701265580E-03   7.4859875625E-03   4.7094701321E-03   6.9329296371E-02
   15     -7.6021709114E-03  -3.4258590138E-02  -4.4122695534E-02  -2.2653444675E-02   4.0242810711E-02
   16     -5.2768104921E-03  -1.8970956302E-02  -1.9955552003E-02  -1.0387582593E-02   2.0077266879E-02
   17     -9.7595007956E-04   5.4222477716E-03   5.7996027688E-03   4.5169300955E-03  -9.9038589843E-03
   18     -1.5803755384E-02  -7.4908204746E-03  -6.4294068450E-03   1.1660156752E-03   4.6685924790E-03
   19      2.9579963659E-02   1.2425128958E-03   2.1289345675E-03  -2.6677659611E-03  -1.6934978177E-04
   20     -1.0214068210E-02   1.8677795294E-03   3.8311747862E-04   1.3661075530E-03  -1.4216557813E-03
   21      6.8127401352E-03   5.2903661673E-03  -8.8875987035E-04  -8.3118639334E-03   1.0804116199E-04
   22     -1.4707534998E-02   1.2512359888E-03  -3.6707406358E-03   4.4174457879E-03   1.4106625839E-03
   23      6.1972540302E-03  -3.1840396029E-03   6.5969453662E-03   2.8279506494E-03  -1.3111066882E-03
   24     -1.1444402665E-01  -6.2983911222E-03  -1.1055249975E-02  -1.1599100639E-02  -1.0757633405E-03
   25      8.4753549793E-03  -2.9010264895E-02  -9.5313626569E-03  -3.2888342612E-02   6.1887624425E-03
   26     -2.8842768605E-01  -1.0484765342E-02  -8.1785465399E-03  -3.6953787121E-03   6.5062494483E-03
   27     -1.0966035308E-03  -1.3231600111E-02   4.3510779620E-03  -3.7732370032E-02  -5.1586295906E-02
   28     -1.3495006309E-03   8.3067992753E-04   2.7126808792E-03  -3.2491753348E-03  -1.1372261868E-02
   29     -3.5482487473E-04  -1.1683986813E-02   8.5663201932E-04  -1.4314419700E-02   4.4392852920E-02
   30     -1.7901326769E-03  -2.2840997405E-02  -3.4424726072E-02  -7.3382239270E-03  -5.6638638587E-02
   31      1.8390578289E-04  -8.3559830696E-04   8.9670645878E-04  -4.3790253524E-04  -6.8629681634E-02
   32     -9.0327814579E-04  -1.4198195081E-02  -1.9072238471E-02  -2.9876280613E-03   1.5039497781E-02
   33     -9.2380294651E-04   1.6484230408E-03  -7.4747466171E-04   1.8200022817E-03  -5.9452774711E-03
   34     -3.4452551383E-05  -1.0255686112E-03   1.0325674619E-03   1.9637691062E-03   4.0293782627E-03
   35     -3.1165631750E-04  -3.0887587515E-04   6.1107046508E-04   2.8892141711E-03  -8.6252889791E-04
   36      9.7373989471E-04   1.1382564847E-03  -5.0678367423E-04   9.8925847403E-05   5.7041439145E-03
   37      5.7867425341E-05  -2.7981805578E-04   8.2369175959E-04   3.3615099960E-04  -3.2627163663E-03
   38      8.7544079503E-04   1.3129373535E-03   7.5885245665E-04   4.7921044202E-04  -2.3899001185E-04
   39      6.6164901393E-04   1.9846890366E-03   8.3364073178E-03   3.3592209991E-03  -9.3072762274E-03
   40     -3.7380314214E-04  -8.1053648016E-04  -1.1116642865E-03  -6.2483455426E-04  -6.4314059675E-04
   41      1.3422935470E-03  -9.3142685213E-04  -2.8451323041E-04  -9.2627670664E-04   4.6020976942E-04
                   10                 11                 12                 13                 14        
    0      6.7253216574E-03   3.5952816136E-03  -2.6242491419E-02  -6.0920275526E-02  -8.6381438128E-03
    1     -6.6823150092E-03   3.6295164910E-03   1.5182448606E-03   1.8547322327E-02   3.3305698790E-03
    2     -5.3663503079E-04   1.6113521710E-03   4.4149496165E-04  -6.9120179444E-03  -2.9823612075E-03
    3     -2.4304460332E-02  -6.1226763740E-03  -3.1090242724E-02  -5.0512526540E-03  -1.3117628854E-02
    4      6.3115175979E-03  -1.0927339033E-02  -1.0884337709E-02  -5.2229416552E-02  -1.0915267085E-02
    5     -1.9327699516E-02  -9.8274157850E-03   5.9726814899E-03   6.5701321066E-03   1.0548082813E-02
    6     -8.3293137400E-03  -4.0021781334E-02  -4.5270062091E-02   6.0952307728E-02   7.4701265580E-03
    7     -8.5557926507E-02   4.6831059373E-03   1.7618771131E-02   2.7998256005E-02   7.4859875625E-03
    8      7.6700057765E-03  -7.6872904797E-02   1.8987603651E-03   1.6005331438E-02   4.7094701321E-03
    9      4.0899120749E-02  -9.1556708212E-02  -1.0644069515E-01   3.7358574303E-02   6.9329296371E-02
   10      6.9286660498E-01  -9.4140459846E-03   5.7091772808E-02  -1.5603484553E-01  -5.7813652992E-02
   11     -9.4140459846E-03   6.0258874225E-01   6.6965608210E-02  -5.6529319262E-02  -1.5183186514E-01
   12      5.7091772808E-02   6.6965608210E-02   2.7731750893E-01  -2.4781737110E-02  -1.6716931651E-01
   13     -1.5603484553E-01  -5.6529319262E-02  -2.4781737110E-02   7.2001140643E-01  -9.6515928560E-02
   14     -5.7813652992E-02  -1.5183186514E-01  -1.6716931651E-01  -9.6515928560E-02   5.7271371689E-01
   15      7.6599794313E-03  -1.3687324280E-03  -4.2840771635E-02   2.3342610160E-03   3.6426890739E-02
   16     -4.1057724473E-02  -3.5657926441E-03  -3.2599179529E-02  -4.5006953191E-01   8.0986731812E-02
   17     -2.5111137340E-02   4.5824099037E-03   2.4817213739E-02   6.0073327428E-02  -1.2463904783E-01
   18     -1.3637507457E-03   1.5206952846E-03   1.6131355849E-03   6.7860826951E-03   1.1292051427E-03
   19      5.3923762778E-05   1.0742598635E-03  -1.1510062227E-03   6.6674112843E-05   6.8940561558E-04
   20      1.8827754429E-04  -1.3338847559E-03  -7.0201312718E-04  -2.8496520270E-03   2.9679629430E-04
   21      3.5071029597E-04   1.1304415647E-05  -1.6413194876E-03  -1.4178989031E-04  -9.3134253117E-05
   22      5.0105495267E-04   5.5172476686E-04  -2.2810372612E-04   7.1998476382E-06   8.6846999024E-05
   23     -3.2306309733E-04  -1.3043356745E-03   5.6487616520E-04  -5.7668849152E-04  -2.1393482968E-05
   24     -1.1776448917E-03  -4.2039802996E-03   4.7331314088E-03  -5.9043662066E-04  -5.7574850758E-04
   25     -3.6137049035E-03  -1.4928811041E-03  -1.2095257690E-03   1.4019475817E-03   6.6969994624E-04
   26     -8.7497815748E-04   1.6654894633E-03  -1.5808155833E-03   7.2884340852E-04   9.2308265423E-04
   27     -1.5565575704E-02   4.6242708902E-02  -2.5658539148E-03  -5.0068191993E-03   2.2404774510E-02
   28     -8.0243099028E-02   7.3687453231E-02   3.4171159840E-03   7.7623328317E-03  -1.9399346108E-02
   29      7.0854358652E-02  -2.9873094825E-01   4.0093878868E-03   6.1307517251E-03  -1.2869796323E-02
   30     -6.0188732487E-02   9.9369765812E-03   8.6122907744E-03   2.3194042702E-02  -4.0058459060E-03
   31     -3.2963377061E-01   2.0322704010E-02  -4.2825495633E-03  -1.3924979535E-02   4.6229019378E-03
   32      2.6159988804E-02  -5.6642996769E-02  -5.0612225407E-03  -1.4050822403E-02   4.3727724356E-03
   33     -1.5185107134E-03   1.4475876872E-02  -4.4408560159E-02  -1.3096827217E-02   5.3360834444E-02
   34      7.7504018584E-03  -2.4389367388E-02  -1.4310700740E-02  -8.2455136441E-02   7.8270312176E-02
   35      7.5057181210E-03  -1.7525376771E-02   7.1331230998E-02   8.2541786980E-02  -3.0641491042E-01
   36      7.9155672241E-04   4.6804651329E-03   9.9570543989E-03  -5.3569801321E-03  -5.3206227347E-03
   37     -6.4289003162E-03   8.5729491411E-04   1.3393502628E-02  -1.4329867560E-02  -2.3051994646E-02
   38      1.7005970449E-03   1.2335813210E-03  -1.2792295141E-03   5.8478171139E-03   6.3446137228E-03
   39     -1.0790561320E-03  -4.1478625053E-03  -1.7331245081E-03  -1.5692855910E-02   8.7952557188E-03
   40      1.7687832242E-03   1.5203074038E-03  -3.5785612265E-03  -6.7513616099E-03   3.1542874899E-02
   41     -6.8535502678E-04   2.3881528356E-03  -2.0459945430E-04  -4.5270294703E-04  -1.1491605406E-03
                   15                 16                 17                 18                 19        
    0      5.8705038061E-02   4.1341697472E-02  -7.1813655384E-03  -2.7028965150E-02  -8.0616285753E-03
    1     -2.5624733558E-02  -2.0575985205E-02   4.6746117384E-03  -1.2345462410E-02  -5.8526644180E-02
    2      1.5339806662E-02   1.6764481254E-03  -4.4979255051E-03  -6.2700259695E-02  -1.1174849291E-02
    3     -2.5506583978E-02  -9.3275378050E-03  -2.8768288588E-03  -4.4720802480E-03   7.7731266675E-03
    4      7.4416247307E-02   2.8703481378E-02  -5.0914397744E-03   9.6444592649E-03   5.3244085331E-03
    5     -7.6021709114E-03  -5.2768104921E-03  -9.7595007956E-04  -1.5803755384E-02   2.9579963659E-02
    6     -3.4258590138E-02  -1.8970956302E-02   5.4222477716E-03  -7.4908204746E-03   1.2425128958E-03
    7     -4.4122695534E-02  -1.9955552003E-02   5.7996027688E-03  -6.4294068450E-03   2.1289345675E-03
    8     -2.2653444675E-02  -1.0387582593E-02   4.5169300955E-03   1.1660156752E-03  -2.6677659611E-03
    9      4.0242810711E-02   2.0077266879E-02  -9.9038589843E-03   4.6685924790E-03  -1.6934978177E-04
   10      7.6599794313E-03  -4.1057724473E-02  -2.5111137340E-02  -1.3637507457E-03   5.3923762778E-05
   11     -1.3687324280E-03  -3.5657926441E-03   4.5824099037E-03   1.5206952846E-03   1.0742598635E-03
   12     -4.2840771635E-02  -3.2599179529E-02   2.4817213739E-02   1.6131355849E-03  -1.1510062227E-03
   13      2.3342610160E-03  -4.5006953191E-01   6.0073327428E-02   6.7860826951E-03   6.6674112843E-05
   14      3.6426890739E-02   8.0986731812E-02  -1.2463904783E-01   1.1292051427E-03   6.8940561558E-04
   15      1.1067235106E-01  -6.1563559433E-02  -9.5314781494E-02  -2.2998665503E-02   5.5889676197E-04
   16     -6.1563559433E-02   7.8904213827E-01  -3.2229338595E-02  -3.4946369552E-03   4.9237658434E-04
   17     -9.5314781494E-02  -3.2229338595E-02   6.5580990147E-01   6.8451355221E-03  -3.3360007591E-04
   18     -2.2998665503E-02  -3.4946369552E-03   6.8451355221E-03   5.9602919633E-02   4.1153142757E-03
   19      5.5889676197E-04   4.9237658434E-04  -3.3360007591E-04   4.1153142757E-03   5.0736167741E-02
   20      2.2093453507E-03   3.7142318762E-03  -4.3851539345E-03   7.7494302330E-02   6.7880734276E-03
   21      1.7075458554E-04  -4.0227513786E-03  -8.8581419326E-04  -2.0717813966E-03  -5.6724635195E-03
   22      7.8331369643E-04   6.6492887202E-04  -2.9136700082E-05   1.5265428683E-03   3.0436427903E-03
   23      8.1664244033E-04   2.8202101922E-03   3.4044038997E-05  -9.7700473394E-03  -2.5016151938E-02
   24      7.8546787260E-04   4.3164551376E-04   1.3564881228E-03   5.7592652616E-03   8.6181431520E-04
   25     -7.6129537864E-04  -6.6984986546E-04   7.4730670717E-05   1.7145941610E-03  -4.0328962663E-03
   26     -2.3125967308E-04   2.9451918826E-04  -8.4384531277E-04  -4.5132555984E-03   2.2512444248E-03
   27     -3.3745344683E-03  -3.2386008737E-03  -1.2836215464E-03  -4.1513371888E-05  -9.1878837049E-04
   28     -5.8439668950E-04   1.5390449935E-03  -7.9645390022E-04  -5.6355659806E-04  -1.3041431992E-03
   29     -2.6488514922E-04   3.1250380347E-04   1.7050950459E-03  -5.2620441181E-04  -3.6516418936E-04
   30     -2.8777055306E-03   2.8813710529E-03   5.0081074115E-03  -1.2793534518E-04   9.8537158164E-05
   31      1.5511161674E-03  -2.2293364318E-03  -4.0624105925E-03   5.3485893066E-05   1.2125312242E-05
   32      6.8352288852E-04  -2.3128623857E-03  -1.2806174223E-03  -4.8253106408E-04  -4.2117288072E-04
   33      3.4033761027E-04  -1.5402695564E-03   5.0508472713E-03   7.6781743591E-04   2.1088237077E-04
   34     -4.2446166415E-03  -7.6493543771E-03   3.3332437610E-02   2.7302135040E-04  -7.6217537148E-05
   35     -1.1863394513E-04  -1.6068172863E-03  -1.1912507042E-03   2.1248397899E-04  -9.7722115541E-05
   36     -6.3176221239E-02   5.9499037122E-02   6.2706027381E-02  -8.3021899204E-04   2.4373933201E-05
   37      5.1021741121E-02  -1.8374540578E-01  -1.3209644358E-01  -2.9918272003E-05   9.3437031600E-05
   38      5.9472205785E-02  -1.3435926638E-01  -2.0169063750E-01   2.0121858686E-04   2.9692717409E-05
   39     -1.5883687404E-02   1.0552898601E-02   6.2538019523E-03  -7.3497499132E-03   1.0890083460E-03
   40     -1.4506830742E-03  -9.4489230048E-02   9.5808412680E-02   1.1200106345E-04   1.9882107465E-03
   41      1.2591895853E-02   9.9920663037E-02  -3.2714395227E-01   5.2000537794E-03  -3.4236407884E-04
                   20                 21                 22                 23                 24        
    0     -7.3390530548E-02  -7.5414107783E-02  -9.6653409525E-02  -4.8427014082E-02   3.5084721053E-03
    1     -5.2382725088E-03  -1.1037598475E-01  -2.7476222650E-01  -8.8596772244E-02  -3.4497513275E-03
    2     -3.5715557988E-01  -5.1120846077E-02  -8.6175666702E-02  -9.1166208753E-02  -9.1195769050E-03
    3     -2.0870352071E-03   5.4397694246E-03  -1.5502816326E-02   8.7886855023E-03  -9.8847724377E-02
    4     -6.2457066456E-03   1.3838108609E-02  -1.7935371613E-02   1.1991659041E-02   3.7700585934E-03
    5     -1.0214068210E-02   6.8127401352E-03  -1.4707534998E-02   6.1972540302E-03  -1.1444402665E-01
    6      1.8677795294E-03   5.2903661673E-03   1.2512359888E-03  -3.1840396029E-03  -6.2983911222E-03
    7      3.8311747862E-04  -8.8875987035E-04  -3.6707406358E-03   6.5969453662E-03  -1.1055249975E-02
    8      1.3661075530E-03  -8.3118639334E-03   4.4174457879E-03   2.8279506494E-03  -1.1599100639E-02
    9     -1.4216557813E-03   1.0804116199E-04   1.4106625839E-03  -1.3111066882E-03  -1.0757633405E-03
   10      1.8827754429E-04   3.5071029597E-04   5.0105495267E-04  -3.2306309733E-04  -1.1776448917E-03
   11     -1.3338847559E-03   1.1304415647E-05   5.5172476686E-04  -1.3043356745E-03  -4.2039802996E-03
   12     -7.0201312718E-04  -1.6413194876E-03  -2.2810372612E-04   5.6487616520E-04   4.7331314088E-03
   13     -2.8496520270E-03  -1.4178989031E-04   7.1998476382E-06  -5.7668849152E-04  -5.9043662066E-04
   14      2.9679629430E-04  -9.3134253117E-05   8.6846999024E-05  -2.1393482968E-05  -5.7574850758E-04
   15      2.2093453507E-03   1.7075458554E-04   7.8331369643E-04   8.1664244033E-04   7.8546787260E-04
   16      3.7142318762E-03  -4.0227513786E-03   6.6492887202E-04   2.8202101922E-03   4.3164551376E-04
   17     -4.3851539345E-03  -8.8581419326E-04  -2.9136700082E-05   3.4044038997E-05   1.3564881228E-03
   18      7.7494302330E-02  -2.0717813966E-03   1.5265428683E-03  -9.7700473394E-03   5.7592652616E-03
   19      6.7880734276E-03  -5.6724635195E-03   3.0436427903E-03  -2.5016151938E-02   8.6181431520E-04
   20      3.6911829150E-01  -1.0330344828E-05   2.2393547852E-03  -5.1058081301E-03  -1.8062869607E-03
   21     -1.0330344828E-05   7.2816375605E-02   1.0665011697E-01   4.9926503887E-02  -4.3454242148E-03
   22      2.2393547852E-03   1.0665011697E-01   2.9111891633E-01   9.3867164204E-02   1.2227497086E-03
   23     -5.1058081301E-03   4.9926503887E-02   9.3867164204E-02   8.7951449787E-02   2.4546164796E-03
   24     -1.8062869607E-03  -4.3454242148E-03   1.2227497086E-03   2.4546164796E-03   9.7770027027E-02
   25      2.3474052424E-03   3.4637586128E-04   6.6660618391E-04  -4.1708174248E-04   1.0061269073E-02
   26      1.4582575537E-03   3.0984055378E-03  -3.2525435590E-04  -5.7229283455E-04   1.3896523031E-01
   27     -2.3951731337E-04  -2.5113891536E-04   3.1429390735E-05   2.0293430603E-04  -1.2163543856E-03
   28     -8.6762753086E-04  -4.6442136045E-04   1.1802872943E-04   1.2652744401E-04  -1.4677186546E-04
   29      8.3671937458E-04   2.9409617957E-04  -1.3670386573E-04   4.1067771327E-04  -2.1705723415E-04
   30      1.5932671534E-04  -9.8441040367E-05  -5.1769084806E-05   8.5237434346E-05  -2.7071440743E-04
   31     -3.8905971327E-05   4.0078149440E-05   1.3434962928E-05  -2.5777008254E-05   8.4428934401E-05
   32      6.6892359899E-05   6.1816379422E-05  -1.1837056637E-04   2.3002699088E-04  -1.4659633155E-04
   33      8.3052809489E-04  -1.0948413379E-04   9.2943825041E-05   2.5237626389E-05  -1.0124905887E-03
   34     -6.4122399806E-05   7.9018234810E-05  -7.2093683297E-06   4.9018522600E-05  -2.2975369297E-05
   35      3.0514796519E-04  -1.0807887925E-04   9.1633483852E-06   5.6252942376E-05  -7.7083349664E-05
   36      9.2582258883E-05   2.3555475641E-04  -1.4147407355E-04  -2.4967916954E-04  -3.5901529752E-04
   37      2.5135229437E-05   6.2249864259E-05   3.3378196533E-04  -2.2365528518E-04   4.0128733451E-05
   38      5.6747025040E-04   5.4703157947E-04   2.7808343258E-05   3.2894263204E-04  -2.1856438957E-05
   39     -2.9695518037E-03  -1.2916472927E-04  -3.9369618139E-04   7.8147445537E-05   8.6951405871E-04
   40     -3.7515767788E-04   2.0178667965E-04  -9.2046511677E-05  -2.7060438486E-04  -2.7927062375E-05
   41      4.1788120590E-03  -2.2282483707E-04   2.9142837686E-04   1.3344009072E-04  -5.6804249195E-04
                   25                 26                 27                 28                 29        
    0      8.7439551107E-03  -5.3644579711E-03   3.3714190092E-03   3.1340996489E-04  -4.3871840315E-05
    1      5.2545396511E-03  -1.7467736923E-03  -2.2900980345E-03  -8.0911969557E-04   7.5876359934E-05
    2      2.6462219148E-02  -7.2791600774E-03   1.1306806756E-03   1.2021743964E-04  -5.1601354010E-04
    3      5.5934179797E-03  -1.2598539611E-01   2.6991761600E-03  -1.7625677618E-04   6.9686648084E-04
    4     -5.5085853812E-02   9.8207058532E-03   8.1777764998E-03   8.5995372341E-04   3.3487655646E-03
    5      8.4753549793E-03  -2.8842768605E-01  -1.0966035308E-03  -1.3495006309E-03  -3.5482487473E-04
    6     -2.9010264895E-02  -1.0484765342E-02  -1.3231600111E-02   8.3067992753E-04  -1.1683986813E-02
    7     -9.5313626569E-03  -8.1785465399E-03   4.3510779620E-03   2.7126808792E-03   8.5663201932E-04
    8     -3.2888342612E-02  -3.6953787121E-03  -3.7732370032E-02  -3.2491753348E-03  -1.4314419700E-02
    9      6.1887624425E-03   6.5062494483E-03  -5.1586295906E-02  -1.1372261868E-02   4.4392852920E-02
   10     -3.6137049035E-03  -8.7497815748E-04  -1.5565575704E-02  -8.0243099028E-02   7.0854358652E-02
   11     -1.4928811041E-03   1.6654894633E-03   4.6242708902E-02   7.3687453231E-02  -2.9873094825E-01
   12     -1.2095257690E-03  -1.5808155833E-03  -2.5658539148E-03   3.4171159840E-03   4.0093878868E-03
   13      1.4019475817E-03   7.2884340852E-04  -5.0068191993E-03   7.7623328317E-03   6.1307517251E-03
   14      6.6969994624E-04   9.2308265423E-04   2.2404774510E-02  -1.9399346108E-02  -1.2869796323E-02
   15     -7.6129537864E-04  -2.3125967308E-04  -3.3745344683E-03  -5.8439668950E-04  -2.6488514922E-04
   16     -6.6984986546E-04   2.9451918826E-04  -3.2386008737E-03   1.5390449935E-03   3.1250380347E-04
   17      7.4730670717E-05  -8.4384531277E-04  -1.2836215464E-03  -7.9645390022E-04   1.7050950459E-03
   18      1.7145941610E-03  -4.5132555984E-03  -4.1513371888E-05  -5.6355659806E-04  -5.2620441181E-04
   19     -4.0328962663E-03   2.2512444248E-03  -9.1878837049E-04  -1.3041431992E-03  -3.6516418936E-04
   20      2.3474052424E-03   1.4582575537E-03  -2.3951731337E-04  -8.6762753086E-04   8.3671937458E-04
   21      3.4637586128E-04   3.0984055378E-03  -2.5113891536E-04  -4.6442136045E-04   2.9409617957E-04
   22      6.6660618391E-04  -3.2525435590E-04   3.1429390735E-05   1.1802872943E-04  -1.3670386573E-04
   23     -4.1708174248E-04  -5.7229283455E-04   2.0293430603E-04   1.2652744401E-04   4.1067771327E-04
   24      1.0061269073E-02   1.3896523031E-01  -1.2163543856E-03  -1.4677186546E-04  -2.1705723415E-04
   25      6.5616171629E-02  -1.9014003329E-03  -8.4205882338E-04  -1.2896211882E-04  -6.7732412782E-04
   26     -1.9014003329E-03   2.9640828967E-01  -5.4936172947E-05   1.0148864782E-04  -1.8744163399E-04
   27     -8.4205882338E-04  -5.4936172947E-05   6.4515719834E-02   1.1712914031E-02  -3.8960349024E-02
   28     -1.2896211882E-04   1.0148864782E-04   1.1712914031E-02   7.6060326156E-02  -7.6201252650E-02
   29     -6.7732412782E-04  -1.8744163399E-04  -3.8960349024E-02  -7.6201252650E-02   3.2418214200E-01
   30     -8.2058718215E-04  -2.5487510841E-04   6.6048067983E-04  -4.7028128924E-03   1.0490817415E-03
   31     -1.3233082293E-04  -4.0730826415E-05  -6.2497639095E-04  -4.6951842189E-03  -9.6547655152E-04
   32     -5.6785925335E-04  -1.6475069614E-04   7.2244067545E-03   2.9234181074E-02   7.0397705400E-04
   33      2.0225103119E-04   4.2666599497E-04   3.2703069305E-04   1.5723847078E-03   9.1984723939E-04
   34      1.5553240560E-04  -6.8231313811E-05   3.8902705433E-03  -2.1934570497E-03  -2.2094232880E-03
   35      1.4897835544E-04   2.5101783827E-04   2.9151083121E-03  -2.6465125204E-03  -6.9543260205E-04
   36      7.9309257731E-05   2.3111963471E-05  -5.0519468240E-05   1.0920682552E-04   9.5923634476E-05
   37      8.1419795220E-05   3.5756975738E-05  -8.8502801221E-05   1.8659893941E-04  -5.1856362109E-05
   38     -5.4747927411E-05  -5.8730812177E-06  -1.0017757608E-04   2.6523603010E-04   2.9786867259E-04
   39     -2.8754062791E-04  -5.4688078986E-04   7.4398416615E-04   5.6472055629E-05   2.3447612795E-04
   40      1.8743199132E-05  -9.4806044503E-05   4.1024632322E-04   1.3499905696E-04  -9.5949112574E-04
   41     -1.8058847751E-04   4.7029121170E-04  -6.4921600436E-04   9.6256884397E-04  -4.6760293444E-04
                   30                 31                 32                 33                 34        
    0      9.9211783858E-04   4.6042659830E-04   1.0905371519E-03   1.5758892336E-03  -4.1390191002E-04
    1     -1.4010186266E-03   4.3623100689E-04  -5.8703195875E-04  -9.1549637377E-04   4.9806173118E-04
    2     -2.7374727901E-04   2.3110536513E-04  -2.5758700336E-05  -1.4085087006E-03  -3.4984910692E-04
    3     -2.9955471190E-03   1.3879360785E-04  -1.9998294522E-03   2.6772834456E-03   1.4884741497E-04
    4      3.6369393907E-03   1.6406780216E-03   2.5267322249E-03   5.8388894571E-04  -8.9091994829E-04
    5     -1.7901326769E-03   1.8390578289E-04  -9.0327814579E-04  -9.2380294651E-04  -3.4452551383E-05
    6     -2.2840997405E-02  -8.3559830696E-04  -1.4198195081E-02   1.6484230408E-03  -1.0255686112E-03
    7     -3.4424726072E-02   8.9670645878E-04  -1.9072238471E-02  -7.4747466171E-04   1.0325674619E-03
    8     -7.3382239270E-03  -4.3790253524E-04  -2.9876280613E-03   1.8200022817E-03   1.9637691062E-03
    9     -5.6638638587E-02  -6.8629681634E-02   1.5039497781E-02  -5.9452774711E-03   4.0293782627E-03
   10     -6.0188732487E-02  -3.2963377061E-01   2.6159988804E-02  -1.5185107134E-03   7.7504018584E-03
   11      9.9369765812E-03   2.0322704010E-02  -5.6642996769E-02   1.4475876872E-02  -2.4389367388E-02
   12      8.6122907744E-03  -4.2825495633E-03  -5.0612225407E-03  -4.4408560159E-02  -1.4310700740E-02
   13      2.3194042702E-02  -1.3924979535E-02  -1.4050822403E-02  -1.3096827217E-02  -8.2455136441E-02
   14     -4.0058459060E-03   4.6229019378E-03   4.3727724356E-03   5.3360834444E-02   7.8270312176E-02
   15     -2.8777055306E-03   1.5511161674E-03   6.8352288852E-04   3.4033761027E-04  -4.2446166415E-03
   16      2.8813710529E-03  -2.2293364318E-03  -2.3128623857E-03  -1.5402695564E-03  -7.6493543771E-03
   17      5.0081074115E-03  -4.0624105925E-03  -1.2806174223E-03   5.0508472713E-03   3.3332437610E-02
   18     -1.2793534518E-04   5.3485893066E-05  -4.8253106408E-04   7.6781743591E-04   2.7302135040E-04
   19      9.8537158164E-05   1.2125312242E-05  -4.2117288072E-04   2.1088237077E-04  -7.6217537148E-05
   20      1.5932671534E-04  -3.8905971327E-05   6.6892359899E-05   8.3052809489E-04  -6.4122399806E-05
   21     -9.8441040367E-05   4.0078149440E-05   6.1816379422E-05  -1.0948413379E-04   7.9018234810E-05
   22     -5.1769084806E-05   1.3434962928E-05  -1.1837056637E-04   9.2943825041E-05  -7.2093683297E-06
   23      8.5237434346E-05  -2.5777008254E-05   2.3002699088E-04   2.5237626389E-05   4.9018522600E-05
   24     -2.7071440743E-04   8.4428934401E-05  -1.4659633155E-04  -1.0124905887E-03  -2.2975369297E-05
   25     -8.2058718215E-04  -1.3233082293E-04  -5.6785925335E-04   2.0225103119E-04   1.5553240560E-04
   26     -2.5487510841E-04  -4.0730826415E-05  -1.6475069614E-04   4.2666599497E-04  -6.8231313811E-05
   27      6.6048067983E-04  -6.2497639095E-04   7.2244067545E-03   3.2703069305E-04   3.8902705433E-03
   28     -4.7028128924E-03  -4.6951842189E-03   2.9234181074E-02   1.5723847078E-03  -2.1934570497E-03
   29      1.0490817415E-03  -9.6547655152E-04   7.0397705400E-04   9.1984723939E-04  -2.2094232880E-03
   30      7.6470929669E-02   7.1722755932E-02  -1.9234520106E-03  -6.2056123151E-04  -1.1590418248E-03
   31      7.1722755932E-02   3.4750213052E-01  -2.0034786729E-02   2.6368876669E-04   8.5786327804E-04
   32     -1.9234520106E-03  -2.0034786729E-02   5.5594278703E-02  -6.1852327149E-04   3.3433656466E-04
   33     -6.2056123151E-04   2.6368876669E-04  -6.1852327149E-04   4.2996484591E-02   1.4571664126E-02
   34     -1.1590418248E-03   8.5786327804E-04   3.3433656466E-04   1.4571664126E-02   8.7035270761E-02
   35     -5.7954021322E-04  -5.5943489371E-05   4.6627024945E-04  -7.3128213234E-02  -8.7214689142E-02
   36     -7.8168148931E-04   1.9703099298E-04  -6.9294568575E-05  -6.2304947435E-03  -3.3998560475E-04
   37      1.3703249813E-03  -8.9546557330E-04  -8.3188094722E-04   3.7165106811E-05   1.3295562854E-03
   38     -1.6537655178E-04   3.5211815440E-04   3.9890774966E-04  -1.7083408178E-03  -2.6780152871E-04
   39      5.1640319406E-04  -1.4241064856E-04   3.9856031083E-04   7.9936022782E-03  -1.4757310343E-03
   40     -1.5187154502E-04   1.5189763093E-04  -2.6466707006E-04   2.8403144548E-04  -5.3869590596E-03
   41      9.3766842474E-05  -4.4347549055E-05   1.7190425245E-04   8.7748476920E-04   6.5118636050E-04
                   35                 36                 37                 38                 39        
    0     -3.5746993695E-04  -3.6049429923E-03  -7.6932934507E-04  -1.8736347062E-03  -2.7555383407E-02
    1     -2.0142039844E-04   3.3192435186E-03   4.2935151163E-04   1.7458788567E-03   7.6104316567E-03
    2     -5.0050856062E-04   3.2913492908E-03   1.0358374282E-03  -2.9643058744E-04  -4.3286705344E-03
    3      5.9641608263E-04   1.6308005187E-03  -8.2938748089E-05   3.7487300956E-04   1.8058489820E-03
    4     -1.8387148826E-04  -8.2050629451E-04  -6.6555264704E-04  -1.0164105576E-03  -9.1813756921E-03
    5     -3.1165631750E-04   9.7373989471E-04   5.7867425341E-05   8.7544079503E-04   6.6164901393E-04
    6     -3.0887587515E-04   1.1382564847E-03  -2.7981805578E-04   1.3129373535E-03   1.9846890366E-03
    7      6.1107046508E-04  -5.0678367423E-04   8.2369175959E-04   7.5885245665E-04   8.3364073178E-03
    8      2.8892141711E-03   9.8925847403E-05   3.3615099960E-04   4.7921044202E-04   3.3592209991E-03
    9     -8.6252889791E-04   5.7041439145E-03  -3.2627163663E-03  -2.3899001185E-04  -9.3072762274E-03
   10      7.5057181210E-03   7.9155672241E-04  -6.4289003162E-03   1.7005970449E-03  -1.0790561320E-03
   11     -1.7525376771E-02   4.6804651329E-03   8.5729491411E-04   1.2335813210E-03  -4.1478625053E-03
   12      7.1331230998E-02   9.9570543989E-03   1.3393502628E-02  -1.2792295141E-03  -1.7331245081E-03
   13      8.2541786980E-02  -5.3569801321E-03  -1.4329867560E-02   5.8478171139E-03  -1.5692855910E-02
   14     -3.0641491042E-01  -5.3206227347E-03  -2.3051994646E-02   6.3446137228E-03   8.7952557188E-03
   15     -1.1863394513E-04  -6.3176221239E-02   5.1021741121E-02   5.9472205785E-02  -1.5883687404E-02
   16     -1.6068172863E-03   5.9499037122E-02  -1.8374540578E-01  -1.3435926638E-01   1.0552898601E-02
   17     -1.1912507042E-03   6.2706027381E-02  -1.3209644358E-01  -2.0169063750E-01   6.2538019523E-03
   18      2.1248397899E-04  -8.3021899204E-04  -2.9918272003E-05   2.0121858686E-04  -7.3497499132E-03
   19     -9.7722115541E-05   2.4373933201E-05   9.3437031600E-05   2.9692717409E-05   1.0890083460E-03
   20      3.0514796519E-04   9.2582258883E-05   2.5135229437E-05   5.6747025040E-04  -2.9695518037E-03
   21     -1.0807887925E-04   2.3555475641E-04   6.2249864259E-05   5.4703157947E-04  -1.2916472927E-04
   22      9.1633483852E-06  -1.4147407355E-04   3.3378196533E-04   2.7808343258E-05  -3.9369618139E-04
   23      5.6252942376E-05  -2.4967916954E-04  -2.2365528518E-04   3.2894263204E-04   7.8147445537E-05
   24     -7.7083349664E-05  -3.5901529752E-04   4.0128733451E-05  -2.1856438957E-05   8.6951405871E-04
   25      1.4897835544E-04   7.9309257731E-05   8.1419795220E-05  -5.4747927411E-05  -2.8754062791E-04
   26      2.5101783827E-04   2.3111963471E-05   3.5756975738E-05  -5.8730812177E-06  -5.4688078986E-04
   27      2.9151083121E-03  -5.0519468240E-05  -8.8502801221E-05  -1.0017757608E-04   7.4398416615E-04
   28     -2.6465125204E-03   1.0920682552E-04   1.8659893941E-04   2.6523603010E-04   5.6472055629E-05
   29     -6.9543260205E-04   9.5923634476E-05  -5.1856362109E-05   2.9786867259E-04   2.3447612795E-04
   30     -5.7954021322E-04  -7.8168148931E-04   1.3703249813E-03  -1.6537655178E-04   5.1640319406E-04
   31     -5.5943489371E-05   1.9703099298E-04  -8.9546557330E-04   3.5211815440E-04  -1.4241064856E-04
   32      4.6627024945E-04  -6.9294568575E-05  -8.3188094722E-04   3.9890774966E-04   3.9856031083E-04
   33     -7.3128213234E-02  -6.2304947435E-03   3.7165106811E-05  -1.7083408178E-03   7.9936022782E-03
   34     -8.7214689142E-02  -3.3998560475E-04   1.3295562854E-03  -2.6780152871E-04  -1.4757310343E-03
   35      3.2046763623E-01  -1.9341045586E-03   2.5913731390E-04   8.4505099526E-04   2.4193538960E-03
   36     -1.9341045586E-03   5.4691634137E-02  -5.8009435890E-02  -6.4513467791E-02   1.6756500122E-03
   37      2.5913731390E-04  -5.8009435890E-02   1.9390524179E-01   1.4471284787E-01  -3.4055225103E-03
   38      8.4505099526E-04  -6.4513467791E-02   1.4471284787E-01   2.0502806517E-01   7.9948427371E-03
   39      2.4193538960E-03   1.6756500122E-03  -3.4055225103E-03   7.9948427371E-03   4.6368694462E-02
   40      9.2799823509E-04   1.1584768513E-03   8.8821127947E-03  -1.9743117719E-02   4.0166869338E-03
   41      1.3585449838E-03   1.2300777572E-04   8.9362981873E-03  -1.4406210585E-02  -1.8187679316E-02
                   40                 41        
     0      6.6316331577E-04  -1.8055667959E-05
     1      1.2391394766E-03   1.9753479845E-04
     2      1.0233633586E-03  -3.5527569984E-03
     3     -1.8738880207E-04   1.4207625816E-03
     4      9.7656981165E-04  -8.4923638451E-04
     5     -3.7380314214E-04   1.3422935470E-03
     6     -8.1053648016E-04  -9.3142685213E-04
     7     -1.1116642865E-03  -2.8451323041E-04
     8     -6.2483455426E-04  -9.2627670664E-04
     9     -6.4314059675E-04   4.6020976942E-04
    10      1.7687832242E-03  -6.8535502678E-04
    11      1.5203074038E-03   2.3881528356E-03
    12     -3.5785612265E-03  -2.0459945430E-04
    13     -6.7513616099E-03  -4.5270294703E-04
    14      3.1542874899E-02  -1.1491605406E-03
    15     -1.4506830742E-03   1.2591895853E-02
    16     -9.4489230048E-02   9.9920663037E-02
    17      9.5808412680E-02  -3.2714395227E-01
    18      1.1200106345E-04   5.2000537794E-03
    19      1.9882107465E-03  -3.4236407884E-04
    20     -3.7515767788E-04   4.1788120590E-03
    21      2.0178667965E-04  -2.2282483707E-04
    22     -9.2046511677E-05   2.9142837686E-04
    23     -2.7060438486E-04   1.3344009072E-04
    24     -2.7927062375E-05  -5.6804249195E-04
    25      1.8743199132E-05  -1.8058847751E-04
    26     -9.4806044503E-05   4.7029121170E-04
    27      4.1024632322E-04  -6.4921600436E-04
    28      1.3499905696E-04   9.6256884397E-04
    29     -9.5949112574E-04  -4.6760293444E-04
    30     -1.5187154502E-04   9.3766842474E-05
    31      1.5189763093E-04  -4.4347549055E-05
    32     -2.6466707006E-04   1.7190425245E-04
    33      2.8403144548E-04   8.7748476920E-04
    34     -5.3869590596E-03   6.5118636050E-04
    35      9.2799823509E-04   1.3585449838E-03
    36      1.1584768513E-03   1.2300777572E-04
    37      8.8821127947E-03   8.9362981873E-03
    38     -1.9743117719E-02  -1.4406210585E-02
    39      4.0166869338E-03  -1.8187679316E-02
    40      9.2670805575E-02  -1.0811852338E-01
    41     -1.0811852338E-01   3.3760252105E-01

$vibrational_frequencies
42
    0        0.0000000000000000
    1        0.0000000000000000
    2        0.0000000000000000
    3        0.0000000000000000
    4        0.0000000000000000
    5        0.0000000000000000
    6     -296.4427900584444728
    7      150.3738130055916429
    8      343.9443163493529028
    9      375.1725064611734979
   10      414.1232086223994315
   11      514.1848500219086873
   12      608.2980573245963569
   13      743.3459080624182889
   14      774.2653317659121512
   15      805.4233280753148847
   16      939.1763169502340816
   17      946.0585949745734524
   18     1005.4505159581037788
   19     1022.7628449802283512
   20     1042.5169524227596867
   21     1070.3994659105132996
   22     1130.8141158282521701
   23     1198.9930279055583924
   24     1245.1010570154101060
   25     1277.4936404201610003
   26     1328.3523225759781781
   27     1345.0912964476035540
   28     1384.7126890237746011
   29     1459.0018276281709859
   30     1483.8385705451780723
   31     1541.0765486897080336
   32     1633.9762202523727410
   33     1684.1839711992668072
   34     3136.6277995335753985
   35     3201.0161998894873250
   36     3221.1606273913007499
   37     3223.9489897721987290
   38     3239.1041545624530045
   39     3240.6129864586218901
   40     3300.7613729117033472
   41     3348.7752629413007526

$normal_modes
42 42
                    0                  1                  2                  3                  4        
    0      0.0000000000E+00   0.0000000000E+00   0.0000000000E+00   0.0000000000E+00   0.0000000000E+00
    1      0.0000000000E+00   0.0000000000E+00   0.0000000000E+00   0.0000000000E+00   0.0000000000E+00
    2      0.0000000000E+00   0.0000000000E+00   0.0000000000E+00   0.0000000000E+00   0.0000000000E+00
    3      0.0000000000E+00   0.0000000000E+00   0.0000000000E+00   0.0000000000E+00   0.0000000000E+00
    4      0.0000000000E+00   0.0000000000E+00   0.0000000000E+00   0.0000000000E+00   0.0000000000E+00
