
$orca_hessian_file

$act_atom
  0

$act_coord
  0

$act_energy
        0.000000

$multiplicity
  1

$hessian
42
                    0                  1                  2                  3                  4        
    0      7.9938332155E-01   1.0416472590E-01  -2.8300704756E-02  -2.7049122283E-01  -1.9943567574E-01
    1      1.0416472590E-01   5.9653369896E-01  -3.2722292991E-01  -2.0956373737E-01  -3.1383237602E-01
    2     -2.8300704756E-02  -3.2722292991E-01   3.1276134774E-01   1.2451070449E-01   1.6172044387E-01
    3     -2.7049122283E-01  -2.0956373737E-01   1.2451070449E-01   6.8422803516E-01   2.1982489466E-01
    4     -1.9943567574E-01  -3.1383237602E-01   1.6172044387E-01   2.1982489466E-01   4.9203104599E-01
    5      1.1970913003E-01   1.6195779244E-01  -1.5137338342E-01  -1.1349506837E-01  -2.0799225849E-01
    6      4.9323106519E-03  -3.6819497834E-03   2.3687981798E-03  -3.2441511859E-02   1.9875449783E-02
    7      1.3846004167E-02  -2.3054926871E-02   2.0546704029E-02   5.9243787286E-03  -8.3132530736E-02
    8     -8.8176930177E-03   1.9413853152E-02  -7.7946245693E-03  -5.9142994476E-03   4.1369979437E-02
    9     -6.0079235163E-02  -5.4214677896E-03   4.8850854312E-03  -3.3724339075E-01   4.3255960055E-03
   10     -3.6646202766E-02   1.0317802874E-02  -2.4949091603E-04   2.1177832367E-03  -8.5962206839E-02
   11      1.7536545439E-02   1.8725224622E-03   7.8729790996E-03  -7.6602002900E-03  -7.9039957879E-03
   12      4.2325666678E-03   2.9608650891E-03  -3.0611451125E-03  -5.1258461852E-02  -3.0201471654E-02
   13      8.8925134505E-03   1.4231525492E-03  -1.5832741935E-03  -2.0881340259E-02   5.2513988193E-03
   14      6.9498432928E-03  -2.0668679098E-04   1.1048872966E-03  -1.2724438965E-02   6.5857430966E-03
   15     -1.5600890981E-05   3.7049312251E-04  -1.6961340635E-04  -2.3329654514E-03  -1.5050462556E-03
   16     -1.8366126331E-03   4.0460189895E-04  -2.1202348807E-04   1.0748970511E-03  -6.4413641058E-03
   17     -1.0366362669E-03  -1.3637161113E-05   3.0233561828E-04  -2.0179825485E-04  -2.2688860944E-03
   18     -2.3762812502E-04  -1.5385760305E-04  -8.8400886131E-05   1.7681384021E-03   7.8046147317E-04
   19      3.4080950705E-04   8.1050692386E-05  -1.1393387261E-04  -1.9868031828E-03  -1.9644315678E-05
   20      1.1948981174E-04  -2.8213118636E-05  -2.3913896651E-06  -7.4230543955E-04   3.7072365022E-04
   21     -1.0839643052E-01   9.5489169538E-02  -6.7719437744E-02   7.7549444538E-03  -1.4885004207E-02
   22      9.0326992489E-02  -2.2189504897E-01   1.3149942972E-01   1.0580674496E-02  -9.9951117995E-03
   23     -6.4523529267E-02   1.3066584850E-01  -1.2062353134E-01  -6.1550210089E-03   1.3014882029E-02
   24     -3.6776720502E-01   1.5721777255E-02  -3.3227020885E-02  -1.2687194123E-02   6.1543306397E-03
   25      2.2793434276E-02  -4.9558849836E-02   1.4592697378E-02  -2.1332990121E-02   2.4286420205E-03
   26     -3.9407689518E-02   1.3609484816E-02  -4.2253131751E-02   1.4007873074E-02  -2.8783719198E-03
   27     -8.9866422619E-04   3.3390635066E-04  -2.6583518899E-04   6.0652564765E-03  -3.3631713516E-03
   28     -1.5671967014E-03   7.7370050811E-05  -2.7964223025E-05   6.9186404892E-03  -2.3186580238E-03
   29     -5.4035639674E-04   1.1201401184E-04  -8.7894126624E-05   2.8486452095E-03  -8.8084539361E-04
   30     -5.3815132926E-05  -2.2552794734E-04   1.1524173986E-03   5.9249325558E-03  -7.3935223446E-05
   31     -7.7943906094E-04  -3.1267850108E-04   9.6256287177E-04   5.9279334305E-03   7.6493105225E-04
   32     -1.5304209629E-03  -2.1792905449E-04   2.3499928204E-04   4.8045585322E-03  -7.5044155218E-04
   33     -7.2552779572E-04   6.1234962882E-05  -4.9768031593E-05   1.1304645722E-03  -1.6636154845E-03
   34      1.8782721324E-04  -4.7809501162E-05   2.9947140214E-05   1.9514740546E-04   6.9762428519E-04
   35     -5.8882203947E-05   7.6453935324E-05  -1.0929215018E-04   1.2165120936E-04  -3.6535230879E-04
   36     -1.5782017874E-04  -2.6385108977E-05   4.6954404996E-06   7.2007676459E-04  -1.5483634667E-05
   37     -4.2855018878E-05  -2.7804601810E-05   6.6345363978E-05   2.6989733847E-04   2.1290124228E-04
   38     -5.9405614347E-05   1.4373985006E-05  -5.6542848587E-05   2.1519126993E-04  -1.3563116749E-04
   39      2.7495101075E-04  -4.1354195947E-05  -3.3839624935E-05  -1.1371015199E-03   1.7963611927E-04
   40     -2.3221750416E-04  -1.0818271844E-04   2.6947223379E-06   9.3365896590E-04   3.1534843449E-04
   41     -4.5625869583E-05  -4.4155771020E-05   2.4242558620E-05   3.7589863126E-04   1.1236442391E-04
                    5                  6                  7                  8                  9        
    0      1.1970913003E-01   4.9323106519E-03   1.3846004167E-02  -8.8176930177E-03  -6.0079235163E-02
    1      1.6195779244E-01  -3.6819497834E-03  -2.3054926871E-02   1.9413853152E-02  -5.4214677896E-03
    2     -1.5137338342E-01   2.3687981798E-03   2.0546704029E-02  -7.7946245693E-03   4.8850854312E-03
    3     -1.1349506837E-01  -3.2441511859E-02   5.9243787286E-03  -5.9142994476E-03  -3.3724339075E-01
    4     -2.0799225849E-01   1.9875449783E-02  -8.3132530736E-02   4.1369979437E-02   4.3255960055E-03
    5      2.6355312548E-01  -1.4635553007E-02   4.0703102954E-02  -5.1697333309E-02   2.3869302638E-02
    6     -1.4635553007E-02   5.7080550371E-02  -4.2191809455E-02   3.2382562067E-02  -2.7319614551E-02
    7      4.0703102954E-02  -4.2191809455E-02   1.1693094299E-01  -7.2698666125E-02   2.6709766921E-02
    8     -5.1697333309E-02   3.2382562067E-02  -7.2698666125E-02   6.0356801065E-02  -1.6925425365E-02
    9      2.3869302638E-02  -2.7319614551E-02   2.6709766921E-02  -1.6925425365E-02   5.6127972128E-01
   10     -1.5568681112E-03   2.2672842926E-02  -8.9514102183E-03   6.8710805319E-03   7.5620489844E-02
   11     -5.5038776354E-02  -1.9871657433E-02   1.1313182256E-02  -2.0049231482E-03   5.0517585009E-02
   12     -1.8949013944E-02  -6.4586680025E-04  -4.1502477172E-03   1.0822890281E-04  -9.5454199613E-02
   13     -9.5010213178E-04   4.7159748871E-03  -2.8644281980E-03   2.2958726934E-03  -4.7110998050E-02
   14     -7.5951617343E-03   8.6323319350E-04  -3.2753405244E-03   1.7811346856E-03  -3.0790483674E-02
   15     -5.2838542995E-04   4.5546370767E-04  -4.9990595347E-05   1.8188710893E-04  -2.6582062285E-02
   16     -1.4079114920E-03   2.8441463174E-05   1.1099540615E-03  -1.0668596488E-04  -4.3122435200E-02
   17     -1.2321345099E-03  -3.3098008961E-04   1.1742546039E-04  -1.6077721954E-04  -2.4211413434E-02
   18      3.6317130473E-04  -4.4160304645E-04  -9.8462239579E-05  -2.0496193623E-04  -3.4047181053E-04
   19     -6.1969193128E-05   1.5583689434E-04  -1.3017743775E-04   1.1993003290E-04   1.9230684504E-03
   20     -2.8288304074E-04   1.4070474388E-04  -2.1205320962E-04   1.6803976612E-04   7.6224654253E-04
   21      9.7430086353E-03   1.3653653466E-04  -2.5284425927E-03   1.3567622877E-03   8.2744060894E-04
   22      1.3477548519E-02  -1.1243745493E-03  -5.1755794098E-04   4.2278953887E-03   2.1072597084E-03
   23      5.8786456129E-04   7.3279736858E-04   3.4501108882E-03   3.9098483500E-03  -2.9570227443E-04
   24     -4.7772635187E-03   9.5619520185E-04   9.4905552106E-04  -3.3294994901E-04  -3.4549245073E-04
   25     -5.0372868101E-03  -4.7795060146E-04  -1.4834345680E-03  -1.2409295459E-03  -4.7605923146E-03
   26     -3.8427651302E-04   5.7616241910E-04  -9.0365986634E-04  -2.5853311789E-03  -4.7961425541E-04
   27      2.0753382587E-03  -2.3170128072E-03   1.0082986090E-03  -1.6673245149E-03  -3.7896061950E-03
   28      1.2903428318E-03   5.0488717274E-04   1.8544255480E-03  -5.0434458103E-05  -9.1555466039E-03
   29      1.2734206657E-03  -1.5551191059E-03   5.4817718827E-05  -1.2407957572E-03  -9.2633846682E-04
   30     -2.7852954561E-03  -2.4559877095E-04   4.8660017238E-04  -9.4821821034E-05  -7.1449474668E-04
   31     -7.5252329559E-04  -2.6050874190E-04   7.4516977098E-05  -1.0885790379E-04  -2.1506407702E-03
   32      1.2488767094E-03  -5.5308917778E-04   6.0171043169E-04  -5.2832226277E-04  -5.8755931344E-03
   33     -3.8235737127E-04  -2.1395060279E-04   2.7410902232E-04  -1.3185717985E-04  -8.2056208275E-03
   34     -5.3735666559E-05  -1.2973394713E-05  -3.5959634947E-05   1.5105630252E-05   2.6511514871E-03
   35      5.6616557855E-04   9.4887899103E-06   4.2616057336E-05  -3.6574063554E-05   4.1971154435E-04
   36      9.3849235219E-05  -1.3414154211E-04   7.1004853767E-05  -8.0208139519E-05  -2.8058283142E-04
   37      6.7334403239E-05  -9.0579485919E-05   6.6990733105E-05  -6.2347245431E-05  -9.9775189889E-04
   38      2.8246385459E-04   6.9217716687E-05   1.3408429761E-04   1.7113555901E-06  -5.3231596923E-04
   39     -2.9225364044E-04   1.9824351303E-04  -2.4380456712E-04   1.3767589530E-04  -1.7523906678E-03
   40      3.1818023282E-04  -1.1974794329E-04   1.3359529327E-04  -4.7997963219E-05  -6.1043495916E-04
   41      9.2032032561E-05  -1.9414055652E-04   1.2816797295E-04  -1.6885371438E-04  -4.0783721765E-04
                   10                 11                 12                 13                 14        
    0     -3.6646202766E-02   1.7536545439E-02   4.2325666678E-03   8.8925134505E-03   6.9498432928E-03
    1      1.0317802874E-02   1.8725224622E-03   2.9608650891E-03   1.4231525492E-03  -2.0668679098E-04
    2     -2.4949091603E-04   7.8729790996E-03  -3.0611451125E-03  -1.5832741935E-03   1.1048872966E-03
    3      2.1177832367E-03  -7.6602002900E-03  -5.1258461852E-02  -2.0881340259E-02  -1.2724438965E-02
    4     -8.5962206839E-02  -7.9039957879E-03  -3.0201471654E-02   5.2513988193E-03   6.5857430966E-03
    5     -1.5568681112E-03  -5.5038776354E-02  -1.8949013944E-02  -9.5010213178E-04  -7.5951617343E-03
    6      2.2672842926E-02  -1.9871657433E-02  -6.4586680025E-04   4.7159748871E-03   8.6323319350E-04
    7     -8.9514102183E-03   1.1313182256E-02  -4.1502477172E-03  -2.8644281980E-03  -3.2753405244E-03
    8      6.8710805319E-03  -2.0049231482E-03   1.0822890281E-04   2.2958726934E-03   1.7811346856E-03
    9      7.5620489844E-02   5.0517585009E-02  -9.5454199613E-02  -4.7110998050E-02  -3.0790483674E-02
   10      3.0343300043E-01   8.8048353696E-02  -2.9470196602E-02  -1.7590343360E-01  -6.3844567648E-02
   11      8.8048353696E-02   1.4445535625E-01  -1.8883472171E-02  -5.9686195744E-02  -9.4928376061E-02
   12     -2.9470196602E-02  -1.8883472171E-02   5.5811366057E-01  -4.0554696477E-02  -2.6726531603E-02
   13     -1.7590343360E-01  -5.9686195744E-02  -4.0554696477E-02   5.5302446961E-01  -2.9869797817E-02
   14     -6.3844567648E-02  -9.4928376061E-02  -2.6726531603E-02  -2.9869797817E-02   5.8151427420E-01
   15     -2.9697715199E-03  -4.8861226703E-03  -2.4348271809E-01   2.6902885636E-02  -4.2542062112E-03
   16      2.0955190444E-03  -5.1809290666E-03   4.3973871867E-02  -9.7743908997E-02  -5.4205073552E-03
   17     -1.2137496014E-04  -1.9854934713E-04   4.4223469782E-03  -7.2297253254E-03  -8.2994326938E-02
   18      1.7579753818E-03   9.5709617095E-04  -1.6163772874E-02   3.1539414277E-02   1.3717690058E-02
   19     -5.0997750551E-04  -4.1388392436E-04   8.9240258372E-03  -5.7838655182E-04  -3.0658235789E-03
   20     -4.0969692237E-04   2.0933193899E-04   1.9632781660E-03  -4.6580628538E-04   7.3151680843E-03
   21      5.5633982096E-04   3.5530808555E-04  -1.6693181036E-05  -3.0488239118E-04  -1.3150980434E-04
   22      2.8414617470E-04  -4.8737041305E-03  -8.4253072537E-04  -7.9641979569E-04  -3.9257386209E-06
   23     -3.7352213247E-03  -5.0119248853E-03  -4.6542105083E-04  -4.2909789298E-04   4.1809801102E-04
   24     -3.0599244309E-03  -2.6162228597E-05  -3.8151624769E-05   3.4091475889E-04   9.9331591371E-04
   25      3.9719143182E-04   6.7387538269E-03   9.7319583237E-04   1.4551273977E-03   6.7884372231E-04
   26      6.2467416230E-03   8.7605966722E-03   1.8769677993E-03   7.0701565068E-04  -3.7537259561E-04
   27     -2.2791037215E-02   4.7369167570E-03  -6.0923369498E-02   4.7749726795E-02  -2.8987076216E-02
   28     -3.3998208193E-02   3.6813017809E-03   3.9736150985E-02  -2.3298281332E-01   1.1634955007E-01
   29     -2.0964013690E-02   1.0109291745E-02  -2.6071139092E-02   1.2193983627E-01  -1.2971629021E-01
   30     -1.0830180056E-02  -2.3197472018E-02  -8.6846909899E-02   9.8326970017E-03   9.3798292230E-02
   31     -1.3500026095E-02  -3.5089076848E-02   6.5923488100E-03  -5.2439810167E-02  -1.5242045017E-02
   32     -1.1946117925E-02  -1.5127011927E-02   8.6261192162E-02  -1.9311640769E-02  -2.8157521849E-01
   33      1.5987768053E-03  -2.2020084919E-04  -8.9855992131E-03  -2.2876821580E-02  -1.3160756276E-02
   34      6.6563856661E-04   3.0478206924E-04   4.2814932749E-03   5.1380072338E-03   2.1729421951E-03
   35      2.7628071233E-04   1.0621609032E-03   1.0741742524E-03  -9.5595902271E-04   1.5207385508E-03
   36      1.7967380539E-04   9.4554761230E-05   1.4258877936E-03   1.7600444450E-03  -3.8629531131E-04
   37      8.9742928489E-04   3.6543430819E-04   3.3537293002E-04  -1.2111385005E-03  -7.7270265421E-03
   38      3.7523741170E-04   1.7929456726E-04  -1.1294641019E-03  -7.5268768440E-03   9.7453354305E-03
   39      1.2559659393E-03   5.3807406381E-04   4.3627613447E-05  -2.0755198365E-05   8.5525238807E-04
   40      7.3453463743E-04   8.0962286171E-04  -2.5428587452E-03  -1.7718164756E-03   2.8648613076E-03
   41      1.0234897617E-03  -3.3944945713E-04  -4.3633020081E-04   3.0695320281E-03  -6.2148902318E-03
                   15                 16                 17                 18                 19        
    0     -1.5600890981E-05  -1.8366126331E-03  -1.0366362669E-03  -2.3762812502E-04   3.4080950705E-04
    1      3.7049312251E-04   4.0460189895E-04  -1.3637161113E-05  -1.5385760305E-04   8.1050692386E-05
    2     -1.6961340635E-04  -2.1202348807E-04   3.0233561828E-04  -8.8400886131E-05  -1.1393387261E-04
    3     -2.3329654514E-03   1.0748970511E-03  -2.0179825485E-04   1.7681384021E-03  -1.9868031828E-03
    4     -1.5050462556E-03  -6.4413641058E-03  -2.2688860944E-03   7.8046147317E-04  -1.9644315678E-05
    5     -5.2838542995E-04  -1.4079114920E-03  -1.2321345099E-03   3.6317130473E-04  -6.1969193128E-05
    6      4.5546370767E-04   2.8441463174E-05  -3.3098008961E-04  -4.4160304645E-04   1.5583689434E-04
    7     -4.9990595347E-05   1.1099540615E-03   1.1742546039E-04  -9.8462239579E-05  -1.3017743775E-04
    8      1.8188710893E-04  -1.0668596488E-04  -1.6077721954E-04  -2.0496193623E-04   1.1993003290E-04
    9     -2.6582062285E-02  -4.3122435200E-02  -2.4211413434E-02  -3.4047181053E-04   1.9230684504E-03
   10     -2.9697715199E-03   2.0955190444E-03  -1.2137496014E-04   1.7579753818E-03  -5.0997750551E-04
   11     -4.8861226703E-03  -5.1809290666E-03  -1.9854934713E-04   9.5709617095E-04  -4.1388392436E-04
   12     -2.4348271809E-01   4.3973871867E-02   4.4223469782E-03  -1.6163772874E-02   8.9240258372E-03
   13      2.6902885636E-02  -9.7743908997E-02  -7.2297253254E-03   3.1539414277E-02  -5.7838655182E-04
   14     -4.2542062112E-03  -5.4205073552E-03  -8.2994326938E-02   1.3717690058E-02  -3.0658235789E-03
   15      6.4769353969E-01  -1.0797212011E-01  -1.8361686735E-03  -2.1033598162E-01   1.7414643588E-01
   16     -1.0797212011E-01   7.5290040230E-01   2.9946605656E-01   1.7707897256E-01  -4.3321366953E-01
   17     -1.8361686735E-03   2.9946605656E-01   3.0609143803E-01   7.4938630313E-02  -1.7795216781E-01
   18     -2.1033598162E-01   1.7707897256E-01   7.4938630313E-02   7.2514254787E-01  -1.0801994946E-01
   19      1.7414643588E-01  -4.3321366953E-01  -1.7795216781E-01  -1.0801994946E-01   7.1464355757E-01
   20      7.3615513664E-02  -1.7798705433E-01  -1.3757937793E-01   9.7474509934E-03   3.0111497998E-01
   21      6.2161158476E-05   8.4557735148E-05   1.9314830984E-05  -1.3657977532E-05   1.3439516165E-05
   22     -8.8102582454E-05  -4.3478444468E-05  -1.0988862116E-04   7.0391502593E-05   5.0949447475E-06
   23     -1.0673297374E-04  -1.9133744518E-04  -1.2601852491E-04   5.0081691004E-05   6.1926748528E-05
   24     -4.2611350676E-05  -2.0978710607E-04  -8.3007989194E-05  -2.6721248077E-07   3.5736219214E-06
   25     -4.1654393839E-05  -2.1986002562E-05  -5.4673252319E-05  -3.0296040994E-05   2.3862845961E-06
   26      9.4199074634E-05   4.7016438647E-04   2.2063152834E-04  -2.3472681800E-05  -2.6003331050E-05
   27     -6.7877919427E-03   3.0542607957E-02  -1.6405540965E-02  -3.5773358004E-03  -1.0086068881E-03
   28      4.2800198008E-03  -3.3689233909E-03   2.8570984140E-03  -5.2012240854E-05   1.2335597007E-03
   29      1.5483017437E-03  -2.7362002292E-03   2.5508551035E-03   2.7600913677E-04  -3.6137736605E-04
   30     -1.1441603736E-02   5.5087063849E-03   3.1964337502E-02  -3.6821768602E-03  -8.1981285821E-04
   31      5.7979628939E-03  -4.3639270336E-04  -7.6193105864E-03   4.6540827629E-04   5.9464278834E-04
   32      3.7464066088E-04   6.7141952269E-04   4.4252160880E-03  -6.1438448153E-04   1.0161177872E-03
   33     -1.5111282127E-01  -1.1473122222E-01  -7.1488346631E-02   1.2026752033E-02   1.3548423258E-02
   34     -1.1287844021E-01  -2.0029230177E-01  -9.5137489776E-02  -1.6551298489E-02  -1.5244033463E-02
   35     -7.0410009624E-02  -9.5145836499E-02  -9.6494557166E-02  -8.0337626674E-03  -1.0083860776E-02
   36     -9.4471611796E-03  -1.4678514273E-03  -2.1622670889E-03  -3.5640210565E-01   3.1923675901E-02
   37      2.9600289945E-02  -4.5704510211E-04   9.6888802248E-04   2.6895929427E-02  -5.6460549873E-02
   38      1.3844502885E-02  -2.2194875810E-03   4.1052457885E-03  -2.0126948027E-02  -7.5777893094E-03
   39      1.3370153265E-02   1.1059235055E-02   6.4177547083E-03  -1.4774243733E-01  -1.1913846692E-01
   40     -1.5604222991E-02  -1.4491407264E-02  -1.2907410345E-02  -1.1368832637E-01  -2.1040385331E-01
   41     -7.4740310860E-03  -9.9945715320E-03   1.0900194784E-03  -7.0957018568E-02  -1.0265411009E-01
                   20                 21                 22                 23                 24        
    0      1.1948981174E-04  -1.0839643052E-01   9.0326992489E-02  -6.4523529267E-02  -3.6776720502E-01
    1     -2.8213118636E-05   9.5489169538E-02  -2.2189504897E-01   1.3066584850E-01   1.5721777255E-02
    2     -2.3913896651E-06  -6.7719437744E-02   1.3149942972E-01  -1.2062353134E-01  -3.3227020885E-02
    3     -7.4230543955E-04   7.7549444538E-03   1.0580674496E-02  -6.1550210089E-03  -1.2687194123E-02
    4      3.7072365022E-04  -1.4885004207E-02  -9.9951117995E-03   1.3014882029E-02   6.1543306397E-03
    5     -2.8288304074E-04   9.7430086353E-03   1.3477548519E-02   5.8786456129E-04  -4.7772635187E-03
    6      1.4070474388E-04   1.3653653466E-04  -1.1243745493E-03   7.3279736858E-04   9.5619520185E-04
    7     -2.1205320962E-04  -2.5284425927E-03  -5.1755794098E-04   3.4501108882E-03   9.4905552106E-04
    8      1.6803976612E-04   1.3567622877E-03   4.2278953887E-03   3.9098483500E-03  -3.3294994901E-04
    9      7.6224654253E-04   8.2744060894E-04   2.1072597084E-03  -2.9570227443E-04  -3.4549245073E-04
   10     -4.0969692237E-04   5.5633982096E-04   2.8414617470E-04  -3.7352213247E-03  -3.0599244309E-03
   11      2.0933193899E-04   3.5530808555E-04  -4.8737041305E-03  -5.0119248853E-03  -2.6162228597E-05
   12      1.9632781660E-03  -1.6693181036E-05  -8.4253072537E-04  -4.6542105083E-04  -3.8151624769E-05
   13     -4.6580628538E-04  -3.0488239118E-04  -7.9641979569E-04  -4.2909789298E-04   3.4091475889E-04
   14      7.3151680843E-03  -1.3150980434E-04  -3.9257386209E-06   4.1809801102E-04   9.9331591371E-04
   15      7.3615513664E-02   6.2161158476E-05  -8.8102582454E-05  -1.0673297374E-04  -4.2611350676E-05
   16     -1.7798705433E-01   8.4557735148E-05  -4.3478444468E-05  -1.9133744518E-04  -2.0978710607E-04
   17     -1.3757937793E-01   1.9314830984E-05  -1.0988862116E-04  -1.2601852491E-04  -8.3007989194E-05
   18      9.7474509934E-03  -1.3657977532E-05   7.0391502593E-05   5.0081691004E-05  -2.6721248077E-07
   19      3.0111497998E-01   1.3439516165E-05   5.0949447475E-06   6.1926748528E-05   3.5736219214E-06
   20      2.6964190746E-01  -7.3037731399E-05  -2.1783902547E-05   3.2792278548E-05   4.8914453060E-06
   21     -7.3037731399E-05   1.0298827470E-01  -9.8584972032E-02   6.9835277668E-02  -3.4178487896E-03
   22     -2.1783902547E-05  -9.8584972032E-02   2.2960597917E-01  -1.4307526195E-01  -2.4280590315E-03
   23      3.2792278548E-05   6.9835277668E-02  -1.4307526195E-01   1.1939525202E-01   1.1249628387E-03
   24      4.8914453060E-06  -3.4178487896E-03  -2.4280590315E-03   1.1249628387E-03   3.8354718654E-01
   25     -2.9472190363E-05   2.0120099644E-02   3.3297501885E-03   4.3117949276E-04  -1.7358736968E-02
   26     -1.0547827513E-05  -1.3463757672E-02  -1.2535937752E-03   1.4913791317E-03   3.6514668348E-02
   27     -4.7960525780E-04   3.8094388049E-05   1.1064387879E-04  -1.0255526495E-04  -1.6228711900E-04
   28      6.0439589811E-04   4.5567307212E-05   1.2726519985E-04  -1.2345756318E-04  -1.3728811548E-04
   29     -9.0665170334E-05  -1.1615216297E-07  -7.7585083675E-06  -1.1349969663E-04  -1.1502888992E-04
   30     -1.2526497824E-03   4.8821797643E-05  -9.1019211814E-05  -1.0835561013E-04   1.4010182217E-06
   31      3.2173596198E-04  -3.4144997969E-05  -1.3371641067E-04  -9.9625532028E-05   8.0592081207E-06
   32      4.1138352694E-04  -3.0756624197E-05   8.4249671952E-05   3.3714337843E-05  -6.1972694059E-05
   33      7.5511302145E-03   2.9667381420E-05  -3.0392549421E-06  -6.0082019213E-05  -5.6565871220E-05
   34     -1.3296197349E-02  -1.4798990170E-06  -3.5676674470E-06  -8.4555144594E-07   2.7845976912E-05
   35      9.6552976339E-04   1.6595881148E-05   1.6619209767E-05   8.0300945951E-06  -1.2478312979E-05
   36     -1.7621769414E-02   8.3979294935E-06   1.6845124853E-05  -3.6292084515E-06  -8.7259930235E-06
   37     -8.0498712049E-03   1.9217095392E-05   1.3973323314E-07  -1.8529224699E-05  -1.1294799741E-07
   38     -4.1614855831E-02   1.5768875355E-05   1.7261305548E-05  -2.7455966058E-07   6.1030480971E-07
   39     -7.3736518377E-02  -4.9708492534E-05  -2.8565377268E-05   7.2099308647E-05   2.1566792347E-05
   40     -1.0191372226E-01  -1.1608971070E-05   3.2525621174E-05   3.7521361034E-05  -9.5480747378E-06
   41     -9.9163431619E-02   8.2389267346E-05   3.4820278861E-05  -1.7297833928E-06  -2.3918956598E-06
                   25                 26                 27                 28                 29        
    0      2.2793434276E-02  -3.9407689518E-02  -8.9866422619E-04  -1.5671967014E-03  -5.4035639674E-04
    1     -4.9558849836E-02   1.3609484816E-02   3.3390635066E-04   7.7370050811E-05   1.1201401184E-04
    2      1.4592697378E-02  -4.2253131751E-02  -2.6583518899E-04  -2.7964223025E-05  -8.7894126624E-05
    3     -2.1332990121E-02   1.4007873074E-02   6.0652564765E-03   6.9186404892E-03   2.8486452095E-03
    4      2.4286420205E-03  -2.8783719198E-03  -3.3631713516E-03  -2.3186580238E-03  -8.8084539361E-04
    5     -5.0372868101E-03  -3.8427651302E-04   2.0753382587E-03   1.2903428318E-03   1.2734206657E-03
    6     -4.7795060146E-04   5.7616241910E-04  -2.3170128072E-03   5.0488717274E-04  -1.5551191059E-03
    7     -1.4834345680E-03  -9.0365986634E-04   1.0082986090E-03   1.8544255480E-03   5.4817718827E-05
    8     -1.2409295459E-03  -2.5853311789E-03  -1.6673245149E-03  -5.0434458103E-05  -1.2407957572E-03
    9     -4.7605923146E-03  -4.7961425541E-04  -3.7896061950E-03  -9.1555466039E-03  -9.2633846682E-04
   10      3.9719143182E-04   6.2467416230E-03  -2.2791037215E-02  -3.3998208193E-02  -2.0964013690E-02
   11      6.7387538269E-03   8.7605966722E-03   4.7369167570E-03   3.6813017809E-03   1.0109291745E-02
   12      9.7319583237E-04   1.8769677993E-03  -6.0923369498E-02   3.9736150985E-02  -2.6071139092E-02
   13      1.4551273977E-03   7.0701565068E-04   4.7749726795E-02  -2.3298281332E-01   1.2193983627E-01
   14      6.7884372231E-04  -3.7537259561E-04  -2.8987076216E-02   1.1634955007E-01  -1.2971629021E-01
   15     -4.1654393839E-05   9.4199074634E-05  -6.7877919427E-03   4.2800198008E-03   1.5483017437E-03
   16     -2.1986002562E-05   4.7016438647E-04   3.0542607957E-02  -3.3689233909E-03  -2.7362002292E-03
   17     -5.4673252319E-05   2.2063152834E-04  -1.6405540965E-02   2.8570984140E-03   2.5508551035E-03
   18     -3.0296040994E-05  -2.3472681800E-05  -3.5773358004E-03  -5.2012240854E-05   2.7600913677E-04
   19      2.3862845961E-06  -2.6003331050E-05  -1.0086068881E-03   1.2335597007E-03  -3.6137736605E-04
   20     -2.9472190363E-05  -1.0547827513E-05  -4.7960525780E-04   6.0439589811E-04  -9.0665170334E-05
   21      2.0120099644E-02  -1.3463757672E-02   3.8094388049E-05   4.5567307212E-05  -1.1615216297E-07
   22      3.3297501885E-03  -1.2535937752E-03   1.1064387879E-04   1.2726519985E-04  -7.7585083675E-06
   23      4.3117949276E-04   1.4913791317E-03  -1.0255526495E-04  -1.2345756318E-04  -1.1349969663E-04
   24     -1.7358736968E-02   3.6514668348E-02  -1.6228711900E-04  -1.3728811548E-04  -1.1502888992E-04
   25      4.3743081364E-02  -1.5928609937E-02   2.3142105018E-06  -1.2021608786E-04   5.6507895723E-05
   26     -1.5928609937E-02   3.5355276307E-02   2.6474449586E-05   5.9982779468E-05   8.4846419211E-06
   27      2.3142105018E-06   2.6474449586E-05   6.8196110792E-02  -4.1471393915E-02   3.1676036861E-02
   28     -1.2021608786E-04   5.9982779468E-05  -4.1471393915E-02   2.6469058921E-01  -1.2296451399E-01
   29      5.6507895723E-05   8.4846419211E-06   3.1676036861E-02  -1.2296451399E-01   1.3163311234E-01
   30      1.2288600040E-04   1.3438415819E-04   3.9148303537E-03   4.9185749289E-04  -6.6258998183E-03
   31     -1.1733496545E-04   4.7370200475E-06  -9.9952616047E-03   4.6668554765E-03   2.5596905083E-02
   32     -2.0325145744E-04  -1.8465362035E-04   7.5787726798E-03  -1.6038977904E-03  -1.4390664907E-02
   33     -1.9900139826E-05   1.3665079384E-04   6.0591713431E-04   6.5156599073E-04  -4.8875027096E-04
   34      1.3839687511E-06  -5.1610124576E-05  -1.1371295210E-03   2.5669175533E-04   1.9748363022E-04
   35     -1.9904967953E-05  -6.3960812113E-06   3.5211248271E-04  -1.8454255899E-04   7.7876849734E-05
   36     -1.1416425480E-05  -4.1399926594E-06  -5.5376712818E-04   1.0687813351E-04   8.3205709570E-05
   37     -5.4339984146E-06  -2.1588651188E-05  -5.4550005178E-04   7.2388934544E-05   1.2398384095E-04
   38     -9.2601640722E-06  -1.4393155602E-05   2.5350076772E-03  -3.1881851155E-04  -2.6755734962E-04
   39      1.9506735211E-05   1.1121515903E-05   1.8962557234E-04  -3.5109285062E-04  -1.1427535972E-04
   40     -5.0307197485E-05  -3.4174838937E-05   5.6356580103E-04  -1.9032685443E-04  -1.5953048309E-04
   41      2.4892178507E-05  -2.2265557939E-05  -1.0678968669E-03   4.2364852920E-04   2.5432586597E-04
                   30                 31                 32                 33                 34        
    0     -5.3815132926E-05  -7.7943906094E-04  -1.5304209629E-03  -7.2552779572E-04   1.8782721324E-04
    1     -2.2552794734E-04  -3.1267850108E-04  -2.1792905449E-04   6.1234962882E-05  -4.7809501162E-05
    2      1.1524173986E-03   9.6256287177E-04   2.3499928204E-04  -4.9768031593E-05   2.9947140214E-05
    3      5.9249325558E-03   5.9279334305E-03   4.8045585322E-03   1.1304645722E-03   1.9514740546E-04
    4     -7.3935223446E-05   7.6493105225E-04  -7.5044155218E-04  -1.6636154845E-03   6.9762428519E-04
    5     -2.7852954561E-03  -7.5252329559E-04   1.2488767094E-03  -3.8235737127E-04  -5.3735666559E-05
    6     -2.4559877095E-04  -2.6050874190E-04  -5.5308917778E-04  -2.1395060279E-04  -1.2973394713E-05
    7      4.8660017238E-04   7.4516977098E-05   6.0171043169E-04   2.7410902232E-04  -3.5959634947E-05
    8     -9.4821821034E-05  -1.0885790379E-04  -5.2832226277E-04  -1.3185717985E-04   1.5105630252E-05
    9     -7.1449474668E-04  -2.1506407702E-03  -5.8755931344E-03  -8.2056208275E-03   2.6511514871E-03
   10     -1.0830180056E-02  -1.3500026095E-02  -1.1946117925E-02   1.5987768053E-03   6.6563856661E-04
   11     -2.3197472018E-02  -3.5089076848E-02  -1.5127011927E-02  -2.2020084919E-04   3.0478206924E-04
   12     -8.6846909899E-02   6.5923488100E-03   8.6261192162E-02  -8.9855992131E-03   4.2814932749E-03
   13      9.8326970017E-03  -5.2439810167E-02  -1.9311640769E-02  -2.2876821580E-02   5.1380072338E-03
   14      9.3798292230E-02  -1.5242045017E-02  -2.8157521849E-01  -1.3160756276E-02   2.1729421951E-03
   15     -1.1441603736E-02   5.7979628939E-03   3.7464066088E-04  -1.5111282127E-01  -1.1287844021E-01
   16      5.5087063849E-03  -4.3639270336E-04   6.7141952269E-04  -1.1473122222E-01  -2.0029230177E-01
   17      3.1964337502E-02  -7.6193105864E-03   4.4252160880E-03  -7.1488346631E-02  -9.5137489776E-02
   18     -3.6821768602E-03   4.6540827629E-04  -6.1438448153E-04   1.2026752033E-02  -1.6551298489E-02
   19     -8.1981285821E-04   5.9464278834E-04   1.0161177872E-03   1.3548423258E-02  -1.5244033463E-02
   20     -1.2526497824E-03   3.2173596198E-04   4.1138352694E-04   7.5511302145E-03  -1.3296197349E-02
   21      4.8821797643E-05  -3.4144997969E-05  -3.0756624197E-05   2.9667381420E-05  -1.4798990170E-06
   22     -9.1019211814E-05  -1.3371641067E-04   8.4249671952E-05  -3.0392549421E-06  -3.5676674470E-06
   23     -1.0835561013E-04  -9.9625532028E-05   3.3714337843E-05  -6.0082019213E-05  -8.4555144594E-07
   24      1.4010182217E-06   8.0592081207E-06  -6.1972694059E-05  -5.6565871220E-05   2.7845976912E-05
   25      1.2288600040E-04  -1.1733496545E-04  -2.0325145744E-04  -1.9900139826E-05   1.3839687511E-06
   26      1.3438415819E-04   4.7370200475E-06  -1.8465362035E-04   1.3665079384E-04  -5.1610124576E-05
   27      3.9148303537E-03  -9.9952616047E-03   7.5787726798E-03   6.0591713431E-04  -1.1371295210E-03
   28      4.9185749289E-04   4.6668554765E-03  -1.6038977904E-03   6.5156599073E-04   2.5669175533E-04
   29     -6.6258998183E-03   2.5596905083E-02  -1.4390664907E-02  -4.8875027096E-04   1.9748363022E-04
   30      9.2672154270E-02  -5.2950033313E-03  -9.1108977496E-02   5.5031191844E-04  -3.8825320890E-04
   31     -5.2950033313E-03   6.0757270089E-02   3.1710118428E-02  -1.2001408708E-04   1.9317931156E-04
   32     -9.1108977496E-02   3.1710118428E-02   3.0555304402E-01   9.1101758034E-04  -2.4228735057E-04
   33      5.5031191844E-04  -1.2001408708E-04   9.1101758034E-04   1.5466160856E-01   1.2069319385E-01
   34     -3.8825320890E-04   1.9317931156E-04  -2.4228735057E-04   1.2069319385E-01   2.0987907607E-01
   35     -1.0126731948E-03   3.4647551287E-04   1.4560763591E-04   7.6348758187E-02   1.0803481666E-01
   36     -9.1010331945E-05   5.4930318930E-05   4.1558533247E-06   1.0447257307E-03  -2.6630452423E-04
   37      1.8226406616E-03  -4.1539436652E-04   1.6280004871E-04  -5.4783944114E-04  -7.6470718357E-04
   38     -1.9229837814E-03   5.2888998715E-04  -2.2937827486E-04   7.5739479743E-04   4.0233604060E-03
   39     -3.6842436305E-05  -2.0407189981E-04  -1.6900344921E-04  -7.4936174982E-04   3.2026733663E-03
   40     -5.4921432087E-04   3.0395751492E-04   4.3822576529E-05   3.1316949976E-03  -4.4322197320E-04
   41      1.0695582416E-03  -5.7465824858E-04  -1.7592117013E-05   2.7703467274E-04  -5.9966856000E-03
                   35                 36                 37                 38                 39        
    0     -5.8882203947E-05  -1.5782017874E-04  -4.2855018878E-05  -5.9405614347E-05   2.7495101075E-04
    1      7.6453935324E-05  -2.6385108977E-05  -2.7804601810E-05   1.4373985006E-05  -4.1354195947E-05
    2     -1.0929215018E-04   4.6954404996E-06   6.6345363978E-05  -5.6542848587E-05  -3.3839624935E-05
    3      1.2165120936E-04   7.2007676459E-04   2.6989733847E-04   2.1519126993E-04  -1.1371015199E-03
    4     -3.6535230879E-04  -1.5483634667E-05   2.1290124228E-04  -1.3563116749E-04   1.7963611927E-04
    5      5.6616557855E-04   9.3849235219E-05   6.7334403239E-05   2.8246385459E-04  -2.9225364044E-04
    6      9.4887899103E-06  -1.3414154211E-04  -9.0579485919E-05   6.9217716687E-05   1.9824351303E-04
    7      4.2616057336E-05   7.1004853767E-05   6.6990733105E-05   1.3408429761E-04  -2.4380456712E-04
    8     -3.6574063554E-05  -8.0208139519E-05  -6.2347245431E-05   1.7113555901E-06   1.3767589530E-04
    9      4.1971154435E-04  -2.8058283142E-04  -9.9775189889E-04  -5.3231596923E-04  -1.7523906678E-03
   10      2.7628071233E-04   1.7967380539E-04   8.9742928489E-04   3.7523741170E-04   1.2559659393E-03
   11      1.0621609032E-03   9.4554761230E-05   3.6543430819E-04   1.7929456726E-04   5.3807406381E-04
   12      1.0741742524E-03   1.4258877936E-03   3.3537293002E-04  -1.1294641019E-03   4.3627613447E-05
   13     -9.5595902271E-04   1.7600444450E-03  -1.2111385005E-03  -7.5268768440E-03  -2.0755198365E-05
   14      1.5207385508E-03  -3.8629531131E-04  -7.7270265421E-03   9.7453354305E-03   8.5525238807E-04
   15     -7.0410009624E-02  -9.4471611796E-03   2.9600289945E-02   1.3844502885E-02   1.3370153265E-02
   16     -9.5145836499E-02  -1.4678514273E-03  -4.5704510211E-04  -2.2194875810E-03   1.1059235055E-02
   17     -9.6494557166E-02  -2.1622670889E-03   9.6888802248E-04   4.1052457885E-03   6.4177547083E-03
   18     -8.0337626674E-03  -3.5640210565E-01   2.6895929427E-02  -2.0126948027E-02  -1.4774243733E-01
   19     -1.0083860776E-02   3.1923675901E-02  -5.6460549873E-02  -7.5777893094E-03  -1.1913846692E-01
   20      9.6552976339E-04  -1.7621769414E-02  -8.0498712049E-03  -4.1614855831E-02  -7.3736518377E-02
   21      1.6595881148E-05   8.3979294935E-06   1.9217095392E-05   1.5768875355E-05  -4.9708492534E-05
   22      1.6619209767E-05   1.6845124853E-05   1.3973323314E-07   1.7261305548E-05  -2.8565377268E-05
   23      8.0300945951E-06  -3.6292084515E-06  -1.8529224699E-05  -2.7455966058E-07   7.2099308647E-05
   24     -1.2478312979E-05  -8.7259930235E-06  -1.1294799741E-07   6.1030480971E-07   2.1566792347E-05
   25     -1.9904967953E-05  -1.1416425480E-05  -5.4339984146E-06  -9.2601640722E-06   1.9506735211E-05
   26     -6.3960812113E-06  -4.1399926594E-06  -2.1588651188E-05  -1.4393155602E-05   1.1121515903E-05
   27      3.5211248271E-04  -5.5376712818E-04  -5.4550005178E-04   2.5350076772E-03   1.8962557234E-04
   28     -1.8454255899E-04   1.0687813351E-04   7.2388934544E-05  -3.1881851155E-04  -3.5109285062E-04
   29      7.7876849734E-05   8.3205709570E-05   1.2398384095E-04  -2.6755734962E-04  -1.1427535972E-04
   30     -1.0126731948E-03  -9.1010331945E-05   1.8226406616E-03  -1.9229837814E-03  -3.6842436305E-05
   31      3.4647551287E-04   5.4930318930E-05  -4.1539436652E-04   5.2888998715E-04  -2.0407189981E-04
   32      1.4560763591E-04   4.1558533247E-06   1.6280004871E-04  -2.2937827486E-04  -1.6900344921E-04
   33      7.6348758187E-02   1.0447257307E-03  -5.4783944114E-04   7.5739479743E-04  -7.4936174982E-04
   34      1.0803481666E-01  -2.6630452423E-04  -7.6470718357E-04   4.0233604060E-03   3.2026733663E-03
   35      9.0003059748E-02   8.9143279629E-04   4.0068395427E-03  -6.4362533971E-03   2.9401324448E-04
   36      8.9143279629E-04   3.7274588019E-01  -3.6798528451E-02   1.7946491883E-02  -8.8696535770E-03
   37      4.0068395427E-03  -3.6798528451E-02   5.2101756343E-02   1.0357824602E-02  -1.9921699470E-02
   38     -6.4362533971E-03   1.7946491883E-02   1.0357824602E-02   3.1903686558E-02  -1.1611387537E-02
   39      2.9401324448E-04  -8.8696535770E-03  -1.9921699470E-02  -1.1611387537E-02   1.4623932800E-01
   40     -6.0442318152E-03   4.4744363585E-03   5.9904673545E-03   2.3366959630E-03   1.2424880851E-01
   41      8.7339037344E-03   1.1382430981E-03  -2.3995164541E-04   2.4015178626E-03   7.7636717607E-02
                   40                 41        
     0     -2.3221750416E-04  -4.5625869583E-05
     1     -1.0818271844E-04  -4.4155771020E-05
     2      2.6947223379E-06   2.4242558620E-05
     3      9.3365896590E-04   3.7589863126E-04
     4      3.1534843449E-04   1.1236442391E-04
     5      3.1818023282E-04   9.2032032561E-05
     6     -1.1974794329E-04  -1.9414055652E-04
     7      1.3359529327E-04   1.2816797295E-04
     8     -4.7997963219E-05  -1.6885371438E-04
     9     -6.1043495916E-04  -4.0783721765E-04
    10      7.3453463743E-04   1.0234897617E-03
    11      8.0962286171E-04  -3.3944945713E-04
    12     -2.5428587452E-03  -4.3633020081E-04
    13     -1.7718164756E-03   3.0695320281E-03
    14      2.8648613076E-03  -6.2148902318E-03
    15     -1.5604222991E-02  -7.4740310860E-03
    16     -1.4491407264E-02  -9.9945715320E-03
    17     -1.2907410345E-02   1.0900194784E-03
    18     -1.1368832637E-01  -7.0957018568E-02
    19     -2.1040385331E-01  -1.0265411009E-01
    20     -1.0191372226E-01  -9.9163431619E-02
    21     -1.1608971070E-05   8.2389267346E-05
    22      3.2525621174E-05   3.4820278861E-05
    23      3.7521361034E-05  -1.7297833928E-06
    24     -9.5480747378E-06  -2.3918956598E-06
    25     -5.0307197485E-05   2.4892178507E-05
    26     -3.4174838937E-05  -2.2265557939E-05
    27      5.6356580103E-04  -1.0678968669E-03
    28     -1.9032685443E-04   4.2364852920E-04
    29     -1.5953048309E-04   2.5432586597E-04
    30     -5.4921432087E-04   1.0695582416E-03
    31      3.0395751492E-04  -5.7465824858E-04
    32      4.3822576529E-05  -1.7592117013E-05
    33      3.1316949976E-03   2.7703467274E-04
    34     -4.4322197320E-04  -5.9966856000E-03
    35     -6.0442318152E-03   8.7339037344E-03
    36      4.4744363585E-03   1.1382430981E-03
    37      5.9904673545E-03  -2.3995164541E-04
    38      2.3366959630E-03   2.4015178626E-03
    39      1.2424880851E-01   7.7636717607E-02
    40      2.1994868693E-01   1.1469044320E-01
    41      1.1469044320E-01   9.3332170948E-02

$vibrational_frequencies
42
    0        0.0000000000000000
    1        0.0000000000000000
    2        0.0000000000000000
    3        0.0000000000000000
    4        0.0000000000000000
    5        0.0000000000000000
    6       29.0778599732931724
    7       84.9986351395109807
    8      156.6902824133836134
    9      183.7415116183276496
   10      219.3290628558461606
   11      358.6507690900789953
   12      403.9778705033795632
   13      555.1776520744595018
   14      578.4534948630080180
   15      583.3082585743468371
   16      641.8634172058812055
   17      751.1260441976411357
   18      898.6551709723972863
   19      954.8653085214051544
   20      978.0272973510193424
   21      981.8297663253977134
   22     1034.0250441074499577
   23     1062.8334996657242755
   24     1079.2554766429375377
   25     1173.1355744986303762
   26     1231.7838400736968651
   27     1306.1560211723433440
   28     1345.8978781303817414
   29     1431.1506474944735601
   30     1457.7238786458322011
   31     1478.1150237596557417
   32     1529.9175003059474420
   33     1767.8709140566427322
   34     1780.9444192941489291
   35     3091.6708450564951818
   36     3150.9678989613271369
   37     3222.1503757719633541
   38     3238.3730628208913913
   39     3244.0344863043083024
   40     3327.8069072966577551
   41     3361.9384406541935277

$normal_modes
42 42
                    0                  1                  2                  3                  4        
    0      0.0000000000E+00   0.0000000000E+00   0.0000000000E+00   0.0000000000E+00   0.0000000000E+00
    1      0.0000000000E+00   0.0000000000E+00   0.0000000000E+00   0.0000000000E+00   0.0000000000E+00
    2      0.0000000000E+00   0.0000000000E+00   0.0000000000E+00   0.0000000000E+00   0.0000000000E+00
    3      0.0000000000E+00   0.0000000000E+00   0.0000000000E+00   0.0000000000E+00   0.0000000000E+00
    4      0.0000000000E+00   0.0000000000E+00   0.0000000000E+00   0.0000000000E+00   0.0000000000E+00
