
$orca_hessian_file

$act_atom
  0

$act_coord
  0

$act_energy
        0.000000

$multiplicity
  1

$hessian
42
                    0                  1                  2                  3                  4        
    0      1.6541290937E-01  -2.6708452630E-02   2.0233546373E-01  -5.8437474206E-02   5.6335742808E-02
    1     -2.6708452630E-02   8.3776003378E-01  -1.2121927346E-02   8.8401504160E-02  -4.6060303429E-01
    2      2.0233546373E-01  -1.2121927346E-02   6.2592946577E-01  -3.7339167639E-02   9.6014804831E-02
    3     -5.8437474206E-02   8.8401504160E-02  -3.7339167639E-02   2.6345350481E-01  -4.1194349594E-03
    4      5.6335742808E-02  -4.6060303429E-01   9.6014804831E-02  -4.1194349594E-03   8.0265887159E-01
    5     -4.9933591563E-02   9.2519738176E-02  -1.0387524244E-01   1.1648039247E-01  -1.2391897206E-03
    6     -4.5493508465E-03   5.4592299286E-03  -1.3787716018E-02  -3.0633551749E-02   1.1753366083E-02
    7      1.0591608063E-02  -4.8605576571E-03   2.6161553745E-02   8.8557664560E-03  -4.1055283120E-02
    8     -9.8475936975E-03   6.4463107494E-03  -2.3460015579E-02  -2.8246524754E-02   4.2135989817E-02
    9      3.4584168209E-02  -1.7368586150E-02  -4.7718822537E-03  -9.3611802091E-02  -5.5462854211E-02
   10      1.4860287084E-02  -7.4029008631E-02  -3.7937904765E-02  -4.7923307180E-02  -2.4942195934E-01
   11      1.0796273884E-02  -2.1042127283E-02   7.7237181874E-03  -3.2763726351E-02  -1.2962056949E-01
   12     -4.2325142711E-02   2.9221089134E-02   4.2783870315E-03  -3.7661990690E-02  -9.5874221411E-02
   13      6.5397408635E-03  -1.6910177137E-03  -1.6541441884E-03  -2.9049173089E-02  -1.2570438799E-02
   14      5.2577888175E-04  -5.1017027163E-04  -1.2668653125E-03  -1.7719556949E-02  -4.9396264075E-03
   15     -1.0608800888E-02  -1.5593758932E-03  -2.4456711280E-03  -1.7706177980E-02   2.7663277281E-03
   16     -5.1358238091E-02   1.6158671879E-02   1.5199698913E-03  -2.2262037887E-03  -4.9507768644E-02
   17     -1.3423417838E-02   8.4388377719E-03   8.6084308049E-04  -2.8066702534E-03  -1.3877782512E-02
   18      4.4568489398E-02  -2.2939710829E-02   1.6472183407E-03  -2.4648383157E-02   6.1020526387E-02
   19      3.1156286463E-02  -1.6991242546E-02  -1.0516437842E-03  -8.7466779050E-03   2.6842143001E-02
   20      1.0909751046E-02  -3.5500935093E-03  -1.1355750859E-02   8.6911290832E-04   8.9009064342E-03
   21     -4.8592395038E-02   1.6698524621E-02  -8.9698879572E-02  -8.1908275490E-04   1.1884869018E-02
   22      2.2531398468E-02  -7.3784525653E-02   6.2498661572E-02   7.2984285238E-03  -3.5437598980E-03
   23     -9.5743478590E-02   7.1053624272E-02  -3.2500762612E-01  -1.1046514833E-03  -6.0580241043E-03
   24     -6.2818760083E-02  -7.4561101751E-02  -6.5811237353E-02   1.9248690879E-03   1.1987367351E-02
   25     -6.1846073237E-02  -2.2353647164E-01  -1.3495440404E-01  -1.3743522561E-02  -1.3273432725E-02
   26     -6.3490200186E-02  -1.3936858931E-01  -1.6833105404E-01   3.2696411415E-03   5.7530157164E-03
   27      2.3058333106E-03  -2.6467942738E-03  -1.1182136385E-03   4.1295163812E-03   8.0137600493E-03
   28      3.3164033563E-04  -3.7635235034E-04  -3.3268988403E-04  -6.0389559254E-04   1.3270495407E-03
   29     -2.5810169520E-04   2.7750393148E-04   2.2111750384E-04  -1.1337163416E-03  -1.8944477748E-03
   30     -4.2223205553E-04  -4.8897873659E-04  -7.2888425470E-04  -4.3670848891E-03  -9.7624024123E-04
   31      4.9991800390E-04   1.5164616599E-04  -2.5381542745E-04  -1.0862238637E-03   7.8884507658E-04
   32     -2.0665904329E-04   2.7227559688E-04   2.6794938359E-04   1.7362357867E-03   6.7336171002E-04
   33      8.8810736408E-04  -4.9467909032E-04  -3.4405476055E-04   9.7213560592E-04   1.7190956136E-03
   34      9.7724267507E-05   2.8401494871E-04  -3.0988948943E-05  -3.8342393071E-04  -7.6256542683E-04
   35      6.2686223916E-05   2.2282338973E-04  -6.4776675922E-05   2.9685030831E-04  -2.2562178689E-04
   36     -5.0788573725E-03   3.5129525717E-03  -5.6290619350E-04   1.0613591631E-03  -1.0153465701E-03
   37     -1.8008915294E-03   1.1076597851E-03   4.4418868572E-04   6.1594140892E-04  -7.2325738551E-04
   38      3.3658421779E-03  -1.9430453005E-03   4.5031698930E-04  -2.6595731031E-04   1.3340829577E-03
   39     -1.4926494450E-02   3.4680681013E-03   8.3492377668E-03  -3.6558375343E-03  -8.0340140655E-03
   40     -1.2243800289E-03   4.1018392947E-04   1.7034730887E-03   2.7112787434E-03  -1.5540957769E-04
   41      4.9055526092E-03  -7.0029429513E-04  -2.0920798856E-03  -1.2865053523E-03   3.0289729038E-03
                    5                  6                  7                  8                  9        
    0     -4.9933591563E-02  -4.5493508465E-03   1.0591608063E-02  -9.8475936975E-03   3.4584168209E-02
    1      9.2519738176E-02   5.4592299286E-03  -4.8605576571E-03   6.4463107494E-03  -1.7368586150E-02
    2     -1.0387524244E-01  -1.3787716018E-02   2.6161553745E-02  -2.3460015579E-02  -4.7718822537E-03
    3      1.1648039247E-01  -3.0633551749E-02   8.8557664560E-03  -2.8246524754E-02  -9.3611802091E-02
    4     -1.2391897206E-03   1.1753366083E-02  -4.1055283120E-02   4.2135989817E-02  -5.5462854211E-02
    5      3.3089442709E-01  -1.8900666673E-02   2.0546557118E-02  -7.8277040426E-02  -3.3131411486E-02
    6     -1.8900666673E-02   3.5806382243E-02  -1.2801974540E-02   5.9100450953E-02  -7.8014494151E-03
    7      2.0546557118E-02  -1.2801974540E-02   4.0464849852E-02  -3.2250438413E-02  -8.3539093373E-03
    8     -7.8277040426E-02   5.9100450953E-02  -3.2250438413E-02   1.4485632613E-01  -2.3924107690E-02
    9     -3.3131411486E-02  -7.8014494151E-03  -8.3539093373E-03  -2.3924107690E-02   1.9249770496E-01
   10     -1.1397421683E-01  -7.9580236786E-03   7.4687380348E-03  -2.1286527294E-02   7.0883459372E-02
   11     -1.5326078938E-01  -2.1747351844E-02  -1.5378376923E-02  -4.2626324542E-02   1.6562139029E-02
   12     -4.4324714182E-02   2.1767661910E-03   1.1608355308E-03   6.6019444900E-03   1.0550743658E-04
   13      3.3091853319E-03   5.4384768271E-04  -4.0162697302E-04   3.8802229271E-03  -1.8627095849E-02
   14      5.5051697573E-03  -2.2205309897E-03  -1.3634085825E-03  -3.7205205208E-03   2.6050133599E-02
   15      2.8694594958E-03   1.1103796808E-03   5.0819765988E-04  -2.6842817834E-03  -4.7429864803E-02
   16     -1.3186138424E-02  -7.6665770824E-04   1.1531571411E-03  -1.8017594528E-03   5.8015654660E-02
   17     -6.4258753939E-04  -7.9212044083E-04   1.0780002990E-04   1.7864213253E-03   2.0049009081E-02
   18      1.2746902480E-02   3.1815850220E-03  -2.3024374358E-03   2.5547189238E-03  -3.5483024795E-02
   19      3.1411417979E-03   2.4500509628E-03  -7.5350055011E-04   6.1613202939E-04  -1.9348590491E-02
   20      2.2453845287E-03  -1.5576627138E-03   8.7143141703E-04  -2.1431942798E-03  -1.3253206515E-02
   21     -9.3758668585E-03   3.7660059086E-03   1.8339649656E-03  -2.9760709183E-03  -8.2891050610E-03
   22      2.6087510423E-02   1.6342561634E-03  -2.7954300966E-03   2.8257414067E-03   4.6691810600E-04
   23     -3.4429229561E-03  -1.6536818364E-03   7.0196686696E-04   1.5833850272E-03   3.5437630054E-03
   24      7.2791259206E-03  -2.1190727317E-03   4.6878718738E-04   1.4166564869E-03   6.6733030054E-03
   25     -1.9944282554E-02   1.7471295040E-04   4.5284730802E-04   3.1864324748E-04   1.7119997047E-03
   26      3.6097725089E-03   7.9562140569E-04   1.5299909468E-03  -9.5160524473E-04  -2.5829139814E-03
   27      8.3055498171E-03  -5.1744425668E-04   3.8327568819E-04  -1.3785030745E-03  -2.5323893450E-02
   28      4.1351458675E-03   2.0587261370E-04   2.5367468647E-05  -3.7635641926E-04  -8.4718692152E-03
   29     -1.0263218983E-03   2.3319808786E-04  -6.1156880034E-05   1.0398837588E-03   7.0216451276E-03
   30      3.3975878943E-03  -2.4364750954E-05  -2.1319909632E-05  -2.7311152713E-04  -1.8706335357E-02
   31      1.8547307650E-03   1.4926215534E-04   6.4152492491E-05  -1.1957430243E-04  -4.7821590608E-03
   32     -9.2288363962E-04  -2.4940799384E-04  -1.1366425502E-04   2.8479907906E-04   6.3985840596E-03
   33     -1.9947345522E-04  -6.0158573758E-04   1.1672715002E-05  -1.9620195415E-04  -1.5570391506E-03
   34     -4.7945131825E-04  -1.2870210203E-04   9.9791961369E-05  -1.4233789844E-05   6.9683064350E-04
   35     -2.5533793037E-06   1.5360562870E-04  -7.2197323822E-05   2.1112806219E-04  -1.2101518435E-05
   36      1.5204249501E-04  -4.6019495999E-04  -3.7405687941E-05   9.3400557930E-05   1.2074569114E-03
   37     -7.2903867800E-04  -2.0960205436E-04   1.4000090505E-04  -2.2069975491E-04   4.8306384782E-04
   38     -1.0024534804E-03  -2.6215749257E-04   4.3073103336E-05   4.1870998968E-04  -1.5627838599E-03
   39      4.6489074550E-03   6.6589540225E-04  -2.9975863935E-04  -2.3578497150E-04   3.1343735995E-03
   40     -2.0275645319E-03  -5.0294117222E-04  -2.5067665532E-06  -1.6011742425E-04   1.4689482372E-04
   41      1.9804125149E-04   8.8342888733E-04  -7.1646417532E-04   9.9804722403E-04  -3.7789146568E-04
                   10                 11                 12                 13                 14        
    0      1.4860287084E-02   1.0796273884E-02  -4.2325142711E-02   6.5397408635E-03   5.2577888175E-04
    1     -7.4029008631E-02  -2.1042127283E-02   2.9221089134E-02  -1.6910177137E-03  -5.1017027163E-04
    2     -3.7937904765E-02   7.7237181874E-03   4.2783870315E-03  -1.6541441884E-03  -1.2668653125E-03
    3     -4.7923307180E-02  -3.2763726351E-02  -3.7661990690E-02  -2.9049173089E-02  -1.7719556949E-02
    4     -2.4942195934E-01  -1.2962056949E-01  -9.5874221411E-02  -1.2570438799E-02  -4.9396264075E-03
    5     -1.1397421683E-01  -1.5326078938E-01  -4.4324714182E-02   3.3091853319E-03   5.5051697573E-03
    6     -7.9580236786E-03  -2.1747351844E-02   2.1767661910E-03   5.4384768271E-04  -2.2205309897E-03
    7      7.4687380348E-03  -1.5378376923E-02   1.1608355308E-03  -4.0162697302E-04  -1.3634085825E-03
    8     -2.1286527294E-02  -4.2626324542E-02   6.6019444900E-03   3.8802229271E-03  -3.7205205208E-03
    9      7.0883459372E-02   1.6562139029E-02   1.0550743658E-04  -1.8627095849E-02   2.6050133599E-02
   10      3.6796996379E-01   1.7359782326E-01   4.6882671955E-02  -6.2231873067E-02  -7.4757934769E-03
   11      1.7359782326E-01   2.4155358391E-01   3.3144437968E-02  -1.4104713576E-02  -6.4333159386E-02
   12      4.6882671955E-02   3.3144437968E-02   2.2718375985E-01  -2.7505874101E-02   8.6604555709E-02
   13     -6.2231873067E-02  -1.4104713576E-02  -2.7505874101E-02   6.5550923782E-01   4.8041816062E-02
   14     -7.4757934769E-03  -6.4333159386E-02   8.6604555709E-02   4.8041816062E-02   6.5537679722E-01
   15      1.0614218034E-02   8.3984408730E-04  -1.1165505327E-01   9.0631052053E-02  -3.4650114719E-02
   16      3.9379437874E-02   9.8235132616E-03   4.8795214504E-02  -2.2620913292E-01   2.7503304073E-02
   17     -1.6748245249E-04   3.6664063806E-03  -4.4545202859E-02   3.2035170385E-02  -1.1045268840E-01
   18     -3.6339329039E-02  -1.3185695848E-02   4.8109569566E-02   6.9484103147E-03   9.8058236968E-03
   19     -1.7950361719E-02  -5.2759419279E-03   2.2707513487E-02  -3.9501364495E-02  -2.0756927669E-02
   20     -7.9680122596E-03  -1.1453104931E-03   1.5756135343E-02  -1.1235117441E-03   9.1606908094E-03
   21     -4.7765332193E-03   2.3774472694E-04   5.2791498975E-03  -1.7807405624E-03   1.4733393770E-04
   22      2.6198102428E-03  -1.2190086138E-03  -6.9378871829E-04  -3.4583021220E-04   4.4578543613E-04
   23      3.8215220977E-04   7.0395127984E-04  -2.0852121865E-03   1.1125680649E-03   8.4543995657E-05
   24     -1.4043859163E-03  -4.8909081368E-03   9.9032472584E-04   2.1028171225E-03  -5.4948236608E-04
   25     -6.1865184786E-03   6.5884981916E-04   1.4561977330E-03   3.4450085742E-04  -2.3697741026E-04
   26      3.8484648509E-03   3.9391807416E-03  -1.0335317440E-03  -7.1311658852E-04   2.3724462573E-04
   27     -1.9438236936E-02   2.7840331131E-02  -3.6587765693E-02   2.9140317373E-03  -1.9477822521E-02
   28     -3.4186576901E-03   6.7427382631E-03   7.5744387624E-03  -8.3189554134E-02   7.4818536568E-02
   29      3.3728900347E-03  -2.3724205964E-03  -1.4221226557E-02   7.8242710119E-02  -3.1504523091E-01
   30     -2.7895697519E-02  -1.7964443917E-02  -5.1724651244E-02  -3.5508489711E-02  -3.2410000777E-02
   31     -5.6941630667E-03  -4.3671665632E-03  -3.8457159468E-02  -2.2601251838E-01  -1.3809138738E-01
   32      9.0478291394E-03   6.5159950631E-03  -4.0498594695E-02  -1.4426469058E-01  -1.7411531485E-01
   33     -2.6235697422E-03   2.5922015134E-04  -1.5484514302E-04   2.1692552164E-03  -1.4416424825E-02
   34      2.2185071997E-04  -6.8346578860E-04   8.7461052718E-03  -2.8024713085E-03   2.7210240121E-02
   35      7.2060892347E-04   3.1090678934E-04   3.3489292982E-04  -1.6377438795E-03  -1.3651767702E-03
   36     -6.2249932950E-04  -7.4878310404E-05   6.3250828084E-03   1.5187500568E-03  -4.8505125679E-03
   37      9.5464268069E-04   5.5815727040E-04  -1.7145664092E-03  -2.6822952256E-03  -4.5665090376E-03
   38     -3.1900653032E-04  -1.8628086275E-04  -2.6247851554E-03  -4.2733136297E-03  -3.2634132526E-04
   39      5.7511892728E-03   9.3803829808E-04  -1.0060711723E-02  -8.9958682626E-04   3.1440512145E-03
   40      3.1809864534E-04   3.0533411273E-04  -2.2954011791E-03   1.7843845505E-03  -8.3468819609E-05
   41     -1.8358706351E-03  -4.8945710045E-04   2.6296825827E-03   1.1541480846E-03   2.6085107361E-04
                   15                 16                 17                 18                 19        
    0     -1.0608800888E-02  -5.1358238091E-02  -1.3423417838E-02   4.4568489398E-02   3.1156286463E-02
    1     -1.5593758932E-03   1.6158671879E-02   8.4388377719E-03  -2.2939710829E-02  -1.6991242546E-02
    2     -2.4456711280E-03   1.5199698913E-03   8.6084308049E-04   1.6472183407E-03  -1.0516437842E-03
    3     -1.7706177980E-02  -2.2262037887E-03  -2.8066702534E-03  -2.4648383157E-02  -8.7466779050E-03
    4      2.7663277281E-03  -4.9507768644E-02  -1.3877782512E-02   6.1020526387E-02   2.6842143001E-02
    5      2.8694594958E-03  -1.3186138424E-02  -6.4258753939E-04   1.2746902480E-02   3.1411417979E-03
    6      1.1103796808E-03  -7.6665770824E-04  -7.9212044083E-04   3.1815850220E-03   2.4500509628E-03
    7      5.0819765988E-04   1.1531571411E-03   1.0780002990E-04  -2.3024374358E-03  -7.5350055011E-04
    8     -2.6842817834E-03  -1.8017594528E-03   1.7864213253E-03   2.5547189238E-03   6.1613202939E-04
    9     -4.7429864803E-02   5.8015654660E-02   2.0049009081E-02  -3.5483024795E-02  -1.9348590491E-02
   10      1.0614218034E-02   3.9379437874E-02  -1.6748245249E-04  -3.6339329039E-02  -1.7950361719E-02
   11      8.3984408730E-04   9.8235132616E-03   3.6664063806E-03  -1.3185695848E-02  -5.2759419279E-03
   12     -1.1165505327E-01   4.8795214504E-02  -4.4545202859E-02   4.8109569566E-02   2.2707513487E-02
   13      9.0631052053E-02  -2.2620913292E-01   3.2035170385E-02   6.9484103147E-03  -3.9501364495E-02
   14     -3.4650114719E-02   2.7503304073E-02  -1.1045268840E-01   9.8058236968E-03  -2.0756927669E-02
   15      3.2382680229E-01  -9.7076594981E-02   2.0772773612E-01  -6.7660308372E-02  -2.9423583951E-02
   16     -9.7076594981E-02   6.4988706541E-01   1.3993048208E-01   5.5672167254E-03  -3.4098244369E-01
   17      2.0772773612E-01   1.3993048208E-01   6.6285748676E-01  -4.9644958742E-02  -1.9583656352E-01
   18     -6.7660308372E-02   5.5672167254E-03  -4.9644958742E-02   1.8948994293E-01  -1.2303391864E-01
   19     -2.9423583951E-02  -3.4098244369E-01  -1.9583656352E-01  -1.2303391864E-01   7.4231574274E-01
   20     -5.7050246966E-02  -1.8940446371E-01  -2.6128932405E-01   1.6881068087E-01   1.1785000145E-01
   21     -1.4615515835E-03   4.2620090940E-03   3.9662457794E-03  -1.2194091826E-02  -8.2019137884E-03
   22     -1.2207796870E-03  -5.3559610363E-04   1.1226281179E-03  -1.8611881409E-03  -6.7852579614E-04
   23     -1.5289388320E-03  -2.9299517157E-03   1.3056172230E-03   2.3842287412E-03   1.4932100119E-03
   24     -1.1862657028E-03   4.4345266449E-04   1.0983921001E-03  -1.9528202516E-03  -3.0936130613E-03
   25     -4.7444588544E-04   1.1943018056E-04   4.9559465805E-04   9.6289073958E-05  -5.5113130586E-05
   26      1.6883808792E-04  -5.0679355599E-04  -3.4992026071E-04   1.7047900830E-03   1.6612035714E-03
   27     -8.6375246128E-04   1.0461914159E-02  -1.8582894969E-02  -4.2594709525E-03  -3.4157319834E-03
   28      2.3161782233E-03  -3.8059240619E-03   2.6181738429E-02  -1.1934987779E-04   1.1738224264E-03
   29     -1.7464307993E-03  -2.9285775884E-04  -1.8542936857E-03   4.4553370898E-04  -6.9755613707E-04
   30      7.8526344753E-03   1.5550432173E-02   1.4026411935E-02  -1.2806788791E-03   4.9199841759E-03
   31     -6.4650917507E-03  -1.4296143655E-02  -1.7355149517E-02   2.8460106819E-03  -4.2254745125E-03
   32      1.5828616051E-03   6.9709100628E-03   5.7394813817E-03  -5.5087970539E-04   6.8900821418E-04
   33     -8.3364673202E-02   2.2706752958E-02  -1.0673505394E-01   1.2454097423E-03   1.8948576519E-03
   34      2.5347739355E-02  -6.1260139940E-02   3.6122310848E-02  -9.9652920876E-03   6.5967413483E-03
   35     -1.1607187902E-01   3.2305555675E-02  -2.9836727356E-01  -6.7274502682E-03   4.6211149031E-03
   36      9.1521896338E-03  -7.5868045605E-03   1.0918497723E-03  -8.4259587550E-02   1.1024068680E-01
   37      1.3150018052E-02  -1.6657542310E-02   9.1334958800E-03   1.0249069978E-01  -2.9123447231E-01
   38      8.4670318740E-03  -1.7063947516E-02   8.0557804314E-03  -3.5803419440E-02   6.2763676997E-02
   39     -5.5578120066E-06  -6.8030570683E-03  -1.1426009672E-02  -5.4856630872E-02   2.1907181738E-02
   40     -9.0989496965E-03   6.5569288345E-03  -2.6332772634E-02   1.7579541630E-02  -6.4555950765E-02
   41     -5.4815240944E-03   7.1338695258E-03  -1.1315949095E-02  -9.4200651109E-02   3.0815011848E-02
                   20                 21                 22                 23                 24        
    0      1.0909751046E-02  -4.8592395038E-02   2.2531398468E-02  -9.5743478590E-02  -6.2818760083E-02
    1     -3.5500935093E-03   1.6698524621E-02  -7.3784525653E-02   7.1053624272E-02  -7.4561101751E-02
    2     -1.1355750859E-02  -8.9698879572E-02   6.2498661572E-02  -3.2500762612E-01  -6.5811237353E-02
    3      8.6911290832E-04  -8.1908275490E-04   7.2984285238E-03  -1.1046514833E-03   1.9248690879E-03
    4      8.9009064342E-03   1.1884869018E-02  -3.5437598980E-03  -6.0580241043E-03   1.1987367351E-02
    5      2.2453845287E-03  -9.3758668585E-03   2.6087510423E-02  -3.4429229561E-03   7.2791259206E-03
    6     -1.5576627138E-03   3.7660059086E-03   1.6342561634E-03  -1.6536818364E-03  -2.1190727317E-03
    7      8.7143141703E-04   1.8339649656E-03  -2.7954300966E-03   7.0196686696E-04   4.6878718738E-04
    8     -2.1431942798E-03  -2.9760709183E-03   2.8257414067E-03   1.5833850272E-03   1.4166564869E-03
    9     -1.3253206515E-02  -8.2891050610E-03   4.6691810600E-04   3.5437630054E-03   6.6733030054E-03
   10     -7.9680122596E-03  -4.7765332193E-03   2.6198102428E-03   3.8215220977E-04  -1.4043859163E-03
   11     -1.1453104931E-03   2.3774472694E-04  -1.2190086138E-03   7.0395127984E-04  -4.8909081368E-03
   12      1.5756135343E-02   5.2791498975E-03  -6.9378871829E-04  -2.0852121865E-03   9.9032472584E-04
   13     -1.1235117441E-03  -1.7807405624E-03  -3.4583021220E-04   1.1125680649E-03   2.1028171225E-03
   14      9.1606908094E-03   1.4733393770E-04   4.4578543613E-04   8.4543995657E-05  -5.4948236608E-04
   15     -5.7050246966E-02  -1.4615515835E-03  -1.2207796870E-03  -1.5289388320E-03  -1.1862657028E-03
   16     -1.8940446371E-01   4.2620090940E-03  -5.3559610363E-04  -2.9299517157E-03   4.4345266449E-04
   17     -2.6128932405E-01   3.9662457794E-03   1.1226281179E-03   1.3056172230E-03   1.0983921001E-03
   18      1.6881068087E-01  -1.2194091826E-02  -1.8611881409E-03   2.3842287412E-03  -1.9528202516E-03
   19      1.1785000145E-01  -8.2019137884E-03  -6.7852579614E-04   1.4932100119E-03  -3.0936130613E-03
   20      6.7720500254E-01   5.7899783000E-03   8.9603463039E-04  -1.4014105829E-03  -3.0204325811E-03
   21      5.7899783000E-03   6.3030588181E-02  -2.2722080328E-02   9.8159434609E-02  -4.0875785268E-04
   22      8.9603463039E-04  -2.2722080328E-02   6.9919013040E-02  -7.2273381604E-02  -5.9930622306E-03
   23     -1.4014105829E-03   9.8159434609E-02  -7.2273381604E-02   3.3450166053E-01  -2.5758006477E-03
   24     -3.0204325811E-03  -4.0875785268E-04  -5.9930622306E-03  -2.5758006477E-03   5.8039919984E-02
   25     -7.0788495763E-04   3.0369478994E-03   9.1166484008E-03   6.6998953178E-03   6.9934160626E-02
   26      1.3167068195E-03  -5.8020952512E-03  -1.9780086068E-02  -8.5351562935E-03   6.7409947207E-02
   27     -3.4177448008E-04  -6.0795166054E-04   7.5053919807E-05   1.6727516691E-04   1.6374763969E-04
   28      3.0745604440E-04  -8.6597279421E-05   5.0109838550E-05  -2.6781009694E-05   8.2073755372E-05
   29      1.1581953583E-03   2.9674398805E-06  -7.2246063381E-05  -2.1654731247E-05  -4.8309321648E-05
   30     -2.3513034274E-03  -1.9753436232E-04   4.3306455597E-05   1.2048830102E-04   2.0303201501E-04
   31      1.9933820876E-03  -1.1990881088E-04  -1.6982319981E-05  -2.0636177178E-05   1.0577082189E-04
   32      5.5408982703E-04   1.1271586651E-04  -2.5285696016E-06  -3.4674941320E-05  -1.1362750390E-04
   33     -4.0011261536E-03  -2.7412436067E-05  -3.6410301818E-05   3.3699705669E-04  -1.0748538302E-04
   34     -2.7329901191E-02  -1.0412335083E-04   1.0408062322E-04   1.6180470448E-04   9.6051495312E-05
   35     -1.4242289673E-02  -2.8962345585E-04  -1.4638582557E-04  -6.4642345873E-05   1.2362462486E-04
   36     -3.3148227641E-02   4.0082793257E-04   4.0854649017E-04   1.3323924757E-04  -3.4426108350E-05
   37      6.1436445984E-02   2.5603119637E-05   1.2333097012E-04  -1.9954174253E-04   1.3474969571E-04
   38     -7.4977463211E-02  -2.8533496219E-05  -3.1961853005E-04   1.4599741787E-04  -3.3004859698E-04
   39     -8.7398519716E-02   1.2131065444E-04   7.5652479981E-05  -1.6034988892E-04   6.3239165448E-04
   40      3.7796341530E-02   4.3727421369E-05  -2.3234303608E-04  -9.8696176413E-05  -2.9958565664E-04
   41     -3.2508532673E-01  -2.3866377095E-04  -6.1315229911E-05   1.8293250422E-04   1.5191553505E-05
                   25                 26                 27                 28                 29        
    0     -6.1846073237E-02  -6.3490200186E-02   2.3058333106E-03   3.3164033563E-04  -2.5810169520E-04
    1     -2.2353647164E-01  -1.3936858931E-01  -2.6467942738E-03  -3.7635235034E-04   2.7750393148E-04
    2     -1.3495440404E-01  -1.6833105404E-01  -1.1182136385E-03  -3.3268988403E-04   2.2111750384E-04
    3     -1.3743522561E-02   3.2696411415E-03   4.1295163812E-03  -6.0389559254E-04  -1.1337163416E-03
    4     -1.3273432725E-02   5.7530157164E-03   8.0137600493E-03   1.3270495407E-03  -1.8944477748E-03
    5     -1.9944282554E-02   3.6097725089E-03   8.3055498171E-03   4.1351458675E-03  -1.0263218983E-03
    6      1.7471295040E-04   7.9562140569E-04  -5.1744425668E-04   2.0587261370E-04   2.3319808786E-04
    7      4.5284730802E-04   1.5299909468E-03   3.8327568819E-04   2.5367468647E-05  -6.1156880034E-05
    8      3.1864324748E-04  -9.5160524473E-04  -1.3785030745E-03  -3.7635641926E-04   1.0398837588E-03
    9      1.7119997047E-03  -2.5829139814E-03  -2.5323893450E-02  -8.4718692152E-03   7.0216451276E-03
   10     -6.1865184786E-03   3.8484648509E-03  -1.9438236936E-02  -3.4186576901E-03   3.3728900347E-03
   11      6.5884981916E-04   3.9391807416E-03   2.7840331131E-02   6.7427382631E-03  -2.3724205964E-03
   12      1.4561977330E-03  -1.0335317440E-03  -3.6587765693E-02   7.5744387624E-03  -1.4221226557E-02
   13      3.4450085742E-04  -7.1311658852E-04   2.9140317373E-03  -8.3189554134E-02   7.8242710119E-02
   14     -2.3697741026E-04   2.3724462573E-04  -1.9477822521E-02   7.4818536568E-02  -3.1504523091E-01
   15     -4.7444588544E-04   1.6883808792E-04  -8.6375246128E-04   2.3161782233E-03  -1.7464307993E-03
   16      1.1943018056E-04  -5.0679355599E-04   1.0461914159E-02  -3.8059240619E-03  -2.9285775884E-04
   17      4.9559465805E-04  -3.4992026071E-04  -1.8582894969E-02   2.6181738429E-02  -1.8542936857E-03
   18      9.6289073958E-05   1.7047900830E-03  -4.2594709525E-03  -1.1934987779E-04   4.4553370898E-04
   19     -5.5113130586E-05   1.6612035714E-03  -3.4157319834E-03   1.1738224264E-03  -6.9755613707E-04
   20     -7.0788495763E-04   1.3167068195E-03  -3.4177448008E-04   3.0745604440E-04   1.1581953583E-03
   21      3.0369478994E-03  -5.8020952512E-03  -6.0795166054E-04  -8.6597279421E-05   2.9674398805E-06
   22      9.1166484008E-03  -1.9780086068E-02   7.5053919807E-05   5.0109838550E-05  -7.2246063381E-05
   23      6.6998953178E-03  -8.5351562935E-03   1.6727516691E-04  -2.6781009694E-05  -2.1654731247E-05
   24      6.9934160626E-02   6.7409947207E-02   1.6374763969E-04   8.2073755372E-05  -4.8309321648E-05
   25      2.3316537023E-01   1.4743520992E-01  -1.6321028156E-04  -6.6362850113E-05   1.8910493538E-05
   26      1.4743520992E-01   1.6886758631E-01  -3.3387681101E-06  -2.0536758868E-05  -1.2244675992E-05
   27     -1.6321028156E-04  -3.3387681101E-06   5.8437562344E-02  -2.9254007325E-03   1.0354236960E-02
   28     -6.6362850113E-05  -2.0536758868E-05  -2.9254007325E-03   8.1801881003E-02  -8.7204083517E-02
   29      1.8910493538E-05  -1.2244675992E-05   1.0354236960E-02  -8.7204083517E-02   3.3045303776E-01
   30     -7.8392999211E-05  -4.4354923745E-05   1.5524315802E-03  -1.5400445259E-04  -1.0934639066E-03
   31     -1.6317493560E-05  -2.1891184562E-05   2.9296584561E-03   1.0186078325E-02   7.2743257693E-03
   32      4.3508691486E-05   2.1758726855E-05  -5.3435258436E-03  -2.3554458076E-02  -1.3592017598E-02
   33     -6.5070327569E-05   1.4161974970E-04   6.8954386488E-04   1.6410854205E-03   1.8103943930E-04
   34     -2.6725637901E-06   4.0887923889E-05   3.9692500758E-03  -3.6200796202E-03   4.9605801531E-04
   35      8.8697319273E-06   6.5640048517E-05  -1.1399056037E-03   4.4975487016E-04   8.7291671132E-04
   36     -2.4000934745E-05  -2.5242015139E-04  -4.2243974833E-04   3.9184182020E-04  -2.9941211389E-04
   37      4.7833051531E-05  -2.2969716487E-06  -2.1455377481E-04   2.6061548773E-04  -6.3385846473E-05
   38      5.7711417120E-05  -2.9115128237E-05   2.1840969021E-04  -5.4807657078E-04   2.1110409737E-04
   39     -1.9073864731E-05  -2.8469405357E-04   1.3040831015E-03  -1.7743932801E-04   5.7372482130E-04
   40     -1.0974114200E-04   1.4030725091E-04   5.2409443253E-05  -3.4799338327E-04   6.0920240920E-04
   41      1.1058592452E-04   1.5120586750E-04   4.8849128358E-04  -5.7825460055E-04  -3.2071091291E-05
                   30                 31                 32                 33                 34        
    0     -4.2223205553E-04   4.9991800390E-04  -2.0665904329E-04   8.8810736408E-04   9.7724267507E-05
    1     -4.8897873659E-04   1.5164616599E-04   2.7227559688E-04  -4.9467909032E-04   2.8401494871E-04
    2     -7.2888425470E-04  -2.5381542745E-04   2.6794938359E-04  -3.4405476055E-04  -3.0988948943E-05
    3     -4.3670848891E-03  -1.0862238637E-03   1.7362357867E-03   9.7213560592E-04  -3.8342393071E-04
    4     -9.7624024123E-04   7.8884507658E-04   6.7336171002E-04   1.7190956136E-03  -7.6256542683E-04
    5      3.3975878943E-03   1.8547307650E-03  -9.2288363962E-04  -1.9947345522E-04  -4.7945131825E-04
    6     -2.4364750954E-05   1.4926215534E-04  -2.4940799384E-04  -6.0158573758E-04  -1.2870210203E-04
    7     -2.1319909632E-05   6.4152492491E-05  -1.1366425502E-04   1.1672715002E-05   9.9791961369E-05
    8     -2.7311152713E-04  -1.1957430243E-04   2.8479907906E-04  -1.9620195415E-04  -1.4233789844E-05
    9     -1.8706335357E-02  -4.7821590608E-03   6.3985840596E-03  -1.5570391506E-03   6.9683064350E-04
   10     -2.7895697519E-02  -5.6941630667E-03   9.0478291394E-03  -2.6235697422E-03   2.2185071997E-04
   11     -1.7964443917E-02  -4.3671665632E-03   6.5159950631E-03   2.5922015134E-04  -6.8346578860E-04
   12     -5.1724651244E-02  -3.8457159468E-02  -4.0498594695E-02  -1.5484514302E-04   8.7461052718E-03
   13     -3.5508489711E-02  -2.2601251838E-01  -1.4426469058E-01   2.1692552164E-03  -2.8024713085E-03
   14     -3.2410000777E-02  -1.3809138738E-01  -1.7411531485E-01  -1.4416424825E-02   2.7210240121E-02
   15      7.8526344753E-03  -6.4650917507E-03   1.5828616051E-03  -8.3364673202E-02   2.5347739355E-02
   16      1.5550432173E-02  -1.4296143655E-02   6.9709100628E-03   2.2706752958E-02  -6.1260139940E-02
   17      1.4026411935E-02  -1.7355149517E-02   5.7394813817E-03  -1.0673505394E-01   3.6122310848E-02
   18     -1.2806788791E-03   2.8460106819E-03  -5.5087970539E-04   1.2454097423E-03  -9.9652920876E-03
   19      4.9199841759E-03  -4.2254745125E-03   6.8900821418E-04   1.8948576519E-03   6.5967413483E-03
   20     -2.3513034274E-03   1.9933820876E-03   5.5408982703E-04  -4.0011261536E-03  -2.7329901191E-02
   21     -1.9753436232E-04  -1.1990881088E-04   1.1271586651E-04  -2.7412436067E-05  -1.0412335083E-04
   22      4.3306455597E-05  -1.6982319981E-05  -2.5285696016E-06  -3.6410301818E-05   1.0408062322E-04
   23      1.2048830102E-04  -2.0636177178E-05  -3.4674941320E-05   3.3699705669E-04   1.6180470448E-04
   24      2.0303201501E-04   1.0577082189E-04  -1.1362750390E-04  -1.0748538302E-04   9.6051495312E-05
   25     -7.8392999211E-05  -1.6317493560E-05   4.3508691486E-05  -6.5070327569E-05  -2.6725637901E-06
   26     -4.4354923745E-05  -2.1891184562E-05   2.1758726855E-05   1.4161974970E-04   4.0887923889E-05
   27      1.5524315802E-03   2.9296584561E-03  -5.3435258436E-03   6.8954386488E-04   3.9692500758E-03
   28     -1.5400445259E-04   1.0186078325E-02  -2.3554458076E-02   1.6410854205E-03  -3.6200796202E-03
   29     -1.0934639066E-03   7.2743257693E-03  -1.3592017598E-02   1.8103943930E-04   4.9605801531E-04
   30      6.8397743501E-02   4.4970674499E-02   3.6496936312E-02  -9.3288390115E-04  -1.2142256728E-03
   31      4.4970674499E-02   2.3879489151E-01   1.4982404982E-01  -3.8027515004E-04   1.0643308018E-03
   32      3.6496936312E-02   1.4982404982E-01   1.7404805754E-01   7.2533356364E-04  -1.1690155852E-04
   33     -9.3288390115E-04  -3.8027515004E-04   7.2533356364E-04   8.0578199948E-02  -2.6294727835E-02
   34     -1.2142256728E-03   1.0643308018E-03  -1.1690155852E-04  -2.6294727835E-02   6.2284161092E-02
   35      5.0162330984E-04   2.7877636440E-04   5.8442013959E-04   1.2379875248E-01  -3.3333505194E-02
   36     -5.1002342482E-04  -2.3454821365E-04  -4.7637457440E-05  -5.6282389713E-03  -1.5990070013E-03
   37      9.4953838302E-04  -7.9430342812E-04   2.8052324290E-04  -1.7168843548E-03   7.7648859450E-04
   38      6.3363640729E-04  -9.3424095865E-04   3.6048917358E-04   2.6944109623E-03   1.0405426573E-03
   39      1.5994729207E-04   2.7008867720E-05  -4.0755755774E-05   8.0007673997E-03   7.3473193408E-04
   40     -9.9523612796E-05   5.9584876130E-06   2.5251137044E-04   1.4699661631E-03  -2.9835312306E-03
   41     -3.1270062151E-04  -6.3138105957E-05   2.8785071994E-04  -2.2415854903E-03  -3.0903960411E-03
                   35                 36                 37                 38                 39        
    0      6.2686223916E-05  -5.0788573725E-03  -1.8008915294E-03   3.3658421779E-03  -1.4926494450E-02
    1      2.2282338973E-04   3.5129525717E-03   1.1076597851E-03  -1.9430453005E-03   3.4680681013E-03
    2     -6.4776675922E-05  -5.6290619350E-04   4.4418868572E-04   4.5031698930E-04   8.3492377668E-03
    3      2.9685030831E-04   1.0613591631E-03   6.1594140892E-04  -2.6595731031E-04  -3.6558375343E-03
    4     -2.2562178689E-04  -1.0153465701E-03  -7.2325738551E-04   1.3340829577E-03  -8.0340140655E-03
    5     -2.5533793037E-06   1.5204249501E-04  -7.2903867800E-04  -1.0024534804E-03   4.6489074550E-03
    6      1.5360562870E-04  -4.6019495999E-04  -2.0960205436E-04  -2.6215749257E-04   6.6589540225E-04
    7     -7.2197323822E-05  -3.7405687941E-05   1.4000090505E-04   4.3073103336E-05  -2.9975863935E-04
    8      2.1112806219E-04   9.3400557930E-05  -2.2069975491E-04   4.1870998968E-04  -2.3578497150E-04
    9     -1.2101518435E-05   1.2074569114E-03   4.8306384782E-04  -1.5627838599E-03   3.1343735995E-03
   10      7.2060892347E-04  -6.2249932950E-04   9.5464268069E-04  -3.1900653032E-04   5.7511892728E-03
   11      3.1090678934E-04  -7.4878310404E-05   5.5815727040E-04  -1.8628086275E-04   9.3803829808E-04
   12      3.3489292982E-04   6.3250828084E-03  -1.7145664092E-03  -2.6247851554E-03  -1.0060711723E-02
   13     -1.6377438795E-03   1.5187500568E-03  -2.6822952256E-03  -4.2733136297E-03  -8.9958682626E-04
   14     -1.3651767702E-03  -4.8505125679E-03  -4.5665090376E-03  -3.2634132526E-04   3.1440512145E-03
   15     -1.1607187902E-01   9.1521896338E-03   1.3150018052E-02   8.4670318740E-03  -5.5578120066E-06
   16      3.2305555675E-02  -7.5868045605E-03  -1.6657542310E-02  -1.7063947516E-02  -6.8030570683E-03
   17     -2.9836727356E-01   1.0918497723E-03   9.1334958800E-03   8.0557804314E-03  -1.1426009672E-02
   18     -6.7274502682E-03  -8.4259587550E-02   1.0249069978E-01  -3.5803419440E-02  -5.4856630872E-02
   19      4.6211149031E-03   1.1024068680E-01  -2.9123447231E-01   6.2763676997E-02   2.1907181738E-02
   20     -1.4242289673E-02  -3.3148227641E-02   6.1436445984E-02  -7.4977463211E-02  -8.7398519716E-02
   21     -2.8962345585E-04   4.0082793257E-04   2.5603119637E-05  -2.8533496219E-05   1.2131065444E-04
   22     -1.4638582557E-04   4.0854649017E-04   1.2333097012E-04  -3.1961853005E-04   7.5652479981E-05
   23     -6.4642345873E-05   1.3323924757E-04  -1.9954174253E-04   1.4599741787E-04  -1.6034988892E-04
   24      1.2362462486E-04  -3.4426108350E-05   1.3474969571E-04  -3.3004859698E-04   6.3239165448E-04
   25      8.8697319273E-06  -2.4000934745E-05   4.7833051531E-05   5.7711417120E-05  -1.9073864731E-05
   26      6.5640048517E-05  -2.5242015139E-04  -2.2969716487E-06  -2.9115128237E-05  -2.8469405357E-04
   27     -1.1399056037E-03  -4.2243974833E-04  -2.1455377481E-04   2.1840969021E-04   1.3040831015E-03
   28      4.4975487016E-04   3.9184182020E-04   2.6061548773E-04  -5.4807657078E-04  -1.7743932801E-04
   29      8.7291671132E-04  -2.9941211389E-04  -6.3385846473E-05   2.1110409737E-04   5.7372482130E-04
   30      5.0162330984E-04  -5.1002342482E-04   9.4953838302E-04   6.3363640729E-04   1.5994729207E-04
   31      2.7877636440E-04  -2.3454821365E-04  -7.9430342812E-04  -9.3424095865E-04   2.7008867720E-05
   32      5.8442013959E-04  -4.7637457440E-05   2.8052324290E-04   3.6048917358E-04  -4.0755755774E-05
   33      1.2379875248E-01  -5.6282389713E-03  -1.7168843548E-03   2.6944109623E-03   8.0007673997E-03
   34     -3.3333505194E-02  -1.5990070013E-03   7.7648859450E-04   1.0405426573E-03   7.3473193408E-04
   35      3.1148908343E-01   2.7931363784E-03   5.7589545886E-04   5.6048354264E-05  -3.8276648413E-03
   36      2.7931363784E-03   7.8848989482E-02  -1.1221777210E-01   3.5651989673E-02  -6.0213779602E-04
   37      5.7589545886E-04  -1.1221777210E-01   3.0844851424E-01  -6.4558682814E-02   2.5155242467E-05
   38      5.6048354264E-05   3.5651989673E-02  -6.4558682814E-02   6.8407572701E-02  -1.0158049429E-02
   39     -3.8276648413E-03  -6.0213779602E-04   2.5155242467E-05  -1.0158049429E-02   7.0088601083E-02
   40     -3.7609457469E-03   7.2641073448E-03   2.3278494948E-04   2.4726096610E-02  -1.5751601034E-02
   41      5.1656886949E-04  -6.7524969300E-04  -2.0938035700E-03  -1.5843651469E-03   9.5885146727E-02
                   40                 41        
     0     -1.2243800289E-03   4.9055526092E-03
     1      4.1018392947E-04  -7.0029429513E-04
     2      1.7034730887E-03  -2.0920798856E-03
     3      2.7112787434E-03  -1.2865053523E-03
     4     -1.5540957769E-04   3.0289729038E-03
     5     -2.0275645319E-03   1.9804125149E-04
     6     -5.0294117222E-04   8.8342888733E-04
     7     -2.5067665532E-06  -7.1646417532E-04
     8     -1.6011742425E-04   9.9804722403E-04
     9      1.4689482372E-04  -3.7789146568E-04
    10      3.1809864534E-04  -1.8358706351E-03
    11      3.0533411273E-04  -4.8945710045E-04
    12     -2.2954011791E-03   2.6296825827E-03
    13      1.7843845505E-03   1.1541480846E-03
    14     -8.3468819609E-05   2.6085107361E-04
    15     -9.0989496965E-03  -5.4815240944E-03
    16      6.5569288345E-03   7.1338695258E-03
    17     -2.6332772634E-02  -1.1315949095E-02
    18      1.7579541630E-02  -9.4200651109E-02
    19     -6.4555950765E-02   3.0815011848E-02
    20      3.7796341530E-02  -3.2508532673E-01
    21      4.3727421369E-05  -2.3866377095E-04
    22     -2.3234303608E-04  -6.1315229911E-05
    23     -9.8696176413E-05   1.8293250422E-04
    24     -2.9958565664E-04   1.5191553505E-05
    25     -1.0974114200E-04   1.1058592452E-04
    26      1.4030725091E-04   1.5120586750E-04
    27      5.2409443253E-05   4.8849128358E-04
    28     -3.4799338327E-04  -5.7825460055E-04
    29      6.0920240920E-04  -3.2071091291E-05
    30     -9.9523612796E-05  -3.1270062151E-04
    31      5.9584876130E-06  -6.3138105957E-05
    32      2.5251137044E-04   2.8785071994E-04
    33      1.4699661631E-03  -2.2415854903E-03
    34     -2.9835312306E-03  -3.0903960411E-03
    35     -3.7609457469E-03   5.1656886949E-04
    36      7.2641073448E-03  -6.7524969300E-04
    37      2.3278494948E-04  -2.0938035700E-03
    38      2.4726096610E-02  -1.5843651469E-03
    39     -1.5751601034E-02   9.5885146727E-02
    40      5.9079136504E-02  -3.3086376336E-02
    41     -3.3086376336E-02   3.3800375154E-01

$vibrational_frequencies
42
    0        0.0000000000000000
    1        0.0000000000000000
    2        0.0000000000000000
    3        0.0000000000000000
    4        0.0000000000000000
    5        0.0000000000000000
    6     -223.8499691215387486
    7       79.2985802601859433
    8      159.8730326332545530
    9      341.2668111139847724
   10      350.4518787354318192
   11      365.9045303126212616
   12      402.8306546698211150
   13      513.8075417014508730
   14      590.3180939683338693
   15      636.2254571153287088
   16      715.4634697443098048
   17      788.1798677205117656
   18      845.6115599263225704
   19      926.1838923814411828
   20      950.4385300031727866
   21     1016.9185739803704109
   22     1032.9582856960498702
   23     1050.8224293604444028
   24     1086.7742646167771454
   25     1183.8392146936571407
   26     1205.7820796724870434
   27     1271.1351567692267963
   28     1322.7390550762338535
   29     1367.1464312397283720
   30     1448.3694187367493669
   31     1477.7982814019067064
   32     1540.5105851510018056
   33     1648.5026360653137090
   34     1707.8392687782563826
   35     3164.5909462019380953
   36     3202.5231197958219127
   37     3241.0874671144906642
   38     3242.0575034869802948
   39     3264.4725199454514950
   40     3298.9913850380025906
   41     3350.2886991497643976

$normal_modes
42 42
                    0                  1                  2                  3                  4        
    0      0.0000000000E+00   0.0000000000E+00   0.0000000000E+00   0.0000000000E+00   0.0000000000E+00
    1      0.0000000000E+00   0.0000000000E+00   0.0000000000E+00   0.0000000000E+00   0.0000000000E+00
    2      0.0000000000E+00   0.0000000000E+00   0.0000000000E+00   0.0000000000E+00   0.0000000000E+00
    3      0.0000000000E+00   0.0000000000E+00   0.0000000000E+00   0.0000000000E+00   0.0000000000E+00
    4      0.0000000000E+00   0.0000000000E+00   0.0000000000E+00   0.0000000000E+00   0.0000000000E+00
