
$orca_hessian_file

$act_atom
  0

$act_coord
  0

$act_energy
        0.000000

$multiplicity
  1

$hessian
42
                    0                  1                  2                  3                  4        
    0      1.2517837975E-01  -6.0586138798E-03   1.8626043010E-01  -6.3494993763E-02   1.4750667849E-02
    1     -6.0586138798E-03   7.7828260491E-01   4.7684810437E-03   8.4031413067E-02  -3.7573352494E-01
    2      1.8626043010E-01   4.7684810437E-03   6.3286231180E-01  -3.4893453900E-02   8.6453549124E-02
    3     -6.3494993763E-02   8.4031413067E-02  -3.4893453900E-02   2.5423396023E-01   1.5085919139E-02
    4      1.4750667849E-02  -3.7573352494E-01   8.6453549124E-02   1.5085919139E-02   7.9268140414E-01
    5     -5.2234480737E-02   8.7492847164E-02  -1.0068354490E-01   1.0826059732E-01   6.0886986194E-02
    6     -2.1973051767E-03   3.8173548885E-03  -1.4706007365E-02  -2.9326996232E-02   1.3886381565E-02
    7      9.9587713008E-03  -3.9390860768E-03   2.4254717800E-02   6.1113959091E-03  -3.7014695430E-02
    8     -1.1255791640E-02   5.3043412222E-03  -2.5272618700E-02  -1.6640131650E-02   3.9561815806E-02
    9      5.6273506694E-02  -2.7996001631E-02  -2.1755364106E-03  -9.3984379110E-02  -2.7348693074E-02
   10      4.0523990129E-02  -8.8713801165E-02  -3.7062456318E-02  -6.7899987823E-02  -3.3425379818E-01
   11      2.1371850026E-02  -2.5351171008E-02   1.0194926452E-02  -4.8537395674E-02  -1.8017743888E-01
   12     -6.5023899102E-02   4.1919147459E-02   3.4443761135E-03  -3.1692184695E-02  -1.4058550885E-01
   13      1.6383765658E-02  -6.8900277564E-03  -1.9339469499E-03  -1.5918127131E-02   8.8140925282E-03
   14     -1.9623228739E-03   2.2358851453E-04  -1.0822765948E-03  -1.0194870059E-02  -4.0343647366E-03
   15     -5.4151211694E-03  -5.6603785608E-03  -3.9202038941E-03  -1.4766014229E-02   1.2721886184E-02
   16     -7.3522003751E-02   2.6620863875E-02   1.7552821972E-03  -6.6042872234E-03  -9.0539026028E-02
   17     -1.7750108955E-02   1.0502582649E-02   2.7265021007E-03  -2.5720834098E-03  -2.2018742947E-02
   18      6.8569045086E-02  -2.5126781217E-02  -4.6693241010E-03  -2.0729068829E-02   8.6483415388E-02
   19      4.9189157219E-02  -3.2034541070E-02  -2.5729943065E-03  -5.7742297110E-03   5.2575393393E-02
   20      8.5723373852E-03  -5.9940275638E-03  -1.9110905263E-02   9.3666192488E-04   1.5424295143E-02
   21     -3.6373709512E-02   8.5189314375E-03  -6.8762873241E-02  -6.6331054064E-04   1.4333529782E-02
   22      1.5188074215E-02  -7.1081217831E-02   5.7414453736E-02   4.5725426433E-03  -3.3698396201E-03
   23     -7.6782206409E-02   6.5094847361E-02  -3.3413274617E-01  -1.1226092292E-03  -5.7583420042E-03
   24     -6.0284936977E-02  -7.8387477534E-02  -6.7151819546E-02   1.1786808131E-03   1.3886743995E-02
   25     -6.4577072627E-02  -2.2788866812E-01  -1.3456457874E-01  -1.3978439604E-02  -1.3944571505E-02
   26     -6.3882256997E-02  -1.3909760895E-01  -1.6410597420E-01   4.4793771572E-03   5.4320236295E-03
   27      4.2208976690E-03  -3.7409704078E-03  -1.0476016689E-03   2.3196494511E-03   1.0094925508E-02
   28      1.1049808185E-03  -1.0011738958E-03  -2.8634390973E-04  -7.4678385218E-04   2.7441891602E-03
   29     -5.1824318779E-04   3.3833744084E-04  -3.4478845537E-05  -6.2851975813E-04  -1.3937076501E-03
   30      2.8166410690E-04  -5.0439173731E-04  -5.2878181291E-04  -3.4083086420E-03   4.2610278734E-04
   31      5.7569775899E-04   6.4790575704E-05  -1.9024327648E-04  -1.0803034042E-03   6.3143609208E-04
   32     -4.5129199227E-04   4.5502083981E-04   2.8873755710E-04   1.1047084280E-03  -3.2724580015E-04
   33      9.7300611557E-04  -3.5093792013E-04  -4.2175032971E-04   8.6134627580E-04   1.1869364946E-03
   34      9.7648070338E-05   3.0759407305E-04   1.0644886812E-04  -3.2106520687E-05  -5.6627023714E-04
   35     -2.2570724890E-04   3.0447712985E-04  -7.4648665573E-06   1.5007570169E-04  -5.9391204911E-04
   36     -9.6013429436E-03   6.7756002059E-03  -6.2812793599E-04   1.3715718623E-03  -4.5125359809E-03
   37     -2.8320957669E-03   2.1233666159E-03   2.2838549333E-04   4.4667480654E-04  -1.6257393123E-03
   38      5.3139409755E-03  -3.4080279139E-03   3.2029980182E-04   3.8185639851E-05   3.4417499848E-03
   39     -1.3105190774E-02   2.7544690181E-03   9.2074224831E-03  -1.8999525950E-03  -1.0422934707E-02
   40     -7.7433018234E-04  -1.1717919766E-04   1.6358844555E-03   1.7994836242E-03  -3.9905005570E-04
   41      3.5371030679E-03  -6.4032713959E-04  -1.9627681619E-03  -3.6755088160E-04   3.1167508634E-03
                    5                  6                  7                  8                  9        
    0     -5.2234480737E-02  -2.1973051767E-03   9.9587713008E-03  -1.1255791640E-02   5.6273506694E-02
    1      8.7492847164E-02   3.8173548885E-03  -3.9390860768E-03   5.3043412222E-03  -2.7996001631E-02
    2     -1.0068354490E-01  -1.4706007365E-02   2.4254717800E-02  -2.5272618700E-02  -2.1755364106E-03
    3      1.0826059732E-01  -2.9326996232E-02   6.1113959091E-03  -1.6640131650E-02  -9.3984379110E-02
    4      6.0886986194E-02   1.3886381565E-02  -3.7014695430E-02   3.9561815806E-02  -2.7348693074E-02
    5      3.3904520165E-01  -8.8779912792E-03   1.3182636434E-02  -5.4002988091E-02  -3.2889369257E-02
    6     -8.8779912792E-03   3.1421271610E-02  -9.5590414819E-03   5.1131963482E-02  -5.7114811706E-03
    7      1.3182636434E-02  -9.5590414819E-03   3.5877654633E-02  -2.0965953240E-02  -9.6570483881E-03
    8     -5.4002988091E-02   5.1131963482E-02  -2.0965953240E-02   1.2919834013E-01  -2.5413383458E-02
    9     -3.2889369257E-02  -5.7114811706E-03  -9.6570483881E-03  -2.5413383458E-02   7.4662043744E-02
   10     -1.6171161006E-01  -1.3265389233E-02   6.8560241423E-03  -2.9922397039E-02   3.6088267748E-02
   11     -1.8552162703E-01  -2.3817034936E-02  -1.8995767490E-02  -4.9580496916E-02   3.8111235954E-02
   12     -5.0870841880E-02   3.9602777061E-03   2.5298000509E-03   6.1628793410E-03   9.9425643616E-02
   13      4.7988538052E-03   1.0320684788E-05  -5.8026764828E-04   2.7583215689E-03  -1.4286385661E-02
   14      4.8748030979E-03  -1.2623218166E-03  -6.1937948749E-04  -2.1033024035E-03   1.0250037677E-02
   15      5.8931861573E-03   8.1333066063E-04  -7.3717389989E-06  -2.6042419742E-03  -4.5114339949E-02
   16     -2.1580322449E-02   1.0723897386E-03   2.0536568705E-03  -1.5558979646E-03   8.7465378473E-02
   17     -3.8053857381E-03  -2.6275820707E-04   3.0827074844E-04   1.9379401065E-03   2.4420261688E-02
   18      1.6520195415E-02   1.1728826591E-03  -2.4313497495E-03   3.1392944468E-03  -5.1806585690E-02
   19      7.3062912345E-03   1.7821448076E-03  -1.4442206609E-03   2.0297010252E-03  -3.7513183816E-02
   20      4.7806292430E-03  -1.4987359586E-03   4.4768755040E-04  -2.4714481062E-03  -1.9550492078E-02
   21     -8.8393839032E-03   2.4883479027E-03   2.1245889811E-03  -3.1924075393E-03  -9.1228446559E-03
   22      2.7083035659E-02   1.9726050830E-03  -2.5179074996E-03   3.1600981903E-03   4.8766305855E-04
   23     -4.9349933361E-03  -1.1593606370E-03   9.5625195604E-04   1.1448821674E-03   3.3123012144E-03
   24      9.0061121904E-03  -1.5775225593E-03   5.2927856294E-04   9.5372437472E-04   4.5552170045E-03
   25     -2.0344742836E-02   4.3680851526E-04   5.5085634312E-04   4.9327694244E-04   2.5117375941E-03
   26      3.1807289710E-03   3.8254844734E-04   1.7344095442E-03  -1.0699375507E-03  -1.8958960443E-03
   27      8.0148573545E-03  -4.4214829474E-04   3.2037046628E-04  -1.1256187152E-03  -2.4451791170E-02
   28      3.7028463117E-03   1.8930238846E-04  -1.0474622772E-05  -4.0290821527E-04  -8.0929804391E-03
   29     -2.1585053140E-05   3.9097798511E-04   1.7328222605E-04   5.2062731002E-04   4.2756448723E-03
   30      2.4954487043E-03   2.1266594350E-05  -2.9562541387E-05   1.2998796351E-05  -1.0991776759E-02
   31      1.4961673013E-03   1.6834318140E-04   7.4321713925E-05   1.4281751813E-05  -2.8464106127E-03
   32     -1.4292222591E-03  -1.9560739384E-04  -1.0432666755E-04   2.8177440612E-04   4.3123738152E-03
   33     -4.9299039071E-04  -5.1922200705E-04   1.1909588898E-05  -5.8147060632E-05  -6.4034834567E-04
   34     -2.7830044222E-04  -1.1622792192E-04   8.4934919322E-05  -5.0384788262E-06   1.1000116424E-05
   35     -1.5434097056E-04   8.3347844070E-05  -4.1172602526E-05   1.9260346972E-04   3.8931466834E-04
   36      2.1356923537E-04  -6.3970298026E-04   1.3482296309E-04  -4.8421705826E-04   2.1057532942E-03
   37     -5.0641867569E-04  -1.7234177175E-04   1.0082804488E-04  -3.3455937613E-04   5.6415970727E-04
   38     -1.1805272210E-03  -4.1435084061E-04   1.1207902181E-05   5.3481546829E-04  -2.2455696707E-03
   39      3.7880994545E-03   5.3700128800E-04  -4.0223586287E-05  -6.1673030898E-04   4.8013824974E-03
   40     -1.5416863096E-03  -2.1899078131E-04  -9.1624728545E-05  -1.3589432171E-04   5.9431479452E-04
   41     -1.4714836338E-04   1.9513963807E-04  -3.4105254339E-04   6.8980870591E-04  -9.1384474691E-04
                   10                 11                 12                 13                 14        
    0      4.0523990129E-02   2.1371850026E-02  -6.5023899102E-02   1.6383765658E-02  -1.9623228739E-03
    1     -8.8713801165E-02  -2.5351171008E-02   4.1919147459E-02  -6.8900277564E-03   2.2358851453E-04
    2     -3.7062456318E-02   1.0194926452E-02   3.4443761135E-03  -1.9339469499E-03  -1.0822765948E-03
    3     -6.7899987823E-02  -4.8537395674E-02  -3.1692184695E-02  -1.5918127131E-02  -1.0194870059E-02
    4     -3.3425379818E-01  -1.8017743888E-01  -1.4058550885E-01   8.8140925282E-03  -4.0343647366E-03
    5     -1.6171161006E-01  -1.8552162703E-01  -5.0870841880E-02   4.7988538052E-03   4.8748030979E-03
    6     -1.3265389233E-02  -2.3817034936E-02   3.9602777061E-03   1.0320684788E-05  -1.2623218166E-03
    7      6.8560241423E-03  -1.8995767490E-02   2.5298000509E-03  -5.8026764828E-04  -6.1937948749E-04
    8     -2.9922397039E-02  -4.9580496916E-02   6.1628793410E-03   2.7583215689E-03  -2.1033024035E-03
    9      3.6088267748E-02   3.8111235954E-02   9.9425643616E-02  -1.4286385661E-02   1.0250037677E-02
   10      4.4144485240E-01   2.2955803481E-01   9.4469430531E-02  -4.2364583244E-02  -5.5568212062E-03
   11      2.2955803481E-01   2.4701248808E-01   3.6830024157E-02  -1.3051914619E-02  -3.2147087610E-02
   12      9.4469430531E-02   3.6830024157E-02   1.0305930812E-01  -1.0325061420E-01   1.1751796476E-01
   13     -4.2364583244E-02  -1.3051914619E-02  -1.0325061420E-01   7.1150348279E-01   3.5976386964E-02
   14     -5.5568212062E-03  -3.2147087610E-02   1.1751796476E-01   3.5976386964E-02   6.7082867722E-01
   15     -6.2390432464E-03  -2.9514180162E-03  -1.0301912495E-01   1.2479573313E-01  -4.2922700896E-02
   16      6.3019004756E-02   2.0264782011E-02   4.2515363307E-02  -3.0509636952E-01   4.3924433720E-02
   17      8.5316311307E-03   5.7110935890E-03  -6.2475170359E-02   5.4811781423E-02  -1.2292057783E-01
   18     -5.0526832708E-02  -1.9851220978E-02   6.6264111073E-02  -6.4240988770E-03   1.2212687585E-02
   19     -3.6918046522E-02  -1.3267872173E-02   4.6715092409E-02  -5.1548314017E-02  -2.2687006504E-02
   20     -1.2283235341E-02  -3.1005001311E-03   2.5110005334E-02  -7.6466997744E-03   9.5197595690E-03
   21     -7.6142338071E-03  -1.2740191489E-03   7.2984846862E-03  -2.4638381444E-03   2.0203584948E-04
   22      2.5098444575E-03  -1.6787040035E-03  -3.5917018234E-04  -2.0818404380E-04   2.9635950358E-04
   23      7.1860931454E-04   1.5409771264E-03  -2.4190850818E-03   1.1619137877E-03   2.9150452885E-05
   24     -3.0965375944E-04  -4.1107723698E-03   1.1739482039E-03   6.6995665255E-04  -8.0893189559E-04
   25     -5.8235215738E-03   1.4874745345E-03   7.7103832284E-04   4.3849158214E-04  -2.1540573606E-04
   26      3.6748282907E-03   3.6431301375E-03  -1.3853306866E-03   4.8223735705E-05   3.1582284718E-04
   27     -1.6734704231E-02   1.3457215035E-02  -3.2435370462E-02   1.1943128120E-02  -4.7523613284E-02
   28     -4.4896319253E-03   3.3114104268E-03   2.2246827503E-02  -8.5853622140E-02   7.7882184849E-02
   29      1.6479366923E-03  -8.9133054660E-04  -4.8180562170E-02   8.1795760471E-02  -3.2748868539E-01
   30     -1.6099630591E-02  -1.1208883622E-02  -4.0615984986E-02  -1.5787386601E-02  -2.0254556073E-02
   31     -3.7351003590E-03  -2.8741929650E-03  -1.2055954951E-02  -2.2283724542E-01  -1.5021231152E-01
   32      5.6832457528E-03   3.9401141552E-03  -2.4977369241E-02  -1.5443579970E-01  -1.9781446295E-01
   33     -1.2724328432E-03  -5.7576009895E-05  -3.0314812074E-04   2.7925131235E-03  -1.3184306331E-02
   34      3.7491453160E-04  -3.6408939721E-04   8.8835512656E-03  -4.4201138250E-03   2.9899454511E-02
   35      5.8604118996E-04   4.0052237120E-04  -4.6319853309E-04  -1.1132709067E-03  -1.7631144178E-03
   36      2.6001882902E-03   9.1838426457E-04   3.0072528451E-03   5.7422276048E-05  -4.1744564087E-03
   37      1.5837290845E-03   8.1979739217E-04  -1.5135732033E-03  -2.8632771810E-03  -4.6724318600E-03
   38     -2.1059865114E-03  -6.2787172691E-04  -6.1689704671E-04  -3.8821321266E-03  -1.2058677486E-03
   39      6.2982136730E-03   1.1325330956E-03  -1.1099313933E-02   1.4872850131E-03   2.1102411089E-03
   40      5.1011360049E-04   3.2849632569E-04  -2.2951034935E-03   1.9059378925E-03  -2.0090244702E-04
   41     -1.7666656643E-03  -5.7433794658E-04   2.3183179419E-03   7.0873776321E-04   9.5716176164E-04
                   15                 16                 17                 18                 19        
    0     -5.4151211694E-03  -7.3522003751E-02  -1.7750108955E-02   6.8569045086E-02   4.9189157219E-02
    1     -5.6603785608E-03   2.6620863875E-02   1.0502582649E-02  -2.5126781217E-02  -3.2034541070E-02
    2     -3.9202038941E-03   1.7552821972E-03   2.7265021007E-03  -4.6693241010E-03  -2.5729943065E-03
    3     -1.4766014229E-02  -6.6042872234E-03  -2.5720834098E-03  -2.0729068829E-02  -5.7742297110E-03
    4      1.2721886184E-02  -9.0539026028E-02  -2.2018742947E-02   8.6483415388E-02   5.2575393393E-02
    5      5.8931861573E-03  -2.1580322449E-02  -3.8053857381E-03   1.6520195415E-02   7.3062912345E-03
    6      8.1333066063E-04   1.0723897386E-03  -2.6275820707E-04   1.1728826591E-03   1.7821448076E-03
    7     -7.3717389989E-06   2.0536568705E-03   3.0827074844E-04  -2.4313497495E-03  -1.4442206609E-03
    8     -2.6042419742E-03  -1.5558979646E-03   1.9379401065E-03   3.1392944468E-03   2.0297010252E-03
    9     -4.5114339949E-02   8.7465378473E-02   2.4420261688E-02  -5.1806585690E-02  -3.7513183816E-02
   10     -6.2390432464E-03   6.3019004756E-02   8.5316311307E-03  -5.0526832708E-02  -3.6918046522E-02
   11     -2.9514180162E-03   2.0264782011E-02   5.7110935890E-03  -1.9851220978E-02  -1.3267872173E-02
   12     -1.0301912495E-01   4.2515363307E-02  -6.2475170359E-02   6.6264111073E-02   4.6715092409E-02
   13      1.2479573313E-01  -3.0509636952E-01   5.4811781423E-02  -6.4240988770E-03  -5.1548314017E-02
   14     -4.2922700896E-02   4.3924433720E-02  -1.2292057783E-01   1.2212687585E-02  -2.2687006504E-02
   15      2.9764795133E-01  -1.1561672121E-01   2.0380885442E-01  -7.2209433721E-02  -3.7482037556E-02
   16     -1.1561672121E-01   6.6152413540E-01   6.8025158275E-02   2.3721956979E-02  -2.6974009889E-01
   17      2.0380885442E-01   6.8025158275E-02   6.6594680250E-01  -4.4248061793E-02  -1.6164416123E-01
   18     -7.2209433721E-02   2.3721956979E-02  -4.4248061793E-02   1.4930924247E-01  -1.3719560646E-01
   19     -3.7482037556E-02  -2.6974009889E-01  -1.6164416123E-01  -1.3719560646E-01   7.0694966891E-01
   20     -5.8598118357E-02  -1.5124020720E-01  -2.4604934180E-01   1.4697063524E-01   7.8432973277E-02
   21     -4.2725478701E-04   6.8977222912E-03   3.2878819812E-03  -1.0162843274E-02  -8.1997530595E-03
   22     -7.5195768975E-04  -3.7822421495E-04   8.2025218275E-04  -1.0038962514E-03  -6.0570787965E-04
   23     -8.5668552938E-04  -2.9265529519E-03   7.4655742894E-04   1.6180293826E-03   1.5519951714E-03
   24     -1.7160761743E-03   4.0725484652E-04   1.4317911963E-03  -2.3952865641E-03  -5.1516523621E-03
   25     -4.8474380943E-04  -3.1929664138E-05   3.7518606406E-04   3.6585715731E-04  -3.7598378625E-05
   26      5.6077463409E-04  -7.0289814126E-04  -6.9005357735E-04   1.8304230799E-03   2.5760725581E-03
   27     -1.6375232930E-03   1.4302077200E-02  -1.5497340611E-02  -7.5980392017E-03  -5.6459255388E-03
   28      3.3467315287E-03  -3.4417658437E-05   2.6830033070E-02  -1.7567918467E-03   3.7986658392E-04
   29     -9.0548211572E-04  -1.8005898294E-03  -6.1133846931E-04   1.0367352093E-03  -2.3954544368E-04
   30      8.0234381755E-03   1.4244060288E-02   1.2746535090E-02   1.3020016661E-03   4.5567357039E-03
   31     -5.1221559964E-03  -1.2036970642E-02  -1.8762082085E-02   3.5612200335E-03  -4.1274907679E-03
   32      6.2137303849E-04   6.7795897569E-03   7.2649603082E-03  -7.9057458171E-04   9.6643774725E-04
   33     -7.1928784096E-02   2.3758920834E-02  -9.2049924942E-02   4.2061900585E-04   8.5495469550E-04
   34      2.5410165664E-02  -6.7514218440E-02   4.8936363289E-02  -8.4915471897E-03   7.1985485446E-03
   35     -1.0190430566E-01   4.6858198806E-02  -3.0610588771E-01  -5.1254061872E-03   6.0070840414E-03
   36      8.9211229218E-03  -1.0979276243E-02   1.2343769695E-03  -7.7657757467E-02   1.1078097803E-01
   37      1.1173548859E-02  -1.5843207306E-02   8.9718719453E-03   1.0132214270E-01  -3.0219711274E-01
   38      8.4357068049E-03  -1.5918848126E-02   8.3090187389E-03  -3.2862555682E-02   5.6786527559E-02
   39      8.2782928385E-04  -7.6703189598E-03  -1.2082558072E-02  -4.4478887210E-02   2.3087192241E-02
   40     -6.0761721317E-03   7.9968014590E-03  -2.5708301583E-02   1.7498445442E-02  -6.8450346506E-02
   41     -4.6484336088E-03   8.1380289674E-03  -1.2460289646E-02  -7.5783870773E-02   4.4761169764E-02
                   20                 21                 22                 23                 24        
    0      8.5723373852E-03  -3.6373709512E-02   1.5188074215E-02  -7.6782206409E-02  -6.0284936977E-02
    1     -5.9940275638E-03   8.5189314375E-03  -7.1081217831E-02   6.5094847361E-02  -7.8387477534E-02
    2     -1.9110905263E-02  -6.8762873241E-02   5.7414453736E-02  -3.3413274617E-01  -6.7151819546E-02
    3      9.3666192488E-04  -6.6331054064E-04   4.5725426433E-03  -1.1226092292E-03   1.1786808131E-03
    4      1.5424295143E-02   1.4333529782E-02  -3.3698396201E-03  -5.7583420042E-03   1.3886743995E-02
    5      4.7806292430E-03  -8.8393839032E-03   2.7083035659E-02  -4.9349933361E-03   9.0061121904E-03
    6     -1.4987359586E-03   2.4883479027E-03   1.9726050830E-03  -1.1593606370E-03  -1.5775225593E-03
    7      4.4768755040E-04   2.1245889811E-03  -2.5179074996E-03   9.5625195604E-04   5.2927856294E-04
    8     -2.4714481062E-03  -3.1924075393E-03   3.1600981903E-03   1.1448821674E-03   9.5372437472E-04
    9     -1.9550492078E-02  -9.1228446559E-03   4.8766305855E-04   3.3123012144E-03   4.5552170045E-03
   10     -1.2283235341E-02  -7.6142338071E-03   2.5098444575E-03   7.1860931454E-04  -3.0965375944E-04
   11     -3.1005001311E-03  -1.2740191489E-03  -1.6787040035E-03   1.5409771264E-03  -4.1107723698E-03
   12      2.5110005334E-02   7.2984846862E-03  -3.5917018234E-04  -2.4190850818E-03   1.1739482039E-03
   13     -7.6466997744E-03  -2.4638381444E-03  -2.0818404380E-04   1.1619137877E-03   6.6995665255E-04
   14      9.5197595690E-03   2.0203584948E-04   2.9635950358E-04   2.9150452885E-05  -8.0893189559E-04
   15     -5.8598118357E-02  -4.2725478701E-04  -7.5195768975E-04  -8.5668552938E-04  -1.7160761743E-03
   16     -1.5124020720E-01   6.8977222912E-03  -3.7822421495E-04  -2.9265529519E-03   4.0725484652E-04
   17     -2.4604934180E-01   3.2878819812E-03   8.2025218275E-04   7.4655742894E-04   1.4317911963E-03
   18      1.4697063524E-01  -1.0162843274E-02  -1.0038962514E-03   1.6180293826E-03  -2.3952865641E-03
   19      7.8432973277E-02  -8.1997530595E-03  -6.0570787965E-04   1.5519951714E-03  -5.1516523621E-03
   20      6.7364569070E-01   7.2096167211E-03   7.3978446566E-04  -1.5356907581E-03  -4.2787478937E-03
   21      7.2096167211E-03   4.8664815011E-02  -1.6458644603E-02   7.7999935832E-02  -5.8204074007E-04
   22      7.3978446566E-04  -1.6458644603E-02   6.6723689939E-02  -6.7007594882E-02  -3.8899818133E-03
   23     -1.5356907581E-03   7.7999935832E-02  -6.7007594882E-02   3.4544966670E-01  -1.2868677592E-03
   24     -4.2787478937E-03  -5.8204074007E-04  -3.8899818133E-03  -1.2868677592E-03   5.8567303255E-02
   25     -3.8562502944E-04   3.2636969308E-03   8.9232418364E-03   6.3840499792E-03   7.1976062088E-02
   26      1.7550368976E-03  -6.3002481149E-03  -2.0395771703E-02  -8.4682653198E-03   6.6734826464E-02
   27     -7.5773123685E-04  -7.9995663553E-04   3.6073576185E-05   1.9268166861E-04   7.6447200241E-05
   28      5.1592581782E-04  -1.6258215907E-04   3.5865925340E-05   1.9970168508E-05   5.2467576467E-05
   29      1.3123419092E-03   1.2127723198E-05  -2.5781105959E-05  -5.0411107582E-05  -3.0795173667E-05
   30     -3.1279561580E-03  -1.5352909897E-04   3.2780213458E-05   7.9555541335E-05  -1.0236697043E-05
   31      1.2699683508E-03  -1.0430420886E-04  -1.8863788218E-05  -1.0444919285E-05   6.2093549923E-05
   32      8.2068141197E-04   1.1727966751E-04  -9.1118735887E-06  -2.4502852381E-05  -4.0538482464E-05
   33     -4.3906188060E-03  -1.6016477981E-04  -1.1878958875E-04   2.6827971214E-04  -8.6806379053E-05
   34     -2.7069191958E-02  -2.2039587972E-04   5.6403656821E-05   1.3187785234E-04   1.2872156407E-04
   35     -1.5438657117E-02  -2.8593842726E-04  -1.0753184898E-04   3.2291605940E-05   1.0538572989E-04
   36     -2.8828261001E-02   8.7974011470E-04   2.9802889553E-04   4.7754401882E-05   3.0584362887E-04
   37      5.6633227369E-02   2.6631799134E-04   9.9756879112E-05  -2.1578791545E-04   2.8166410264E-04
   38     -7.1976470949E-02  -2.0718596764E-04  -2.9500312395E-04   1.1531148052E-04  -5.5661568483E-04
   39     -6.7765581373E-02  -8.8573369056E-04  -5.0942081695E-07   9.8029242732E-05   7.9546598470E-04
   40      5.1148452176E-02  -1.8585368760E-04  -1.6885781725E-04  -9.8231251403E-05  -2.5160688490E-04
   41     -3.3215112560E-01   4.3426217855E-05   2.9531366424E-06   8.7772582625E-05   3.8855024835E-05
                   25                 26                 27                 28                 29        
    0     -6.4577072627E-02  -6.3882256997E-02   4.2208976690E-03   1.1049808185E-03  -5.1824318779E-04
    1     -2.2788866812E-01  -1.3909760895E-01  -3.7409704078E-03  -1.0011738958E-03   3.3833744084E-04
    2     -1.3456457874E-01  -1.6410597420E-01  -1.0476016689E-03  -2.8634390973E-04  -3.4478845537E-05
    3     -1.3978439604E-02   4.4793771572E-03   2.3196494511E-03  -7.4678385218E-04  -6.2851975813E-04
    4     -1.3944571505E-02   5.4320236295E-03   1.0094925508E-02   2.7441891602E-03  -1.3937076501E-03
    5     -2.0344742836E-02   3.1807289710E-03   8.0148573545E-03   3.7028463117E-03  -2.1585053140E-05
    6      4.3680851526E-04   3.8254844734E-04  -4.4214829474E-04   1.8930238846E-04   3.9097798511E-04
    7      5.5085634312E-04   1.7344095442E-03   3.2037046628E-04  -1.0474622772E-05   1.7328222605E-04
    8      4.9327694244E-04  -1.0699375507E-03  -1.1256187152E-03  -4.0290821527E-04   5.2062731002E-04
    9      2.5117375941E-03  -1.8958960443E-03  -2.4451791170E-02  -8.0929804391E-03   4.2756448723E-03
   10     -5.8235215738E-03   3.6748282907E-03  -1.6734704231E-02  -4.4896319253E-03   1.6479366923E-03
   11      1.4874745345E-03   3.6431301375E-03   1.3457215035E-02   3.3114104268E-03  -8.9133054660E-04
   12      7.7103832284E-04  -1.3853306866E-03  -3.2435370462E-02   2.2246827503E-02  -4.8180562170E-02
   13      4.3849158214E-04   4.8223735705E-05   1.1943128120E-02  -8.5853622140E-02   8.1795760471E-02
   14     -2.1540573606E-04   3.1582284718E-04  -4.7523613284E-02   7.7882184849E-02  -3.2748868539E-01
   15     -4.8474380943E-04   5.6077463409E-04  -1.6375232930E-03   3.3467315287E-03  -9.0548211572E-04
   16     -3.1929664138E-05  -7.0289814126E-04   1.4302077200E-02  -3.4417658437E-05  -1.8005898294E-03
   17      3.7518606406E-04  -6.9005357735E-04  -1.5497340611E-02   2.6830033070E-02  -6.1133846931E-04
   18      3.6585715731E-04   1.8304230799E-03  -7.5980392017E-03  -1.7567918467E-03   1.0367352093E-03
   19     -3.7598378625E-05   2.5760725581E-03  -5.6459255388E-03   3.7986658392E-04  -2.3954544368E-04
   20     -3.8562502944E-04   1.7550368976E-03  -7.5773123685E-04   5.1592581782E-04   1.3123419092E-03
   21      3.2636969308E-03  -6.3002481149E-03  -7.9995663553E-04  -1.6258215907E-04   1.2127723198E-05
   22      8.9232418364E-03  -2.0395771703E-02   3.6073576185E-05   3.5865925340E-05  -2.5781105959E-05
   23      6.3840499792E-03  -8.4682653198E-03   1.9268166861E-04   1.9970168508E-05  -5.0411107582E-05
   24      7.1976062088E-02   6.6734826464E-02   7.6447200241E-05   5.2467576467E-05  -3.0795173667E-05
   25      2.3790436185E-01   1.4664986437E-01  -5.9282286602E-05  -2.0208053412E-05  -3.6076840965E-05
   26      1.4664986437E-01   1.6516950405E-01   9.8103977850E-05   2.1438763508E-05  -1.2008833191E-05
   27     -5.9282286602E-05   9.8103977850E-05   5.3407408675E-02  -1.6978049038E-02   4.7675377213E-02
   28     -2.0208053412E-05   2.1438763508E-05  -1.6978049038E-02   8.1735749042E-02  -8.8784271530E-02
   29     -3.6076840965E-05  -1.2008833191E-05   4.7675377213E-02  -8.8784271530E-02   3.3771911508E-01
   30      7.1610259207E-06   9.0456353744E-06   2.3484145934E-03  -2.2106064023E-03  -2.9530889141E-03
   31     -4.2548822688E-06   8.7865336886E-08   2.1279075330E-03   1.0238006322E-02   7.8903139534E-03
   32      2.3148790471E-05  -9.4802062694E-06  -2.3412646185E-03  -2.1761199773E-02  -1.1926035520E-02
   33     -4.3345325792E-05   1.5310388180E-04   3.6122771838E-03   2.5403898722E-03  -4.1636404172E-04
   34     -2.0167690177E-05   2.1848306976E-06   4.4037238151E-03  -3.5606710540E-03  -1.5749944233E-05
   35     -1.3270703946E-05   7.2243005289E-05  -1.7177295996E-03   5.2311190222E-05   1.2833630116E-03
   36     -5.5951887777E-05  -4.2685154726E-04  -1.0567155179E-04   3.3461611741E-04  -3.0333793032E-04
   37      7.1670726043E-05  -8.4933784101E-05  -1.1529770685E-04   2.3141126333E-04  -9.0735259035E-05
   38      6.1074532571E-05   1.2762687736E-04  -2.2324839939E-06  -5.1501419886E-04   1.8242445673E-04
   39     -1.3739667853E-04  -3.6322606273E-04   1.4854058361E-03   1.3533905106E-04   5.4439917315E-04
   40     -1.1770247237E-04   1.3666826136E-04   4.3161873344E-05  -3.9488894733E-04   5.3451416317E-04
   41      9.1035399680E-05   9.1626909385E-05   5.7602808507E-04  -5.8007031464E-04   1.8001994521E-05
                   30                 31                 32                 33                 34        
    0      2.8166410690E-04   5.7569775899E-04  -4.5129199227E-04   9.7300611557E-04   9.7648070338E-05
    1     -5.0439173731E-04   6.4790575704E-05   4.5502083981E-04  -3.5093792013E-04   3.0759407305E-04
    2     -5.2878181291E-04  -1.9024327648E-04   2.8873755710E-04  -4.2175032971E-04   1.0644886812E-04
    3     -3.4083086420E-03  -1.0803034042E-03   1.1047084280E-03   8.6134627580E-04  -3.2106520687E-05
    4      4.2610278734E-04   6.3143609208E-04  -3.2724580015E-04   1.1869364946E-03  -5.6627023714E-04
    5      2.4954487043E-03   1.4961673013E-03  -1.4292222591E-03  -4.9299039071E-04  -2.7830044222E-04
    6      2.1266594350E-05   1.6834318140E-04  -1.9560739384E-04  -5.1922200705E-04  -1.1622792192E-04
    7     -2.9562541387E-05   7.4321713925E-05  -1.0432666755E-04   1.1909588898E-05   8.4934919322E-05
    8      1.2998796351E-05   1.4281751813E-05   2.8177440612E-04  -5.8147060632E-05  -5.0384788262E-06
    9     -1.0991776759E-02  -2.8464106127E-03   4.3123738152E-03  -6.4034834567E-04   1.1000116424E-05
   10     -1.6099630591E-02  -3.7351003590E-03   5.6832457528E-03  -1.2724328432E-03   3.7491453160E-04
   11     -1.1208883622E-02  -2.8741929650E-03   3.9401141552E-03  -5.7576009895E-05  -3.6408939721E-04
   12     -4.0615984986E-02  -1.2055954951E-02  -2.4977369241E-02  -3.0314812074E-04   8.8835512656E-03
   13     -1.5787386601E-02  -2.2283724542E-01  -1.5443579970E-01   2.7925131235E-03  -4.4201138250E-03
   14     -2.0254556073E-02  -1.5021231152E-01  -1.9781446295E-01  -1.3184306331E-02   2.9899454511E-02
   15      8.0234381755E-03  -5.1221559964E-03   6.2137303849E-04  -7.1928784096E-02   2.5410165664E-02
   16      1.4244060288E-02  -1.2036970642E-02   6.7795897569E-03   2.3758920834E-02  -6.7514218440E-02
   17      1.2746535090E-02  -1.8762082085E-02   7.2649603082E-03  -9.2049924942E-02   4.8936363289E-02
   18      1.3020016661E-03   3.5612200335E-03  -7.9057458171E-04   4.2061900585E-04  -8.4915471897E-03
   19      4.5567357039E-03  -4.1274907679E-03   9.6643774725E-04   8.5495469550E-04   7.1985485446E-03
   20     -3.1279561580E-03   1.2699683508E-03   8.2068141197E-04  -4.3906188060E-03  -2.7069191958E-02
   21     -1.5352909897E-04  -1.0430420886E-04   1.1727966751E-04  -1.6016477981E-04  -2.2039587972E-04
   22      3.2780213458E-05  -1.8863788218E-05  -9.1118735887E-06  -1.1878958875E-04   5.6403656821E-05
   23      7.9555541335E-05  -1.0444919285E-05  -2.4502852381E-05   2.6827971214E-04   1.3187785234E-04
   24     -1.0236697043E-05   6.2093549923E-05  -4.0538482464E-05  -8.6806379053E-05   1.2872156407E-04
   25      7.1610259207E-06  -4.2548822688E-06   2.3148790471E-05  -4.3345325792E-05  -2.0167690177E-05
   26      9.0456353744E-06   8.7865336886E-08  -9.4802062694E-06   1.5310388180E-04   2.1848306976E-06
   27      2.3484145934E-03   2.1279075330E-03  -2.3412646185E-03   3.6122771838E-03   4.4037238151E-03
   28     -2.2106064023E-03   1.0238006322E-02  -2.1761199773E-02   2.5403898722E-03  -3.5606710540E-03
   29     -2.9530889141E-03   7.8903139534E-03  -1.1926035520E-02  -4.1636404172E-04  -1.5749944233E-05
   30      4.6454716163E-02   1.6261147684E-02   2.1499737420E-02  -2.7952941226E-03  -1.5487376678E-03
   31      1.6261147684E-02   2.3168232915E-01   1.6207415651E-01  -1.0919037824E-03   8.3022911739E-04
   32      2.1499737420E-02   1.6207415651E-01   1.9737284552E-01   1.1780836715E-03   3.5618381778E-05
   33     -2.7952941226E-03  -1.0919037824E-03   1.1780836715E-03   6.8155019519E-02  -2.7606070673E-02
   34     -1.5487376678E-03   8.3022911739E-04   3.5618381778E-05  -2.7606070673E-02   6.9550887217E-02
   35      1.0692237727E-03   4.0678091355E-04   5.1650543273E-04   1.0918741491E-01  -4.9380003590E-02
   36     -5.4042582126E-04  -5.2171891154E-04   2.9097753394E-05  -4.3318244160E-03  -8.1993462163E-04
   37      7.2698336023E-04  -7.6732995365E-04   3.6311812839E-04  -1.4151338810E-03   8.3194178880E-04
   38      5.4260727983E-04  -9.5553198084E-04   3.9011811665E-04   1.8690852966E-03   8.2694464656E-04
   39      8.4054826922E-05   6.6629167914E-05  -6.5687584236E-05   6.7433241674E-03  -1.0107850757E-04
   40     -7.4942564471E-05   6.1428425370E-06   2.6050450794E-04   7.5427789219E-04  -3.1540126023E-03
   41     -3.8220555882E-04  -1.5010648580E-04   3.2796687433E-04  -1.5831294246E-03  -2.8370999905E-03
                   35                 36                 37                 38                 39        
    0     -2.2570724890E-04  -9.6013429436E-03  -2.8320957669E-03   5.3139409755E-03  -1.3105190774E-02
    1      3.0447712985E-04   6.7756002059E-03   2.1233666159E-03  -3.4080279139E-03   2.7544690181E-03
    2     -7.4648665573E-06  -6.2812793599E-04   2.2838549333E-04   3.2029980182E-04   9.2074224831E-03
    3      1.5007570169E-04   1.3715718623E-03   4.4667480654E-04   3.8185639851E-05  -1.8999525950E-03
    4     -5.9391204911E-04  -4.5125359809E-03  -1.6257393123E-03   3.4417499848E-03  -1.0422934707E-02
    5     -1.5434097056E-04   2.1356923537E-04  -5.0641867569E-04  -1.1805272210E-03   3.7880994545E-03
    6      8.3347844070E-05  -6.3970298026E-04  -1.7234177175E-04  -4.1435084061E-04   5.3700128800E-04
    7     -4.1172602526E-05   1.3482296309E-04   1.0082804488E-04   1.1207902181E-05  -4.0223586287E-05
    8      1.9260346972E-04  -4.8421705826E-04  -3.3455937613E-04   5.3481546829E-04  -6.1673030898E-04
    9      3.8931466834E-04   2.1057532942E-03   5.6415970727E-04  -2.2455696707E-03   4.8013824974E-03
   10      5.8604118996E-04   2.6001882902E-03   1.5837290845E-03  -2.1059865114E-03   6.2982136730E-03
   11      4.0052237120E-04   9.1838426457E-04   8.1979739217E-04  -6.2787172691E-04   1.1325330956E-03
   12     -4.6319853309E-04   3.0072528451E-03  -1.5135732033E-03  -6.1689704671E-04  -1.1099313933E-02
   13     -1.1132709067E-03   5.7422276048E-05  -2.8632771810E-03  -3.8821321266E-03   1.4872850131E-03
   14     -1.7631144178E-03  -4.1744564087E-03  -4.6724318600E-03  -1.2058677486E-03   2.1102411089E-03
   15     -1.0190430566E-01   8.9211229218E-03   1.1173548859E-02   8.4357068049E-03   8.2782928385E-04
   16      4.6858198806E-02  -1.0979276243E-02  -1.5843207306E-02  -1.5918848126E-02  -7.6703189598E-03
   17     -3.0610588771E-01   1.2343769695E-03   8.9718719453E-03   8.3090187389E-03  -1.2082558072E-02
   18     -5.1254061872E-03  -7.7657757467E-02   1.0132214270E-01  -3.2862555682E-02  -4.4478887210E-02
   19      6.0070840414E-03   1.1078097803E-01  -3.0219711274E-01   5.6786527559E-02   2.3087192241E-02
   20     -1.5438657117E-02  -2.8828261001E-02   5.6633227369E-02  -7.1976470949E-02  -6.7765581373E-02
   21     -2.8593842726E-04   8.7974011470E-04   2.6631799134E-04  -2.0718596764E-04  -8.8573369056E-04
   22     -1.0753184898E-04   2.9802889553E-04   9.9756879112E-05  -2.9500312395E-04  -5.0942081695E-07
   23      3.2291605940E-05   4.7754401882E-05  -2.1578791545E-04   1.1531148052E-04   9.8029242732E-05
   24      1.0538572989E-04   3.0584362887E-04   2.8166410264E-04  -5.5661568483E-04   7.9546598470E-04
   25     -1.3270703946E-05  -5.5951887777E-05   7.1670726043E-05   6.1074532571E-05  -1.3739667853E-04
   26      7.2243005289E-05  -4.2685154726E-04  -8.4933784101E-05   1.2762687736E-04  -3.6322606273E-04
   27     -1.7177295996E-03  -1.0567155179E-04  -1.1529770685E-04  -2.2324839939E-06   1.4854058361E-03
   28      5.2311190222E-05   3.3461611741E-04   2.3141126333E-04  -5.1501419886E-04   1.3533905106E-04
   29      1.2833630116E-03  -3.0333793032E-04  -9.0735259035E-05   1.8242445673E-04   5.4439917315E-04
   30      1.0692237727E-03  -5.4042582126E-04   7.2698336023E-04   5.4260727983E-04   8.4054826922E-05
   31      4.0678091355E-04  -5.2171891154E-04  -7.6732995365E-04  -9.5553198084E-04   6.6629167914E-05
   32      5.1650543273E-04   2.9097753394E-05   3.6311812839E-04   3.9011811665E-04  -6.5687584236E-05
   33      1.0918741491E-01  -4.3318244160E-03  -1.4151338810E-03   1.8690852966E-03   6.7433241674E-03
   34     -4.9380003590E-02  -8.1993462163E-04   8.3194178880E-04   8.2694464656E-04  -1.0107850757E-04
   35      3.2043000431E-01   1.8382400179E-03   4.3156083121E-04   4.6452471861E-04  -3.1018771227E-03
   36      1.8382400179E-03   7.6002238546E-02  -1.0897566532E-01   3.0865681107E-02   2.8320196726E-04
   37      4.3156083121E-04  -1.0897566532E-01   3.1896062226E-01  -5.9451727510E-02   2.4351400388E-04
   38      4.6452471861E-04   3.0865681107E-02  -5.9451727510E-02   6.5105370057E-02  -1.0159583748E-02
   39     -3.1018771227E-03   2.8320196726E-04   2.4351400388E-04  -1.0159583748E-02   5.5911412352E-02
   40     -3.3867109786E-03   4.8825283153E-03  -7.0666016674E-04   2.5407355974E-02  -1.5697696262E-02
   41      7.7407164064E-05  -3.0206784778E-04  -2.0939558865E-03  -5.5877207061E-04   7.7273376289E-02
                   40                 41        
     0     -7.7433018234E-04   3.5371030679E-03
     1     -1.1717919766E-04  -6.4032713959E-04
     2      1.6358844555E-03  -1.9627681619E-03
     3      1.7994836242E-03  -3.6755088160E-04
     4     -3.9905005570E-04   3.1167508634E-03
     5     -1.5416863096E-03  -1.4714836338E-04
     6     -2.1899078131E-04   1.9513963807E-04
     7     -9.1624728545E-05  -3.4105254339E-04
     8     -1.3589432171E-04   6.8980870591E-04
     9      5.9431479452E-04  -9.1384474691E-04
    10      5.1011360049E-04  -1.7666656643E-03
    11      3.2849632569E-04  -5.7433794658E-04
    12     -2.2951034935E-03   2.3183179419E-03
    13      1.9059378925E-03   7.0873776321E-04
    14     -2.0090244702E-04   9.5716176164E-04
    15     -6.0761721317E-03  -4.6484336088E-03
    16      7.9968014590E-03   8.1380289674E-03
    17     -2.5708301583E-02  -1.2460289646E-02
    18      1.7498445442E-02  -7.5783870773E-02
    19     -6.8450346506E-02   4.4761169764E-02
    20      5.1148452176E-02  -3.3215112560E-01
    21     -1.8585368760E-04   4.3426217855E-05
    22     -1.6885781725E-04   2.9531366424E-06
    23     -9.8231251403E-05   8.7772582625E-05
    24     -2.5160688490E-04   3.8855024835E-05
    25     -1.1770247237E-04   9.1035399680E-05
    26      1.3666826136E-04   9.1626909385E-05
    27      4.3161873344E-05   5.7602808507E-04
    28     -3.9488894733E-04  -5.8007031464E-04
    29      5.3451416317E-04   1.8001994521E-05
    30     -7.4942564471E-05  -3.8220555882E-04
    31      6.1428425370E-06  -1.5010648580E-04
    32      2.6050450794E-04   3.2796687433E-04
    33      7.5427789219E-04  -1.5831294246E-03
    34     -3.1540126023E-03  -2.8370999905E-03
    35     -3.3867109786E-03   7.7407164064E-05
    36      4.8825283153E-03  -3.0206784778E-04
    37     -7.0666016674E-04  -2.0939558865E-03
    38      2.5407355974E-02  -5.5877207061E-04
    39     -1.5697696262E-02   7.7273376289E-02
    40      6.3181326700E-02  -4.8394773421E-02
    41     -4.8394773421E-02   3.4560469580E-01

$vibrational_frequencies
42
    0        0.0000000000000000
    1        0.0000000000000000
    2        0.0000000000000000
    3        0.0000000000000000
    4        0.0000000000000000
    5        0.0000000000000000
    6     -605.2215378933343572
    7       95.6462863684505180
    8      138.2114802082485596
    9      300.3883056339821565
   10      345.9126438233138288
   11      368.6954271407332726
   12      379.6679104501953361
   13      425.5551524080735817
   14      501.9683544849623900
   15      601.0329842667294997
   16      704.8943758785023874
   17      775.5864922608274128
   18      822.9888728792703887
   19      891.1489613081413381
   20      932.1975179260443838
   21     1003.3958351073712265
   22     1048.1309961512863538
   23     1052.4065386738955112
   24     1073.5259958537717466
   25     1101.3010096189066189
   26     1157.2793085847081329
   27     1270.1619961213123133
   28     1282.1477140112285724
   29     1325.1477646590847144
   30     1450.3056998863166882
   31     1493.3643897627730439
   32     1555.4517332028538021
   33     1586.2864952631466622
   34     1702.1521312568011126
   35     3208.3448736480031585
   36     3217.5914491357066254
   37     3232.4375232522097576
   38     3245.4063613240309678
   39     3308.0031076322616173
   40     3321.2949770136337975
   41     3343.3658565961600289

$normal_modes
42 42
                    0                  1                  2                  3                  4        
    0      0.0000000000E+00   0.0000000000E+00   0.0000000000E+00   0.0000000000E+00   0.0000000000E+00
    1      0.0000000000E+00   0.0000000000E+00   0.0000000000E+00   0.0000000000E+00   0.0000000000E+00
    2      0.0000000000E+00   0.0000000000E+00   0.0000000000E+00   0.0000000000E+00   0.0000000000E+00
    3      0.0000000000E+00   0.0000000000E+00   0.0000000000E+00   0.0000000000E+00   0.0000000000E+00
    4      0.0000000000E+00   0.0000000000E+00   0.0000000000E+00   0.0000000000E+00   0.0000000000E+00
