
$orca_hessian_file

$act_atom
  0

$act_coord
  0

$act_energy
        0.000000

$multiplicity
  1

$hessian
42
                    0                  1                  2                  3                  4        
    0      1.2719951173E-01  -7.2650970767E-03   1.8758874934E-01  -6.2169156289E-02   1.3765854770E-02
    1     -7.2650970767E-03   7.8196492320E-01   7.7113557622E-03   7.8546831728E-02  -3.8347821277E-01
    2      1.8758874934E-01   7.7113557622E-03   6.3465422505E-01  -3.2430061382E-02   8.3892880149E-02
    3     -6.2169156289E-02   7.8546831728E-02  -3.2430061382E-02   2.4449892397E-01   1.6248448561E-02
    4      1.3765854770E-02  -3.8347821277E-01   8.3892880149E-02   1.6248448561E-02   7.9480665919E-01
    5     -5.0401256200E-02   8.7328198646E-02  -1.0012031523E-01   1.0386447207E-01   6.7972745084E-02
    6     -1.7388211676E-03   3.8789241897E-03  -1.3772323061E-02  -2.8964853077E-02   1.3328525373E-02
    7      1.0005095637E-02  -4.3284023765E-03   2.4768869982E-02   5.8585102220E-03  -3.8167055862E-02
    8     -1.1219718588E-02   5.6160644755E-03  -2.5220452278E-02  -1.4461535407E-02   3.9780364659E-02
    9      5.1939326695E-02  -2.8721602697E-02  -1.7625386027E-03  -9.2217168526E-02  -2.5543472020E-02
   10      3.8315980343E-02  -8.9686380176E-02  -3.8302882706E-02  -6.5669592004E-02  -3.2760396988E-01
   11      2.0351038840E-02  -2.6916052299E-02   9.6428827581E-03  -4.9499761390E-02  -1.8811289831E-01
   12     -5.9267255274E-02   4.1921906465E-02   3.1576150655E-03  -2.9579881538E-02  -1.3443235805E-01
   13      1.5736387037E-02  -6.9990774397E-03  -1.8787526194E-03  -1.4629019842E-02   9.1840404168E-03
   14     -1.1493796575E-03  -6.3064337819E-04  -1.3078011410E-03  -9.3296040776E-03  -2.6885616890E-03
   15     -2.8331870743E-03  -5.7271646765E-03  -3.5550303165E-03  -1.4127181058E-02   1.4151293275E-02
   16     -6.8133157277E-02   2.7677666360E-02   1.4266537124E-03  -7.0087498571E-03  -8.9644293292E-02
   17     -1.5481240167E-02   9.9044820468E-03   2.6038605770E-03  -2.5029269862E-03  -2.0905846995E-02
   18      5.9793248299E-02  -2.3093755086E-02  -3.7155502243E-03  -1.7345809614E-02   7.9805937659E-02
   19      4.4095618133E-02  -2.9934198755E-02  -1.8399648332E-03  -5.2272275499E-03   5.1631222719E-02
   20      8.6535428380E-03  -6.4548430079E-03  -1.6688233654E-02   9.9232800171E-04   1.6317471900E-02
   21     -3.9348864510E-02   1.0766261157E-02  -7.3576032714E-02   1.8136765229E-04   1.3414667314E-02
   22      1.6819701101E-02  -7.2501522860E-02   6.0066334489E-02   5.0688286515E-03  -3.7837375235E-03
   23     -8.0834171596E-02   6.7927139438E-02  -3.3124214341E-01  -1.4217508762E-03  -5.6498291882E-03
   24     -5.8020156935E-02  -7.4627278960E-02  -6.7111646917E-02   7.2467982884E-04   1.3062869357E-02
   25     -6.1687482899E-02  -2.2388843628E-01  -1.3709373458E-01  -1.3398717353E-02  -1.3527338526E-02
   26     -6.4087503387E-02  -1.4201102296E-01  -1.7130791716E-01   4.2872949470E-03   5.5451183772E-03
   27      3.4917539589E-03  -3.5011633158E-03  -1.0162692232E-03   2.2821112887E-03   9.2040664587E-03
   28      9.0858388162E-04  -9.6321806255E-04  -2.8907640140E-04  -7.1835777235E-04   2.5107953722E-03
   29     -5.9588385367E-04   4.5230080093E-04  -5.4466830197E-05  -5.2718628911E-04  -1.4416421289E-03
   30      3.8147966236E-04  -6.4135788279E-04  -5.7219925965E-04  -3.2140736696E-03   4.3209373080E-04
   31      5.3386247253E-04   1.9126113275E-05  -1.9373086809E-04  -9.7627782752E-04   5.7367936061E-04
   32     -4.4896246538E-04   5.1968499071E-04   3.3717668785E-04   1.1115516245E-03  -4.4106951348E-04
   33      7.3194314042E-04  -2.2181235982E-04  -3.9219663422E-04   6.4799840439E-04   7.5879658882E-04
   34      9.7424149323E-05   2.9186823503E-04   8.4622672254E-05  -4.2821856150E-05  -5.2764453883E-04
   35     -2.0100948390E-04   2.3200467183E-04  -6.6731699375E-06   1.5429954438E-04  -4.9051099543E-04
   36     -8.2294184946E-03   5.8882269823E-03  -6.6730807277E-04   1.2552646253E-03  -4.2445710620E-03
   37     -2.4086110544E-03   1.9097225653E-03   1.7617442262E-04   4.3501018254E-04  -1.5140415295E-03
   38      4.6392269506E-03  -3.0624282495E-03   3.4403089987E-04   3.2311074476E-06   3.2789026720E-03
   39     -1.1930403739E-02   2.7906484980E-03   7.8275613416E-03  -1.9722219984E-03  -9.9664855634E-03
   40     -7.7772618379E-04  -8.3857758634E-05   1.4742195269E-03   1.5274683217E-03  -4.6010313276E-04
   41      3.1837980824E-03  -6.1920964249E-04  -1.6341731033E-03  -2.3276899240E-04   2.9436591393E-03
                    5                  6                  7                  8                  9        
    0     -5.0401256200E-02  -1.7388211676E-03   1.0005095637E-02  -1.1219718588E-02   5.1939326695E-02
    1      8.7328198646E-02   3.8789241897E-03  -4.3284023765E-03   5.6160644755E-03  -2.8721602697E-02
    2     -1.0012031523E-01  -1.3772323061E-02   2.4768869982E-02  -2.5220452278E-02  -1.7625386027E-03
    3      1.0386447207E-01  -2.8964853077E-02   5.8585102220E-03  -1.4461535407E-02  -9.2217168526E-02
    4      6.7972745084E-02   1.3328525373E-02  -3.8167055862E-02   3.9780364659E-02  -2.5543472020E-02
    5      3.4766404892E-01  -8.0740622076E-03   1.3312877021E-02  -5.1810502731E-02  -3.1777998959E-02
    6     -8.0740622076E-03   2.9838654630E-02  -9.8669410082E-03   4.8644388136E-02  -4.3890456049E-03
    7      1.3312877021E-02  -9.8669410082E-03   3.6627239880E-02  -2.2854153653E-02  -8.5503017551E-03
    8     -5.1810502731E-02   4.8644388136E-02  -2.2854153653E-02   1.2899906494E-01  -2.5159062317E-02
    9     -3.1777998959E-02  -4.3890456049E-03  -8.5503017551E-03  -2.5159062317E-02   7.2613348510E-02
   10     -1.6821176403E-01  -1.2185786491E-02   7.9443567462E-03  -2.8397727681E-02   3.3882211613E-02
   11     -1.9855329573E-01  -2.2750226706E-02  -1.7595669026E-02  -5.1738948054E-02   3.9615711441E-02
   12     -5.1941936313E-02   3.3570477974E-03   2.0882626121E-03   5.7958989382E-03   9.0417492016E-02
   13      5.3880251051E-03  -1.2345345445E-04  -6.6614139693E-04   2.1862112232E-03  -1.3022713649E-02
   14      6.4257564741E-03  -1.2977834873E-03  -5.0383534930E-04  -1.8813941672E-03   7.8758495247E-03
   15      6.1877448566E-03   6.6155487348E-04  -2.3442308128E-05  -1.9041253434E-03  -4.3087558831E-02
   16     -2.3816390222E-02   1.0194519018E-03   2.0467304682E-03  -1.2434031564E-03   8.3364506997E-02
   17     -4.6782524570E-03  -2.9947341490E-04   1.9624507251E-04   1.8870295169E-03   2.3698806633E-02
   18      1.7581433048E-02   1.0686966260E-03  -2.3670274573E-03   2.7886975392E-03  -4.7318794555E-02
   19      8.8742696372E-03   1.7517805879E-03  -1.5022060133E-03   2.0252530945E-03  -3.5628155305E-02
   20      5.5161639797E-03  -1.3273741251E-03   4.3426819681E-04  -2.2615575926E-03  -1.9309261783E-02
   21     -7.7955181404E-03   2.8453181506E-03   1.8951178894E-03  -2.8237679280E-03  -8.9598527814E-03
   22      2.7095792164E-02   1.8844892646E-03  -2.6468934251E-03   3.1446571123E-03   3.5273384961E-04
   23     -4.7473944187E-03  -1.2142611380E-03   9.6867983503E-04   1.0786498415E-03   3.3172166900E-03
   24      8.6943414721E-03  -1.5755137564E-03   5.2171637809E-04   7.7592620686E-04   5.1808987370E-03
   25     -2.0964230876E-02   4.1123602899E-04   5.0637800937E-04   5.7389985816E-04   2.3304653886E-03
   26      3.3480731836E-03   4.0940380779E-04   1.6947343926E-03  -9.7484949393E-04  -2.0619449870E-03
   27      7.9945185499E-03  -5.3138518598E-04   3.2630311009E-04  -1.3286188804E-03  -2.0961007353E-02
   28      3.6602307373E-03   1.4713486035E-04  -5.3925472754E-06  -4.3094101245E-04  -6.9773918594E-03
   29     -6.6317237577E-05   1.5377041504E-04   6.6913322957E-05   3.9578403314E-04   4.1600628734E-03
   30      2.7603286784E-03   4.3735770972E-05  -2.0574625706E-05   3.5675590334E-05  -9.3787739112E-03
   31      1.5293839305E-03   1.9946505547E-04   8.2840334371E-05   3.1816814483E-05  -2.5593821124E-03
   32     -1.7795673587E-03  -2.6140473203E-04  -1.4919014900E-04   2.8131892774E-04   4.0629380030E-03
   33     -4.5622271205E-04  -4.5252481600E-04   1.1511715783E-05  -5.5625585550E-05  -2.3710046759E-04
   34     -2.0255677665E-04  -1.0620494165E-04   9.3913345266E-05  -1.2632300341E-05  -4.6445783200E-05
   35     -1.7870686576E-04   6.7835771599E-05  -3.5988130546E-05   1.8250102654E-04   2.6850938294E-04
   36     -1.9449012292E-05  -6.2861842132E-04   1.4744344425E-04  -4.5014075292E-04   2.0377415008E-03
   37     -5.2928648855E-04  -1.8151288824E-04   1.0478025827E-04  -3.1165300490E-04   4.9666733938E-04
   38     -1.0266295661E-03  -3.8020740039E-04   6.4545260315E-06   5.0717435127E-04  -2.0444803175E-03
   39      3.3760229741E-03   4.6575418040E-04  -2.7965936444E-05  -6.3019388804E-04   4.3604945702E-03
   40     -1.4380770965E-03  -1.5481639708E-04  -9.0147420387E-05  -1.1082114420E-04   6.0157057550E-04
   41      6.9390400925E-06   9.3920421205E-05  -3.0714132507E-04   5.5618167556E-04  -8.9099943359E-04
                   10                 11                 12                 13                 14        
    0      3.8315980343E-02   2.0351038840E-02  -5.9267255274E-02   1.5736387037E-02  -1.1493796575E-03
    1     -8.9686380176E-02  -2.6916052299E-02   4.1921906465E-02  -6.9990774397E-03  -6.3064337819E-04
    2     -3.8302882706E-02   9.6428827581E-03   3.1576150655E-03  -1.8787526194E-03  -1.3078011410E-03
    3     -6.5669592004E-02  -4.9499761390E-02  -2.9579881538E-02  -1.4629019842E-02  -9.3296040776E-03
    4     -3.2760396988E-01  -1.8811289831E-01  -1.3443235805E-01   9.1840404168E-03  -2.6885616890E-03
    5     -1.6821176403E-01  -1.9855329573E-01  -5.1941936313E-02   5.3880251051E-03   6.4257564741E-03
    6     -1.2185786491E-02  -2.2750226706E-02   3.3570477974E-03  -1.2345345445E-04  -1.2977834873E-03
    7      7.9443567462E-03  -1.7595669026E-02   2.0882626121E-03  -6.6614139693E-04  -5.0383534930E-04
    8     -2.8397727681E-02  -5.1738948054E-02   5.7958989382E-03   2.1862112232E-03  -1.8813941672E-03
    9      3.3882211613E-02   3.9615711441E-02   9.0417492016E-02  -1.3022713649E-02   7.8758495247E-03
   10      4.3183045065E-01   2.3689858838E-01   9.0073890837E-02  -3.9393781456E-02  -5.6483235605E-03
   11      2.3689858838E-01   2.6379330088E-01   3.5626412052E-02  -1.2079040020E-02  -3.2135258072E-02
   12      9.0073890837E-02   3.5626412052E-02   1.1468866351E-01  -1.0515030946E-01   1.2940867449E-01
   13     -3.9393781456E-02  -1.2079040020E-02  -1.0515030946E-01   7.1238678897E-01   3.7937130778E-02
   14     -5.6483235605E-03  -3.2135258072E-02   1.2940867449E-01   3.7937130778E-02   6.6774225454E-01
   15     -8.2675827960E-03  -3.5524447394E-03  -1.0311802934E-01   1.2547429552E-01  -4.5644421070E-02
   16      6.2169239457E-02   2.0237564506E-02   4.4073136152E-02  -3.0601028494E-01   4.9272108822E-02
   17      8.6801220830E-03   5.5062704339E-03  -6.4337687199E-02   5.8122398891E-02  -1.2447957758E-01
   18     -4.7166128281E-02  -1.8891297448E-02   6.0974137076E-02  -6.2476404481E-03   1.1305506781E-02
   19     -3.6772463408E-02  -1.3538755911E-02   4.6033810958E-02  -5.2204066937E-02  -2.3034316354E-02
   20     -1.3072035132E-02  -3.4295198689E-03   2.5532330257E-02  -7.7044237558E-03   9.4918028875E-03
   21     -7.0970176285E-03  -1.2689234683E-03   6.8497962296E-03  -2.4979712497E-03   8.0395801329E-05
   22      2.5757268392E-03  -1.4846188414E-03  -2.9060876012E-04  -2.3998361831E-04   2.7017776589E-04
   23      5.2485306190E-04   1.5839244208E-03  -2.2741154896E-03   1.1987924536E-03   9.2331817267E-06
   24     -6.8257441026E-04  -3.8598556228E-03   1.0574859560E-03   7.1933687936E-04  -8.6304257217E-04
   25     -5.8516216309E-03   1.3821125221E-03   7.6327705867E-04   3.5237522495E-04  -1.7750077020E-04
   26      3.4956288258E-03   3.5401691936E-03  -1.2107046199E-03   2.9213706261E-05   3.5408720252E-04
   27     -1.4707697151E-02   1.2041633770E-02  -3.6703493822E-02   1.2864960391E-02  -5.4242507961E-02
   28     -4.2450530321E-03   2.8944398351E-03   2.2137330413E-02  -8.1396354001E-02   7.0382512402E-02
   29      1.6302413015E-03  -1.1659715755E-03  -5.5789164554E-02   7.4836679811E-02  -3.3045161655E-01
   30     -1.4239047606E-02  -9.9178499642E-03  -4.0798179055E-02  -1.7359739182E-02  -2.1367288816E-02
   31     -3.3108669013E-03  -2.4086288123E-03  -1.2744149120E-02  -2.3020552659E-01  -1.5009961928E-01
   32      5.7019937478E-03   3.7593189676E-03  -2.5092435478E-02  -1.5378835422E-01  -1.9140240074E-01
   33     -8.2785957402E-04   8.7153274132E-06  -5.9346803954E-04   2.4535612841E-03  -1.2943806782E-02
   34      3.7742205261E-04  -3.8790552454E-04   9.2198911624E-03  -3.8640769067E-03   2.9832657093E-02
   35      4.6409951658E-04   4.1472700457E-04  -5.3319405809E-04  -1.1191363932E-03  -1.9457318011E-03
   36      2.5307920351E-03   9.3810295244E-04   3.4996224440E-03   3.0283784083E-04  -3.9829283961E-03
   37      1.4572093945E-03   7.6080716757E-04  -1.2951654008E-03  -2.8582439107E-03  -4.5165509571E-03
   38     -2.0482928846E-03  -6.0839061440E-04  -7.9705309828E-04  -3.8696105840E-03  -1.3610332486E-03
   39      6.0617205321E-03   1.1659368079E-03  -1.0783937966E-02   1.4893979497E-03   2.1600439470E-03
   40      5.0973135265E-04   3.4921539178E-04  -2.4088444806E-03   1.9143325828E-03  -3.8780784734E-04
   41     -1.7136599740E-03  -6.0920974730E-04   2.4456522749E-03   7.3343794854E-04   9.4167901872E-04
                   15                 16                 17                 18                 19        
    0     -2.8331870743E-03  -6.8133157277E-02  -1.5481240167E-02   5.9793248299E-02   4.4095618133E-02
    1     -5.7271646765E-03   2.7677666360E-02   9.9044820468E-03  -2.3093755086E-02  -2.9934198755E-02
    2     -3.5550303165E-03   1.4266537124E-03   2.6038605770E-03  -3.7155502243E-03  -1.8399648332E-03
    3     -1.4127181058E-02  -7.0087498571E-03  -2.5029269862E-03  -1.7345809614E-02  -5.2272275499E-03
    4      1.4151293275E-02  -8.9644293292E-02  -2.0905846995E-02   7.9805937659E-02   5.1631222719E-02
    5      6.1877448566E-03  -2.3816390222E-02  -4.6782524570E-03   1.7581433048E-02   8.8742696372E-03
    6      6.6155487348E-04   1.0194519018E-03  -2.9947341490E-04   1.0686966260E-03   1.7517805879E-03
    7     -2.3442308128E-05   2.0467304682E-03   1.9624507251E-04  -2.3670274573E-03  -1.5022060133E-03
    8     -1.9041253434E-03  -1.2434031564E-03   1.8870295169E-03   2.7886975392E-03   2.0252530945E-03
    9     -4.3087558831E-02   8.3364506997E-02   2.3698806633E-02  -4.7318794555E-02  -3.5628155305E-02
   10     -8.2675827960E-03   6.2169239457E-02   8.6801220830E-03  -4.7166128281E-02  -3.6772463408E-02
   11     -3.5524447394E-03   2.0237564506E-02   5.5062704339E-03  -1.8891297448E-02  -1.3538755911E-02
   12     -1.0311802934E-01   4.4073136152E-02  -6.4337687199E-02   6.0974137076E-02   4.6033810958E-02
   13      1.2547429552E-01  -3.0601028494E-01   5.8122398891E-02  -6.2476404481E-03  -5.2204066937E-02
   14     -4.5644421070E-02   4.9272108822E-02  -1.2447957758E-01   1.1305506781E-02  -2.3034316354E-02
   15      2.9521529621E-01  -1.1868762428E-01   2.0631780710E-01  -7.2498584877E-02  -3.4089810153E-02
   16     -1.1868762428E-01   6.6230609611E-01   7.0286934712E-02   2.5259015199E-02  -2.7251604374E-01
   17      2.0631780710E-01   7.0286934712E-02   6.7299474545E-01  -4.2746149486E-02  -1.6543919067E-01
   18     -7.2498584877E-02   2.5259015199E-02  -4.2746149486E-02   1.5460383756E-01  -1.3662703064E-01
   19     -3.4089810153E-02  -2.7251604374E-01  -1.6543919067E-01  -1.3662703064E-01   7.1140538228E-01
   20     -5.6186683444E-02  -1.5363659854E-01  -2.5061585050E-01   1.5007913852E-01   7.9407478939E-02
   21     -5.1537568258E-04   6.6052045423E-03   2.8942804078E-03  -8.9224125304E-03  -7.3917743316E-03
   22     -5.8673758507E-04  -3.2553840519E-04   6.5687047219E-04  -8.0161983423E-04  -4.6355097571E-04
   23     -7.0100000502E-04  -2.8058369023E-03   6.4684111684E-04   1.4199817943E-03   1.4394762566E-03
   24     -1.6224927968E-03   4.2807739255E-04   1.3033062847E-03  -1.9161225599E-03  -4.3726375278E-03
   25     -4.1653381932E-04   2.4682199180E-05   3.6165393167E-04   2.5222060583E-04  -3.9264656934E-05
   26      5.3872774727E-04  -6.1933110262E-04  -6.2613780508E-04   1.4893113532E-03   2.1483482038E-03
   27     -1.5972252908E-03   1.3031030346E-02  -1.5450603990E-02  -6.9341791398E-03  -5.4235389885E-03
   28      4.1264630266E-03   3.8381368116E-04   2.6954421613E-02  -1.6071246462E-03   4.3748076097E-04
   29     -8.7892710853E-04  -2.2352808483E-03  -1.0289858377E-03   1.3129831084E-03  -1.7023185552E-04
   30      8.2666109863E-03   1.4509819712E-02   1.2309435912E-02   1.3595034565E-03   4.4445425950E-03
   31     -5.0314151626E-03  -1.1725181717E-02  -1.8429851465E-02   3.4412509873E-03  -4.1362480650E-03
   32      5.5974976934E-04   6.9107937060E-03   7.5380418822E-03  -9.4605736888E-04   9.8135164739E-04
   33     -7.5267109593E-02   2.2965279314E-02  -9.5918961749E-02   1.1019307991E-03   9.8667923304E-04
   34      2.4655859050E-02  -6.6693384279E-02   4.6005018261E-02  -8.6819602959E-03   7.1592980569E-03
   35     -1.0422737143E-01   4.4320741566E-02  -3.0593637198E-01  -5.5807221289E-03   5.7677681073E-03
   36      9.0140262756E-03  -9.8646405719E-03   1.0454523533E-03  -7.6117053904E-02   1.0778266957E-01
   37      1.0821132957E-02  -1.5394963864E-02   9.2134278781E-03   9.9294448577E-02  -3.0480514768E-01
   38      8.2119507009E-03  -1.6363811255E-02   8.6137936169E-03  -3.3201814591E-02   5.9590959009E-02
   39      1.5092561964E-03  -7.5744026477E-03  -1.0838436376E-02  -4.7848396633E-02   2.3671783636E-02
   40     -6.3856799682E-03   7.7014619542E-03  -2.5619086255E-02   1.8532703440E-02  -6.8260193588E-02
   41     -5.1595860338E-03   8.2782554304E-03  -1.2425406436E-02  -8.0898596702E-02   4.3800079223E-02
                   20                 21                 22                 23                 24        
    0      8.6535428380E-03  -3.9348864510E-02   1.6819701101E-02  -8.0834171596E-02  -5.8020156935E-02
    1     -6.4548430079E-03   1.0766261157E-02  -7.2501522860E-02   6.7927139438E-02  -7.4627278960E-02
    2     -1.6688233654E-02  -7.3576032714E-02   6.0066334489E-02  -3.3124214341E-01  -6.7111646917E-02
    3      9.9232800171E-04   1.8136765229E-04   5.0688286515E-03  -1.4217508762E-03   7.2467982884E-04
    4      1.6317471900E-02   1.3414667314E-02  -3.7837375235E-03  -5.6498291882E-03   1.3062869357E-02
    5      5.5161639797E-03  -7.7955181404E-03   2.7095792164E-02  -4.7473944187E-03   8.6943414721E-03
    6     -1.3273741251E-03   2.8453181506E-03   1.8844892646E-03  -1.2142611380E-03  -1.5755137564E-03
    7      4.3426819681E-04   1.8951178894E-03  -2.6468934251E-03   9.6867983503E-04   5.2171637809E-04
    8     -2.2615575926E-03  -2.8237679280E-03   3.1446571123E-03   1.0786498415E-03   7.7592620686E-04
    9     -1.9309261783E-02  -8.9598527814E-03   3.5273384961E-04   3.3172166900E-03   5.1808987370E-03
   10     -1.3072035132E-02  -7.0970176285E-03   2.5757268392E-03   5.2485306190E-04  -6.8257441026E-04
   11     -3.4295198689E-03  -1.2689234683E-03  -1.4846188414E-03   1.5839244208E-03  -3.8598556228E-03
   12      2.5532330257E-02   6.8497962296E-03  -2.9060876012E-04  -2.2741154896E-03   1.0574859560E-03
   13     -7.7044237558E-03  -2.4979712497E-03  -2.3998361831E-04   1.1987924536E-03   7.1933687936E-04
   14      9.4918028875E-03   8.0395801329E-05   2.7017776589E-04   9.2331817267E-06  -8.6304257217E-04
   15     -5.6186683444E-02  -5.1537568258E-04  -5.8673758507E-04  -7.0100000502E-04  -1.6224927968E-03
   16     -1.5363659854E-01   6.6052045423E-03  -3.2553840519E-04  -2.8058369023E-03   4.2807739255E-04
   17     -2.5061585050E-01   2.8942804078E-03   6.5687047219E-04   6.4684111684E-04   1.3033062847E-03
   18      1.5007913852E-01  -8.9224125304E-03  -8.0161983423E-04   1.4199817943E-03  -1.9161225599E-03
   19      7.9407478939E-02  -7.3917743316E-03  -4.6355097571E-04   1.4394762566E-03  -4.3726375278E-03
   20      6.7567394226E-01   5.9231413887E-03   5.7871608646E-04  -1.2688759333E-03  -3.8591802158E-03
   21      5.9231413887E-03   4.9366504101E-02  -1.8594423192E-02   8.2622709745E-02  -5.1603134661E-04
   22      5.7871608646E-04  -1.8594423192E-02   6.8278785682E-02  -7.0094740059E-02  -4.0624839835E-03
   23     -1.2688759333E-03   8.2622709745E-02  -7.0094740059E-02   3.4219018821E-01  -1.5132550907E-03
   24     -3.8591802158E-03  -5.1603134661E-04  -4.0624839835E-03  -1.5132550907E-03   5.5649488521E-02
   25     -3.6847694470E-04   3.2517109181E-03   9.1132739977E-03   6.6675134896E-03   6.8784752696E-02
   26      1.5681343979E-03  -5.7985390242E-03  -1.9843463604E-02  -8.3744108774E-03   6.6906533197E-02
   27     -6.8807869475E-04  -7.2742814995E-04   4.1908805363E-05   1.7422521459E-04   1.1300915589E-04
   28      6.1292974448E-04  -1.4073316691E-04   3.6085283848E-05   1.6628734432E-05   5.5843657600E-05
   29      1.3929672736E-03   2.9318990149E-05  -2.2110283531E-05  -5.2850074564E-05  -3.7935335809E-05
   30     -3.2372144871E-03  -1.8113902988E-04   2.9841841747E-05   8.5810337272E-05   1.0883499986E-05
   31      1.3217664089E-03  -9.9710470369E-05  -1.1192360004E-05  -8.5980987258E-06   6.4769414881E-05
   32      8.1430566455E-04   1.2767897551E-04  -1.2053477900E-05  -2.5060062505E-05  -4.8008499725E-05
   33     -3.4851933327E-03  -1.5715188794E-04  -1.3642162586E-04   2.1493492965E-04  -6.5666334075E-05
   34     -2.6880261143E-02  -2.0990397033E-04   4.3298770192E-05   1.1810459517E-04   1.1686533483E-04
   35     -1.5174299253E-02  -2.5689083032E-04  -9.5974292665E-05   2.0651793804E-05   9.5398566687E-05
   36     -2.9257651451E-02   7.5052988118E-04   2.6321237074E-04   6.2627035921E-05   2.5271639548E-04
   37      5.8915859401E-02   2.3090413002E-04   9.3593986052E-05  -2.0344862176E-04   2.5088877517E-04
   38     -7.3390686077E-02  -1.6260601137E-04  -2.5616147292E-04   1.0161642618E-04  -5.1333733716E-04
   39     -7.3826707670E-02  -6.6526009595E-04   1.4998129900E-05   5.4107650010E-05   7.2682163473E-04
   40      5.0515623354E-02  -1.3575097555E-04  -1.6834539073E-04  -9.5198707799E-05  -2.5744255178E-04
   41     -3.3162829359E-01   1.1693605607E-05  -6.9623467490E-06   7.9629786700E-05   3.4989705169E-05
                   25                 26                 27                 28                 29        
    0     -6.1687482899E-02  -6.4087503387E-02   3.4917539589E-03   9.0858388162E-04  -5.9588385367E-04
    1     -2.2388843628E-01  -1.4201102296E-01  -3.5011633158E-03  -9.6321806255E-04   4.5230080093E-04
    2     -1.3709373458E-01  -1.7130791716E-01  -1.0162692232E-03  -2.8907640140E-04  -5.4466830197E-05
    3     -1.3398717353E-02   4.2872949470E-03   2.2821112887E-03  -7.1835777235E-04  -5.2718628911E-04
    4     -1.3527338526E-02   5.5451183772E-03   9.2040664587E-03   2.5107953722E-03  -1.4416421289E-03
    5     -2.0964230876E-02   3.3480731836E-03   7.9945185499E-03   3.6602307373E-03  -6.6317237577E-05
    6      4.1123602899E-04   4.0940380779E-04  -5.3138518598E-04   1.4713486035E-04   1.5377041504E-04
    7      5.0637800937E-04   1.6947343926E-03   3.2630311009E-04  -5.3925472754E-06   6.6913322957E-05
    8      5.7389985816E-04  -9.7484949393E-04  -1.3286188804E-03  -4.3094101245E-04   3.9578403314E-04
    9      2.3304653886E-03  -2.0619449870E-03  -2.0961007353E-02  -6.9773918594E-03   4.1600628734E-03
   10     -5.8516216309E-03   3.4956288258E-03  -1.4707697151E-02  -4.2450530321E-03   1.6302413015E-03
   11      1.3821125221E-03   3.5401691936E-03   1.2041633770E-02   2.8944398351E-03  -1.1659715755E-03
   12      7.6327705867E-04  -1.2107046199E-03  -3.6703493822E-02   2.2137330413E-02  -5.5789164554E-02
   13      3.5237522495E-04   2.9213706261E-05   1.2864960391E-02  -8.1396354001E-02   7.4836679811E-02
   14     -1.7750077020E-04   3.5408720252E-04  -5.4242507961E-02   7.0382512402E-02  -3.3045161655E-01
   15     -4.1653381932E-04   5.3872774727E-04  -1.5972252908E-03   4.1264630266E-03  -8.7892710853E-04
   16      2.4682199180E-05  -6.1933110262E-04   1.3031030346E-02   3.8381368116E-04  -2.2352808483E-03
   17      3.6165393167E-04  -6.2613780508E-04  -1.5450603990E-02   2.6954421613E-02  -1.0289858377E-03
   18      2.5222060583E-04   1.4893113532E-03  -6.9341791398E-03  -1.6071246462E-03   1.3129831084E-03
   19     -3.9264656934E-05   2.1483482038E-03  -5.4235389885E-03   4.3748076097E-04  -1.7023185552E-04
   20     -3.6847694470E-04   1.5681343979E-03  -6.8807869475E-04   6.1292974448E-04   1.3929672736E-03
   21      3.2517109181E-03  -5.7985390242E-03  -7.2742814995E-04  -1.4073316691E-04   2.9318990149E-05
   22      9.1132739977E-03  -1.9843463604E-02   4.1908805363E-05   3.6085283848E-05  -2.2110283531E-05
   23      6.6675134896E-03  -8.3744108774E-03   1.7422521459E-04   1.6628734432E-05  -5.2850074564E-05
   24      6.8784752696E-02   6.6906533197E-02   1.1300915589E-04   5.5843657600E-05  -3.7935335809E-05
   25      2.3341698685E-01   1.4950172185E-01  -7.5340231252E-05  -2.4199193453E-05  -3.3291300128E-05
   26      1.4950172185E-01   1.7223821977E-01   7.0150000617E-05   1.4035887097E-05  -1.3331955246E-05
   27     -7.5340231252E-05   7.0150000617E-05   5.3851294162E-02  -1.8153127496E-02   5.5897995907E-02
   28     -2.4199193453E-05   1.4035887097E-05  -1.8153127496E-02   7.7213107361E-02  -8.0734197621E-02
   29     -3.3291300128E-05  -1.3331955246E-05   5.5897995907E-02  -8.0734197621E-02   3.4064706458E-01
   30      1.4408641107E-05   9.2556102468E-06   2.6323279396E-03  -2.8099874310E-03  -3.3315850476E-03
   31     -1.2292430733E-06  -1.5853470404E-06   2.1028248638E-03   9.8189539503E-03   7.2884483852E-03
   32      2.4004404564E-05  -8.1407673919E-06  -2.2457566575E-03  -2.2056071822E-02  -1.1186359889E-02
   33     -4.7672985380E-05   1.3888557814E-04   3.7506653436E-03   2.6207308464E-03  -5.8071554132E-04
   34     -2.2528502877E-05   1.6370033445E-06   4.3482196329E-03  -3.5605497290E-03  -5.8440592378E-05
   35     -9.1846002963E-06   5.9833472468E-05  -1.7830710460E-03   3.6191498205E-05   1.3358882366E-03
   36     -5.3632486303E-05  -3.7520065935E-04  -6.3243195038E-05   2.6168158586E-04  -3.0496900329E-04
   37      5.0986494225E-05  -8.5601803527E-05  -1.1956090982E-04   2.1751697369E-04  -9.7691931299E-05
   38      6.0572952616E-05   1.0534736168E-04   5.2758175381E-06  -4.6765372629E-04   2.0476904015E-04
   39     -1.3139401501E-04  -3.1990340456E-04   1.3968002882E-03   1.5240674903E-04   4.8916505206E-04
   40     -1.1006474822E-04   1.2378610459E-04   5.7661835999E-05  -4.2298681724E-04   5.0890822484E-04
   41      8.1720524811E-05   9.0923480170E-05   5.7417758152E-04  -5.8405515437E-04   4.3426785503E-05
                   30                 31                 32                 33                 34        
    0      3.8147966236E-04   5.3386247253E-04  -4.4896246538E-04   7.3194314042E-04   9.7424149323E-05
    1     -6.4135788279E-04   1.9126113275E-05   5.1968499071E-04  -2.2181235982E-04   2.9186823503E-04
    2     -5.7219925965E-04  -1.9373086809E-04   3.3717668785E-04  -3.9219663422E-04   8.4622672254E-05
    3     -3.2140736696E-03  -9.7627782752E-04   1.1115516245E-03   6.4799840439E-04  -4.2821856150E-05
    4      4.3209373080E-04   5.7367936061E-04  -4.4106951348E-04   7.5879658882E-04  -5.2764453883E-04
    5      2.7603286784E-03   1.5293839305E-03  -1.7795673587E-03  -4.5622271205E-04  -2.0255677665E-04
    6      4.3735770972E-05   1.9946505547E-04  -2.6140473203E-04  -4.5252481600E-04  -1.0620494165E-04
    7     -2.0574625706E-05   8.2840334371E-05  -1.4919014900E-04   1.1511715783E-05   9.3913345266E-05
    8      3.5675590334E-05   3.1816814483E-05   2.8131892774E-04  -5.5625585550E-05  -1.2632300341E-05
    9     -9.3787739112E-03  -2.5593821124E-03   4.0629380030E-03  -2.3710046759E-04  -4.6445783200E-05
   10     -1.4239047606E-02  -3.3108669013E-03   5.7019937478E-03  -8.2785957402E-04   3.7742205261E-04
   11     -9.9178499642E-03  -2.4086288123E-03   3.7593189676E-03   8.7153274132E-06  -3.8790552454E-04
   12     -4.0798179055E-02  -1.2744149120E-02  -2.5092435478E-02  -5.9346803954E-04   9.2198911624E-03
   13     -1.7359739182E-02  -2.3020552659E-01  -1.5378835422E-01   2.4535612841E-03  -3.8640769067E-03
   14     -2.1367288816E-02  -1.5009961928E-01  -1.9140240074E-01  -1.2943806782E-02   2.9832657093E-02
   15      8.2666109863E-03  -5.0314151626E-03   5.5974976934E-04  -7.5267109593E-02   2.4655859050E-02
   16      1.4509819712E-02  -1.1725181717E-02   6.9107937060E-03   2.2965279314E-02  -6.6693384279E-02
   17      1.2309435912E-02  -1.8429851465E-02   7.5380418822E-03  -9.5918961749E-02   4.6005018261E-02
   18      1.3595034565E-03   3.4412509873E-03  -9.4605736888E-04   1.1019307991E-03  -8.6819602959E-03
   19      4.4445425950E-03  -4.1362480650E-03   9.8135164739E-04   9.8667923304E-04   7.1592980569E-03
   20     -3.2372144871E-03   1.3217664089E-03   8.1430566455E-04  -3.4851933327E-03  -2.6880261143E-02
   21     -1.8113902988E-04  -9.9710470369E-05   1.2767897551E-04  -1.5715188794E-04  -2.0990397033E-04
   22      2.9841841747E-05  -1.1192360004E-05  -1.2053477900E-05  -1.3642162586E-04   4.3298770192E-05
   23      8.5810337272E-05  -8.5980987258E-06  -2.5060062505E-05   2.1493492965E-04   1.1810459517E-04
   24      1.0883499986E-05   6.4769414881E-05  -4.8008499725E-05  -6.5666334075E-05   1.1686533483E-04
   25      1.4408641107E-05  -1.2292430733E-06   2.4004404564E-05  -4.7672985380E-05  -2.2528502877E-05
   26      9.2556102468E-06  -1.5853470404E-06  -8.1407673919E-06   1.3888557814E-04   1.6370033445E-06
   27      2.6323279396E-03   2.1028248638E-03  -2.2457566575E-03   3.7506653436E-03   4.3482196329E-03
   28     -2.8099874310E-03   9.8189539503E-03  -2.2056071822E-02   2.6207308464E-03  -3.5605497290E-03
   29     -3.3315850476E-03   7.2884483852E-03  -1.1186359889E-02  -5.8071554132E-04  -5.8440592378E-05
   30      4.4247512373E-02   1.6538451946E-02   2.1911923033E-02  -2.8033346582E-03  -1.5585496200E-03
   31      1.6538451946E-02   2.3878597516E-01   1.6166560677E-01  -1.0394624254E-03   8.2752546239E-04
   32      2.1911923033E-02   1.6166560677E-01   1.9048368425E-01   1.2660405128E-03   1.6404275262E-05
   33     -2.8033346582E-03  -1.0394624254E-03   1.2660405128E-03   7.0842317304E-02  -2.7088797766E-02
   34     -1.5585496200E-03   8.2752546239E-04   1.6404275262E-05  -2.7088797766E-02   6.8204500166E-02
   35      1.1026355621E-03   4.0344727172E-04   4.3823117337E-04   1.1203870912E-01  -4.6518544493E-02
   36     -6.9807182421E-04  -4.9937694526E-04   8.5536127861E-05  -4.3536073619E-03  -8.9117412475E-04
   37      7.0523480524E-04  -7.2653363149E-04   3.7263414160E-04  -1.3379195516E-03   8.0367757173E-04
   38      5.9569187228E-04  -9.5595880008E-04   4.0504370448E-04   1.8478757839E-03   8.7284259877E-04
   39      1.3151845894E-04   6.8094603307E-05  -8.2282118181E-05   6.8551081672E-03   1.8523198652E-04
   40     -4.4082204951E-05   8.6781326531E-06   2.5750952077E-04   9.0575434873E-04  -3.1333197035E-03
   41     -3.8512974848E-04  -1.4574093840E-04   3.4440756445E-04  -1.6827724978E-03  -2.8829355513E-03
                   35                 36                 37                 38                 39        
    0     -2.0100948390E-04  -8.2294184946E-03  -2.4086110544E-03   4.6392269506E-03  -1.1930403739E-02
    1      2.3200467183E-04   5.8882269823E-03   1.9097225653E-03  -3.0624282495E-03   2.7906484980E-03
    2     -6.6731699375E-06  -6.6730807277E-04   1.7617442262E-04   3.4403089987E-04   7.8275613416E-03
    3      1.5429954438E-04   1.2552646253E-03   4.3501018254E-04   3.2311074476E-06  -1.9722219984E-03
    4     -4.9051099543E-04  -4.2445710620E-03  -1.5140415295E-03   3.2789026720E-03  -9.9664855634E-03
    5     -1.7870686576E-04  -1.9449012292E-05  -5.2928648855E-04  -1.0266295661E-03   3.3760229741E-03
    6      6.7835771599E-05  -6.2861842132E-04  -1.8151288824E-04  -3.8020740039E-04   4.6575418040E-04
    7     -3.5988130546E-05   1.4744344425E-04   1.0478025827E-04   6.4545260315E-06  -2.7965936444E-05
    8      1.8250102654E-04  -4.5014075292E-04  -3.1165300490E-04   5.0717435127E-04  -6.3019388804E-04
    9      2.6850938294E-04   2.0377415008E-03   4.9666733938E-04  -2.0444803175E-03   4.3604945702E-03
   10      4.6409951658E-04   2.5307920351E-03   1.4572093945E-03  -2.0482928846E-03   6.0617205321E-03
   11      4.1472700457E-04   9.3810295244E-04   7.6080716757E-04  -6.0839061440E-04   1.1659368079E-03
   12     -5.3319405809E-04   3.4996224440E-03  -1.2951654008E-03  -7.9705309828E-04  -1.0783937966E-02
   13     -1.1191363932E-03   3.0283784083E-04  -2.8582439107E-03  -3.8696105840E-03   1.4893979497E-03
   14     -1.9457318011E-03  -3.9829283961E-03  -4.5165509571E-03  -1.3610332486E-03   2.1600439470E-03
   15     -1.0422737143E-01   9.0140262756E-03   1.0821132957E-02   8.2119507009E-03   1.5092561964E-03
   16      4.4320741566E-02  -9.8646405719E-03  -1.5394963864E-02  -1.6363811255E-02  -7.5744026477E-03
   17     -3.0593637198E-01   1.0454523533E-03   9.2134278781E-03   8.6137936169E-03  -1.0838436376E-02
   18     -5.5807221289E-03  -7.6117053904E-02   9.9294448577E-02  -3.3201814591E-02  -4.7848396633E-02
   19      5.7677681073E-03   1.0778266957E-01  -3.0480514768E-01   5.9590959009E-02   2.3671783636E-02
   20     -1.5174299253E-02  -2.9257651451E-02   5.8915859401E-02  -7.3390686077E-02  -7.3826707670E-02
   21     -2.5689083032E-04   7.5052988118E-04   2.3090413002E-04  -1.6260601137E-04  -6.6526009595E-04
   22     -9.5974292665E-05   2.6321237074E-04   9.3593986052E-05  -2.5616147292E-04   1.4998129900E-05
   23      2.0651793804E-05   6.2627035921E-05  -2.0344862176E-04   1.0161642618E-04   5.4107650010E-05
   24      9.5398566687E-05   2.5271639548E-04   2.5088877517E-04  -5.1333733716E-04   7.2682163473E-04
   25     -9.1846002963E-06  -5.3632486303E-05   5.0986494225E-05   6.0572952616E-05  -1.3139401501E-04
   26      5.9833472468E-05  -3.7520065935E-04  -8.5601803527E-05   1.0534736168E-04  -3.1990340456E-04
   27     -1.7830710460E-03  -6.3243195038E-05  -1.1956090982E-04   5.2758175381E-06   1.3968002882E-03
   28      3.6191498205E-05   2.6168158586E-04   2.1751697369E-04  -4.6765372629E-04   1.5240674903E-04
   29      1.3358882366E-03  -3.0496900329E-04  -9.7691931299E-05   2.0476904015E-04   4.8916505206E-04
   30      1.1026355621E-03  -6.9807182421E-04   7.0523480524E-04   5.9569187228E-04   1.3151845894E-04
   31      4.0344727172E-04  -4.9937694526E-04  -7.2653363149E-04  -9.5595880008E-04   6.8094603307E-05
   32      4.3823117337E-04   8.5536127861E-05   3.7263414160E-04   4.0504370448E-04  -8.2282118181E-05
   33      1.1203870912E-01  -4.3536073619E-03  -1.3379195516E-03   1.8478757839E-03   6.8551081672E-03
   34     -4.6518544493E-02  -8.9117412475E-04   8.0367757173E-04   8.7284259877E-04   1.8523198652E-04
   35      3.2019487992E-01   1.8821059345E-03   4.1611275649E-04   4.2988815452E-04  -3.0269013274E-03
   36      1.8821059345E-03   7.2798596708E-02  -1.0694369342E-01   3.1510160213E-02   4.8151537066E-04
   37      4.1611275649E-04  -1.0694369342E-01   3.2108517015E-01  -6.1905450353E-02   5.0852325657E-05
   38      4.2988815452E-04   3.1510160213E-02  -6.1905450353E-02   6.6099897820E-02  -9.7140989641E-03
   39     -3.0269013274E-03   4.8151537066E-04   5.0852325657E-05  -9.7140989641E-03   5.7272951565E-02
   40     -3.3590365993E-03   5.3215489059E-03  -4.2372677891E-04   2.5121208467E-02  -1.6783625457E-02
   41      1.6518228366E-04  -4.6615199498E-04  -2.2069055067E-03  -4.2482186886E-04   8.3368729854E-02
                   40                 41        
     0     -7.7772618379E-04   3.1837980824E-03
     1     -8.3857758634E-05  -6.1920964249E-04
     2      1.4742195269E-03  -1.6341731033E-03
     3      1.5274683217E-03  -2.3276899240E-04
     4     -4.6010313276E-04   2.9436591393E-03
     5     -1.4380770965E-03   6.9390400925E-06
     6     -1.5481639708E-04   9.3920421205E-05
     7     -9.0147420387E-05  -3.0714132507E-04
     8     -1.1082114420E-04   5.5618167556E-04
     9      6.0157057550E-04  -8.9099943359E-04
    10      5.0973135265E-04  -1.7136599740E-03
    11      3.4921539178E-04  -6.0920974730E-04
    12     -2.4088444806E-03   2.4456522749E-03
    13      1.9143325828E-03   7.3343794854E-04
    14     -3.8780784734E-04   9.4167901872E-04
    15     -6.3856799682E-03  -5.1595860338E-03
    16      7.7014619542E-03   8.2782554304E-03
    17     -2.5619086255E-02  -1.2425406436E-02
    18      1.8532703440E-02  -8.0898596702E-02
    19     -6.8260193588E-02   4.3800079223E-02
    20      5.0515623354E-02  -3.3162829359E-01
    21     -1.3575097555E-04   1.1693605607E-05
    22     -1.6834539073E-04  -6.9623467490E-06
    23     -9.5198707799E-05   7.9629786700E-05
    24     -2.5744255178E-04   3.4989705169E-05
    25     -1.1006474822E-04   8.1720524811E-05
    26      1.2378610459E-04   9.0923480170E-05
    27      5.7661835999E-05   5.7417758152E-04
    28     -4.2298681724E-04  -5.8405515437E-04
    29      5.0890822484E-04   4.3426785503E-05
    30     -4.4082204951E-05  -3.8512974848E-04
    31      8.6781326531E-06  -1.4574093840E-04
    32      2.5750952077E-04   3.4440756445E-04
    33      9.0575434873E-04  -1.6827724978E-03
    34     -3.1333197035E-03  -2.8829355513E-03
    35     -3.3590365993E-03   1.6518228366E-04
    36      5.3215489059E-03  -4.6615199498E-04
    37     -4.2372677891E-04  -2.2069055067E-03
    38      2.5121208467E-02  -4.2482186886E-04
    39     -1.6783625457E-02   8.3368729854E-02
    40      6.3018541317E-02  -4.7355492383E-02
    41     -4.7355492383E-02   3.4449353511E-01

$vibrational_frequencies
42
    0        0.0000000000000000
    1        0.0000000000000000
    2        0.0000000000000000
    3        0.0000000000000000
    4        0.0000000000000000
    5        0.0000000000000000
    6     -564.2941206610757945
    7      101.1378691301153765
    8      144.5938168104268016
    9      293.6317686800182969
   10      341.4127803751272268
   11      361.9854119850281222
   12      376.7137089870295767
   13      427.4997400009917214
   14      490.6986526371730974
   15      602.7878646717416586
   16      696.4317739400139544
   17      761.1972755499041341
   18      808.2337797107369397
   19      876.4358861432770027
   20      926.3261451821979335
   21      986.1575458782433543
   22     1034.9480269997959567
   23     1044.7528874797103526
   24     1071.1716387326412132
   25     1086.8226658861387932
   26     1140.0172766320049504
   27     1270.0924068619276568
   28     1281.2290459903638293
   29     1326.2688677999294669
   30     1449.3897087424936672
   31     1490.8111142589364135
   32     1556.3078496990597159
   33     1587.1710250893929697
   34     1704.5253645846619293
   35     3213.4813945153027817
   36     3219.5658433626635997
   37     3235.1172099647083087
   38     3250.0427665238362351
   39     3315.8184048521343357
   40     3325.4956569896066867
   41     3349.1326915487338738

$normal_modes
42 42
                    0                  1                  2                  3                  4        
    0      0.0000000000E+00   0.0000000000E+00   0.0000000000E+00   0.0000000000E+00   0.0000000000E+00
    1      0.0000000000E+00   0.0000000000E+00   0.0000000000E+00   0.0000000000E+00   0.0000000000E+00
    2      0.0000000000E+00   0.0000000000E+00   0.0000000000E+00   0.0000000000E+00   0.0000000000E+00
    3      0.0000000000E+00   0.0000000000E+00   0.0000000000E+00   0.0000000000E+00   0.0000000000E+00
    4      0.0000000000E+00   0.0000000000E+00   0.0000000000E+00   0.0000000000E+00   0.0000000000E+00
