
$orca_hessian_file

$act_atom
  0

$act_coord
  0

$act_energy
        0.000000

$multiplicity
  1

$hessian
48
                    0                  1                  2                  3                  4        
    0      6.9567671757E-01   1.5242369184E-01  -1.7861367538E-01  -2.3727571649E-01  -2.0188093837E-01
    1      1.5242369184E-01   7.7635745356E-01   1.9777610141E-01  -2.0205405780E-01  -4.2721132919E-01
    2     -1.7861367538E-01   1.9777610141E-01   2.4257986420E-01  -4.7373551120E-03  -6.1598278044E-02
    3     -2.3727571649E-01  -2.0205405780E-01  -4.7373551120E-03   7.2147411039E-01   2.6210903718E-01
    4     -2.0188093837E-01  -4.2721132919E-01  -6.1598278044E-02   2.6210903718E-01   7.1873144044E-01
    5     -4.6526111564E-03  -6.1498439237E-02  -7.6649966814E-02  -1.2617664226E-01   1.1176867573E-01
    6      1.5214667046E-02  -5.4188835667E-03  -6.4724610107E-03  -8.7731699385E-02   8.3033269012E-03
    7      5.3984900413E-03  -3.0940393566E-02  -1.5357705424E-02   2.8036967433E-02  -1.1544790630E-01
    8     -2.3420350412E-03  -1.1200130515E-02   6.8522732378E-04   9.2284109562E-03  -1.2738622072E-02
    9     -2.0693319973E-03  -4.1307812738E-03  -1.8461691822E-04  -3.5311052016E-02   1.1531201723E-02
   10      2.1804343016E-03  -7.5350907670E-03  -4.3097324380E-03   2.1261518094E-02   9.2238040597E-03
   11      2.2098782277E-03  -1.7449642824E-03  -9.6809675480E-05   2.9943909775E-02  -8.4308275757E-03
   12      1.1389709676E-03   1.9743846309E-03   6.1789116249E-04   4.7066397760E-03  -1.1329638513E-02
   13      8.7660903615E-03  -3.8960173028E-03  -5.2615273996E-03  -3.4638522449E-02  -5.5287587026E-02
   14      3.1454876287E-03  -2.5416948703E-03  -1.3835848389E-03  -6.1133875826E-03  -2.4480834724E-02
   15     -4.3308473625E-02  -2.2215869324E-02   1.3677058558E-02  -3.2877746056E-01  -8.8180343589E-02
   16     -3.9726478834E-02   7.2714384487E-04   1.1137492761E-02  -6.1228436058E-02  -1.2053577865E-01
   17      7.0245876834E-03   4.1963443598E-03   1.1599079131E-02   8.7468273319E-02   7.5393152635E-03
   18      4.1068171163E-03   1.7556493123E-03  -1.1490204292E-03  -4.7512051663E-02   2.6330863389E-02
   19     -1.0241079159E-02  -1.0347921615E-03   3.8265695624E-03   1.0324673026E-02   5.6088132835E-03
   20     -5.6951495905E-03  -8.7534566653E-04   1.3989159916E-03   2.0914862539E-02  -6.5191974060E-03
   21      6.1116282346E-04   5.7290755834E-04   1.4467731758E-04  -1.9025645576E-03   8.2721104679E-04
   22      1.1448930767E-04   2.4262029401E-04  -1.1573225935E-04  -1.2436299537E-03  -5.7545180182E-03
   23     -2.4628371671E-05  -2.9954182493E-04   3.2398398983E-04   3.1496992687E-04  -2.5582009721E-03
   24     -7.6815618794E-04  -2.2771419772E-04   2.5231791460E-04   1.1416556909E-03  -7.1888938626E-04
   25     -3.9999682550E-04  -2.7763253216E-04   1.7803899014E-05   1.9077894090E-03   5.9171770389E-05
   26      1.8575090294E-04  -5.0293479186E-05  -2.3642987616E-06   2.0679478691E-04   3.7047521561E-04
   27     -3.3131839601E-01  -1.7170735344E-02   1.1272702671E-01  -1.2753623817E-02   9.1860380002E-04
   28     -1.0410158155E-02  -5.2598354345E-02  -4.6658073841E-03  -2.4969306430E-02   5.3113078597E-03
   29      1.1529814830E-01  -2.0004459806E-03  -7.5727522761E-02  -4.2313763491E-03   1.4162358128E-03
   30     -1.0115985502E-01   9.7361966449E-02   6.4889332019E-02   1.1236210638E-02  -1.5282375675E-02
   31      9.1439924140E-02  -2.5504734527E-01  -1.2136918668E-01   1.2895461768E-02  -1.5025485793E-02
   32      6.2652022741E-02  -1.2373162629E-01  -1.0215541411E-01   1.9432439178E-03  -1.0536185773E-03
   33     -1.8851175543E-04  -1.2490191822E-03  -4.2596971017E-04   5.8496784874E-03   3.8333789490E-03
   34      8.3229131024E-04   4.7565975985E-04  -3.9459439458E-04  -5.9906657918E-03  -6.2178755704E-04
   35      2.6863800280E-04   1.5802795553E-03  -1.1033364457E-04  -2.3924116106E-03  -1.9290201302E-03
   36     -2.6735116921E-04  -1.6350184018E-03  -8.0765968896E-04   6.1070047516E-03   2.3852124525E-03
   37      1.1002243131E-03   6.7623852908E-04   3.7821480624E-04  -5.1514174830E-03  -3.2800199660E-04
   38      3.1780886430E-04   2.9076413802E-04  -2.0751165717E-04  -5.8132334965E-03  -1.6236066451E-03
   39     -3.8877422809E-04  -1.2846028580E-04   7.1017060491E-05   1.0282411414E-03   1.3735243718E-03
   40     -6.5517410387E-05  -4.0595022591E-05   4.2119694542E-05   2.5586679228E-05   7.7198307396E-04
   41      9.5262224974E-05   6.7440543200E-05  -9.5419926524E-05  -1.8573480359E-04  -4.4977718000E-04
   42      2.1682006881E-04   2.1794695714E-04  -2.1411140169E-05  -9.1327042495E-04  -1.5969193631E-04
   43      4.5144377743E-04   1.3312569884E-04  -1.0997342586E-04  -1.1445831022E-03   2.9208453503E-04
   44      6.7279729052E-05  -1.7663197891E-05  -8.0141098800E-05  -1.2170407145E-04   2.2033480848E-04
   45     -2.2058910694E-04  -9.2458385905E-05   2.4445365939E-05   6.3389803465E-04  -1.5602205497E-05
   46      3.3540371978E-05  -3.0691537296E-05   1.4320170587E-06  -1.8529466124E-04   2.1378949985E-04
   47      7.1638525181E-05   5.2018643567E-05  -7.8001805657E-05  -2.6430821596E-04   3.8869922557E-05
                    5                  6                  7                  8                  9        
    0     -4.6526111564E-03   1.5214667046E-02   5.3984900413E-03  -2.3420350412E-03  -2.0693319973E-03
    1     -6.1498439237E-02  -5.4188835667E-03  -3.0940393566E-02  -1.1200130515E-02  -4.1307812738E-03
    2     -7.6649966814E-02  -6.4724610107E-03  -1.5357705424E-02   6.8522732378E-04  -1.8461691822E-04
    3     -1.2617664226E-01  -8.7731699385E-02   2.8036967433E-02   9.2284109562E-03  -3.5311052016E-02
    4      1.1176867573E-01   8.3033269012E-03  -1.1544790630E-01  -1.2738622072E-02   1.1531201723E-02
    5      2.4295246676E-01   1.8847642796E-03  -2.0519559649E-02  -9.9192685952E-02   2.6295212909E-02
    6      1.8847642796E-03   9.4012588382E-01   2.3400198745E-01  -1.9444611652E-01  -5.5043860096E-01
    7     -2.0519559649E-02   2.3400198745E-01   7.7887647808E-01   1.1002996862E-01  -2.9024925220E-02
    8     -9.9192685952E-02  -1.9444611652E-01   1.1002996862E-01   3.5523479644E-01   1.7829239530E-01
    9      2.6295212909E-02  -5.5043860096E-01  -2.9024925220E-02   1.7829239530E-01   6.7007144900E-01
   10     -1.2361462216E-02  -3.1219982640E-02  -1.3366351406E-01  -7.9617247578E-03   8.2752230851E-02
   11      4.1339179792E-03   1.7742106701E-01  -8.8379579019E-03  -1.5370199952E-01  -2.2602671686E-01
   12      2.5945341289E-03  -2.6600291118E-01  -2.3151819418E-01  -1.1697955803E-02  -8.2907144619E-02
   13     -1.5180774207E-02  -2.2231015102E-01  -4.9614181182E-01  -6.7455447003E-02  -7.1318670354E-02
   14      1.5264380646E-02  -8.2815961031E-03  -6.3822677389E-02  -9.9147578880E-02   1.7787295642E-02
   15      7.7199312291E-02  -4.0578198530E-02   1.6308930605E-03   1.6512365685E-02  -1.8694584470E-03
   16     -3.0533566379E-03   2.7561428709E-02   5.1336806597E-04  -1.0467803873E-02   8.6352953660E-03
   17     -8.0071215076E-02   2.6351487423E-02  -2.9281279750E-04  -1.0809385624E-02   4.6205871995E-03
   18      2.6927592057E-02  -2.9609262365E-03  -4.6216444831E-03   6.6878733621E-04   7.4897387344E-04
   19     -2.4479586962E-04  -4.7656083534E-03  -2.6403772923E-03  -3.0261804924E-04  -2.4645773961E-03
   20     -1.5286265544E-02   5.8860202375E-04  -3.4127177113E-04   2.7352516041E-03  -1.1027277030E-03
   21      1.1069754731E-03  -2.6671014623E-04   6.4297543028E-04   4.5205469923E-04  -1.5453101226E-04
   22     -1.7242726471E-03   1.2973577242E-03   9.6996129695E-04  -2.4422249630E-04   7.3167216503E-04
   23     -9.6870275043E-04   7.0544946846E-04   1.3184368325E-05  -4.1517529246E-06   3.0821244405E-04
   24     -7.9009164387E-04   3.9710648593E-05  -9.0379543972E-04  -3.9993036875E-04  -3.3946930195E-05
   25     -6.6785761342E-04   3.4590321226E-04   1.1608497421E-04  -5.3296945294E-05  -3.6413460909E-04
   26     -1.0752200033E-04   7.4531297775E-05   4.4372694535E-04   2.5838117437E-05  -1.1908479870E-04
   27      5.6297621307E-03  -3.0567060615E-03   4.9736576144E-04  -1.6028729667E-03   5.9214746167E-04
   28      1.1634479001E-02  -1.7511192835E-03  -9.2679874671E-04   3.2612795975E-03   2.3468519121E-03
   29      2.8386283765E-03  -2.4572907755E-03   2.3224486266E-03  -5.7650625829E-03   6.5776990224E-04
   30     -8.7654273590E-03  -3.5103643752E-03  -4.1385802555E-03   5.1451679386E-03   1.2660169122E-03
   31     -1.2226517796E-02  -5.2070860072E-03   5.8217580088E-04  -2.8418461636E-03   5.2437810606E-04
   32      2.5676495367E-03   4.7520021887E-03  -3.2631928766E-03   1.0367469030E-02  -7.9832849699E-04
   33     -2.7333969179E-03   2.4950792462E-04   5.5054809382E-04   7.3664214790E-04  -4.8902413078E-05
   34      2.1015967806E-03  -1.8191275209E-04  -5.2714747319E-04  -3.5980634004E-04   3.8397081713E-04
   35      2.1947845833E-03  -3.1623182753E-04   1.0381729640E-04  -4.8272616371E-04   6.2988489002E-05
   36      1.1245503506E-03  -1.6212116390E-04   7.1138724597E-04  -4.8896523795E-04   4.5638263093E-05
   37      1.2076762988E-03  -1.0589556985E-05  -4.5988614492E-04   2.5208770774E-04   3.1500934967E-04
   38      1.6282865362E-03   2.5330151477E-05  -8.0108559542E-04  -1.3625503109E-04   2.2219759007E-04
   39      3.2111127419E-04  -2.8519868246E-04  -5.3738596343E-04  -8.6531484573E-05  -2.6251809201E-04
   40      7.9776827104E-05  -3.5353461443E-04  -3.1576210393E-04   1.6640856052E-05  -8.5480868253E-06
   41      4.3546430946E-04  -1.7754279580E-05   8.7379051582E-05   5.1281390180E-05   9.1703644772E-05
   42      2.5475918835E-04  -7.8584612187E-04  -6.8327151567E-04   1.1762879181E-04   5.0719640856E-04
   43      6.0884759073E-04  -8.6419994951E-05   3.6896763700E-04   1.1533770877E-04  -1.0140156365E-05
   44      1.0374696128E-05   3.3130407822E-04   3.4653829830E-04   1.4608151480E-04  -1.9730451214E-04
   45     -2.0471645617E-04   1.4951339991E-04  -5.6981013667E-06  -7.1280336941E-05  -1.3593543055E-04
   46      1.0406021680E-04  -2.4183555433E-04  -3.6343834362E-04  -3.1762869985E-05   1.2029059472E-04
   47      2.5040471187E-04  -1.6085249288E-04  -1.2883321599E-04  -6.0999088353E-06   1.0035772643E-04
                   10                 11                 12                 13                 14        
    0      2.1804343016E-03   2.2098782277E-03   1.1389709676E-03   8.7660903615E-03   3.1454876287E-03
    1     -7.5350907670E-03  -1.7449642824E-03   1.9743846309E-03  -3.8960173028E-03  -2.5416948703E-03
    2     -4.3097324380E-03  -9.6809675480E-05   6.1789116249E-04  -5.2615273996E-03  -1.3835848389E-03
    3      2.1261518094E-02   2.9943909775E-02   4.7066397760E-03  -3.4638522449E-02  -6.1133875826E-03
    4      9.2238040597E-03  -8.4308275757E-03  -1.1329638513E-02  -5.5287587026E-02  -2.4480834724E-02
    5     -1.2361462216E-02   4.1339179792E-03   2.5945341289E-03  -1.5180774207E-02   1.5264380646E-02
    6     -3.1219982640E-02   1.7742106701E-01  -2.6600291118E-01  -2.2231015102E-01  -8.2815961031E-03
    7     -1.3366351406E-01  -8.8379579019E-03  -2.3151819418E-01  -4.9614181182E-01  -6.3822677389E-02
    8     -7.9617247578E-03  -1.5370199952E-01  -1.1697955803E-02  -6.7455447003E-02  -9.9147578880E-02
    9      8.2752230851E-02  -2.2602671686E-01  -8.2907144619E-02  -7.1318670354E-02   1.7787295642E-02
   10      1.3822964228E-01   7.5774663681E-03  -8.9263495414E-02  -1.7340428579E-03   2.4693831409E-02
   11      7.5774663681E-03   1.2335768221E-01   1.1029792554E-02   1.7482599942E-02   3.0095747353E-02
   12     -8.9263495414E-02   1.1029792554E-02   3.3766397555E-01   3.1579826375E-01  -5.7328575218E-03
   13     -1.7340428579E-03   1.7482599942E-02   3.1579826375E-01   5.5780645022E-01   7.2067125801E-02
   14      2.4693831409E-02   3.0095747353E-02  -5.7328575218E-03   7.2067125801E-02   5.7276485928E-02
   15      7.5146408244E-03   4.2086799156E-03   2.2717715959E-03   4.7339037507E-03   1.3239495688E-03
   16     -4.1473191367E-03  -5.6421813786E-03   1.1194462802E-02  -7.5933756710E-04  -5.1576641448E-03
   17     -5.1483914446E-03  -2.2412261908E-03   3.7426178668E-03  -2.5597605441E-03  -1.3670837284E-03
   18      3.4641048923E-04  -4.9208246581E-05   2.1739707215E-03  -6.9873874090E-04  -1.1864584525E-03
   19      2.4547080306E-03   1.8097647247E-03   8.3756332377E-04   9.6861324543E-04   9.4359620460E-05
   20      6.7267204891E-04   1.0088546438E-03  -6.0989251119E-04   7.0075554213E-04   3.5193252817E-04
   21     -2.5557984133E-04  -6.1473767658E-05   7.6037415977E-06  -7.5020145384E-04  -2.8412680728E-04
   22     -6.2710090902E-04  -5.0587900375E-04  -9.1291463311E-05  -2.0202537048E-04  -4.1857052050E-05
   23     -1.0944079942E-04  -2.3812481244E-04  -3.6322351776E-05   2.1541152133E-04   1.0186565431E-04
   24      3.3795506172E-04   1.4978086704E-04   1.3291588589E-04   6.1263139733E-04   2.3146912903E-04
   25      5.4792883837E-05   1.5786560014E-04  -2.4062975616E-04  -1.8364143867E-05   3.5596026063E-05
   26     -1.2138021105E-04   2.3722551582E-05  -9.0725986787E-05  -3.0140368293E-04   5.7811468123E-05
   27      4.0881568890E-03   1.3163771401E-03   4.5753958169E-04   2.0538835245E-04   2.8127926193E-04
   28     -2.7067869939E-03  -1.9603608646E-03   1.2184020178E-03   1.6777920897E-03  -2.3387950903E-04
   29     -2.6640548766E-03  -1.2705125165E-03   6.8210451629E-04   2.2212738746E-04   7.7208914340E-04
   30      1.8790146184E-03  -2.5726073862E-04   6.3640049674E-04  -9.7120947207E-04  -1.4045269807E-03
   31      5.1109638782E-04   4.4627104857E-04   4.1031795065E-04  -2.3389825082E-03  -2.7881677727E-04
   32     -8.8691208360E-05  -9.2440563013E-04  -8.9612061828E-04   2.2153763904E-04  -1.5581231124E-03
   33     -7.0999315752E-05  -3.7290534755E-05  -3.9712948013E-04  -1.4340669723E-04   9.1624613539E-05
   34     -5.5577820629E-05  -1.8427447873E-04   4.0860255369E-04   6.8347893699E-05  -2.6360839314E-04
   35     -1.0719618000E-04  -2.4405230412E-05   1.9559656003E-04  -2.4918129831E-04  -1.8660194191E-04
   36     -3.0353984097E-05   2.1241084091E-05  -3.0534932696E-04   4.1252450979E-05   1.6909672814E-04
   37     -1.1667883191E-04  -1.8238801507E-04   4.0511918225E-04  -1.8927170568E-04  -1.1920949961E-04
   38      6.3771535329E-05  -5.7846338778E-05   4.0681786575E-04   2.3021746758E-04  -1.7410714791E-05
   39      2.7802929193E-04   2.0172267928E-04   2.8369104533E-07   2.3153557407E-04   7.8760799103E-05
   40      1.5084650898E-04   6.9533028174E-05   9.0344689130E-05   1.7617754622E-04   3.9012694288E-05
   41     -4.3640228819E-05  -7.5805037029E-05   2.6070324085E-05  -1.6102163485E-05  -3.6478257377E-05
   42      1.4769192650E-04  -1.4876792841E-04   5.1475417699E-04   3.9300127407E-04  -1.5935337316E-04
   43     -1.4915771878E-04  -5.3104772958E-05   5.3569693433E-06  -3.4946316449E-04  -3.2810385801E-05
   44     -1.1316967566E-04   3.9701177664E-05  -3.0546357386E-04  -1.8303743630E-04  -2.1619939983E-04
   45      3.5205058042E-05   6.8327268554E-05  -9.2291581541E-05   1.3122582939E-05   3.9761350355E-05
   46      1.1037893733E-04  -7.6977042458E-06   1.3614215258E-04   2.1952247827E-04   3.0232880344E-05
   47      2.7277940920E-05  -2.8490963757E-05   8.7495487469E-05   8.0352747483E-05  -7.2518475156E-06
                   15                 16                 17                 18                 19        
    0     -4.3308473625E-02  -3.9726478834E-02   7.0245876834E-03   4.1068171163E-03  -1.0241079159E-02
    1     -2.2215869324E-02   7.2714384487E-04   4.1963443598E-03   1.7556493123E-03  -1.0347921615E-03
    2      1.3677058558E-02   1.1137492761E-02   1.1599079131E-02  -1.1490204292E-03   3.8265695624E-03
    3     -3.2877746056E-01  -6.1228436058E-02   8.7468273319E-02  -4.7512051663E-02   1.0324673026E-02
    4     -8.8180343589E-02  -1.2053577865E-01   7.5393152635E-03   2.6330863389E-02   5.6088132835E-03
    5      7.7199312291E-02  -3.0533566379E-03  -8.0071215076E-02   2.6927592057E-02  -2.4479586962E-04
    6     -4.0578198530E-02   2.7561428709E-02   2.6351487423E-02  -2.9609262365E-03  -4.7656083534E-03
    7      1.6308930605E-03   5.1336806597E-04  -2.9281279750E-04  -4.6216444831E-03  -2.6403772923E-03
    8      1.6512365685E-02  -1.0467803873E-02  -1.0809385624E-02   6.6878733621E-04  -3.0261804924E-04
    9     -1.8694584470E-03   8.6352953660E-03   4.6205871995E-03   7.4897387344E-04  -2.4645773961E-03
   10      7.5146408244E-03  -4.1473191367E-03  -5.1483914446E-03   3.4641048923E-04   2.4547080306E-03
   11      4.2086799156E-03  -5.6421813786E-03  -2.2412261908E-03  -4.9208246581E-05   1.8097647247E-03
   12      2.2717715959E-03   1.1194462802E-02   3.7426178668E-03   2.1739707215E-03   8.3756332377E-04
   13      4.7339037507E-03  -7.5933756710E-04  -2.5597605441E-03  -6.9873874090E-04   9.6861324543E-04
   14      1.3239495688E-03  -5.1576641448E-03  -1.3670837284E-03  -1.1864584525E-03   9.4359620460E-05
   15      5.5528178163E-01  -5.8862236528E-03  -1.9068739004E-01  -1.0274332296E-01   5.8720103047E-02
   16     -5.8862236528E-03   3.4170768567E-01   1.0229793518E-01   3.3540569072E-02  -1.7447001101E-01
   17     -1.9068739004E-01   1.0229793518E-01   1.9154302183E-01   2.7173483707E-02  -6.4206193469E-02
   18     -1.0274332296E-01   3.3540569072E-02   2.7173483707E-02   5.6047367387E-01   3.5542980206E-02
   19      5.8720103047E-02  -1.7447001101E-01  -6.4206193469E-02   3.5542980206E-02   5.6265023535E-01
   20      3.6686717373E-02  -5.4282340537E-02  -1.0109708158E-01   2.9292628829E-02  -2.8449289903E-02
   21     -2.7253671696E-02   1.9160559382E-04   1.1635470518E-02  -2.1861258804E-01  -4.6291711250E-02
   22      3.9023940181E-02   7.9236226706E-03  -1.3175183999E-02  -6.3355108380E-02  -1.1377808077E-01
   23      2.6363999288E-02   2.1249271484E-03  -7.4579430913E-03   3.0996397427E-02   5.0134509802E-03
   24      1.4244915690E-04  -2.0370922967E-03  -6.4099415980E-04  -1.1528990731E-02  -3.3357814394E-02
   25     -1.6339937449E-03  -1.3225860055E-03  -3.8656639691E-05  -1.0755943288E-02  -6.8962169077E-03
   26     -4.8822805557E-04   1.2456239575E-04   7.1668011824E-04   3.1446823056E-03   7.9380230701E-03
   27      2.8369182205E-03  -2.2665285592E-03   2.5682591940E-03   4.3402060508E-04  -9.1323305536E-05
   28     -5.0527681335E-03  -4.0323335231E-03  -3.9091136992E-03   1.7463842850E-03  -1.1662604781E-03
   29      1.5082160115E-03  -5.0021769334E-03   9.0037554940E-03   5.3370486469E-04  -4.4547201655E-04
   30     -1.0682140549E-03   2.9326677168E-03  -7.1316363746E-04  -1.6268179489E-03  -1.8684267788E-03
   31      1.9477398441E-03   6.3802929169E-04   1.6287656225E-03   6.9858465143E-04  -1.5611274234E-04
   32     -1.0633581840E-03   1.2371356934E-03  -4.7924204914E-03   7.8461715221E-04   7.8843124832E-04
   33     -1.0325491912E-02   2.1667853981E-02  -4.5302765942E-03  -5.2208063560E-02   7.6953949051E-03
   34      1.5087854463E-02  -3.1201399971E-02   4.2903481160E-03   1.3068722163E-02  -2.1062743207E-01
   35      7.1666482095E-03  -2.1999247948E-02   1.2398431571E-02  -1.1569693890E-02   1.3270329326E-01
   36      4.6283327746E-03   9.8284909567E-03   2.3951750850E-02  -1.2355843984E-01  -3.2782200080E-02
   37     -2.8486949041E-03  -1.6356319317E-02  -3.2186513923E-02  -2.9315009003E-02  -6.4853514626E-02
   38      4.9385475195E-03  -1.3446935899E-02  -1.7401640118E-02  -1.0978828231E-01  -4.9715001593E-02
   39     -7.0084547801E-03  -2.3731251438E-03   2.2306787961E-03  -9.1589120856E-03   2.0405044654E-02
   40     -4.0624694414E-03  -3.9849400830E-05   1.2301628553E-03  -6.2161345906E-03   7.7940979751E-03
   41      1.5910137703E-03   5.6418628197E-04   5.1900696161E-04   1.9284482339E-03  -5.7367254273E-03
   42     -2.0498420471E-03  -1.8302513787E-03  -2.1025374163E-04  -7.7177065833E-04   5.6093082866E-04
   43      3.0699400959E-04   4.4060635825E-04   3.5520709964E-04   2.9582256195E-03  -7.5784600848E-04
   44      5.9982827641E-04   1.1993830860E-03  -5.9844460930E-04  -1.6589268784E-03   2.4556427533E-03
   45     -1.7866476718E-04  -2.1142469915E-04   2.3807316442E-05   2.7444275407E-03  -2.2140608404E-03
   46      9.2148003432E-04   9.1447867963E-04  -4.8560858857E-05  -1.0356991357E-03  -3.0958238203E-03
   47      4.5371412391E-04   3.9319368376E-04   5.6465404168E-05   3.9600427147E-03  -5.5310775884E-03
                   20                 21                 22                 23                 24        
    0     -5.6951495905E-03   6.1116282346E-04   1.1448930767E-04  -2.4628371671E-05  -7.6815618794E-04
    1     -8.7534566653E-04   5.7290755834E-04   2.4262029401E-04  -2.9954182493E-04  -2.2771419772E-04
    2      1.3989159916E-03   1.4467731758E-04  -1.1573225935E-04   3.2398398983E-04   2.5231791460E-04
    3      2.0914862539E-02  -1.9025645576E-03  -1.2436299537E-03   3.1496992687E-04   1.1416556909E-03
    4     -6.5191974060E-03   8.2721104679E-04  -5.7545180182E-03  -2.5582009721E-03  -7.1888938626E-04
    5     -1.5286265544E-02   1.1069754731E-03  -1.7242726471E-03  -9.6870275043E-04  -7.9009164387E-04
    6      5.8860202375E-04  -2.6671014623E-04   1.2973577242E-03   7.0544946846E-04   3.9710648593E-05
    7     -3.4127177113E-04   6.4297543028E-04   9.6996129695E-04   1.3184368325E-05  -9.0379543972E-04
    8      2.7352516041E-03   4.5205469923E-04  -2.4422249630E-04  -4.1517529246E-06  -3.9993036875E-04
    9     -1.1027277030E-03  -1.5453101226E-04   7.3167216503E-04   3.0821244405E-04  -3.3946930195E-05
   10      6.7267204891E-04  -2.5557984133E-04  -6.2710090902E-04  -1.0944079942E-04   3.3795506172E-04
   11      1.0088546438E-03  -6.1473767658E-05  -5.0587900375E-04  -2.3812481244E-04   1.4978086704E-04
   12     -6.0989251119E-04   7.6037415977E-06  -9.1291463311E-05  -3.6322351776E-05   1.3291588589E-04
   13      7.0075554213E-04  -7.5020145384E-04  -2.0202537048E-04   2.1541152133E-04   6.1263139733E-04
   14      3.5193252817E-04  -2.8412680728E-04  -4.1857052050E-05   1.0186565431E-04   2.3146912903E-04
   15      3.6686717373E-02  -2.7253671696E-02   3.9023940181E-02   2.6363999288E-02   1.4244915690E-04
   16     -5.4282340537E-02   1.9160559382E-04   7.9236226706E-03   2.1249271484E-03  -2.0370922967E-03
   17     -1.0109708158E-01   1.1635470518E-02  -1.3175183999E-02  -7.4579430913E-03  -6.4099415980E-04
   18      2.9292628829E-02  -2.1861258804E-01  -6.3355108380E-02   3.0996397427E-02  -1.1528990731E-02
   19     -2.8449289903E-02  -4.6291711250E-02  -1.1377808077E-01   5.0134509802E-03  -3.3357814394E-02
   20      5.7832655259E-01   3.7474868291E-02   1.1728150019E-02  -8.9186066290E-02  -5.4325453723E-03
   21      3.7474868291E-02   5.7856324864E-01   1.2217758179E-01  -1.2252490479E-01  -1.6896407510E-01
   22      1.1728150019E-02   1.2217758179E-01   8.4745156521E-01   2.1650650356E-01  -1.6149382665E-01
   23     -8.9186066290E-02  -1.2252490479E-01   2.1650650356E-01   2.7985548595E-01  -1.5710127592E-02
   24     -5.4325453723E-03  -1.6896407510E-01  -1.6149382665E-01  -1.5710127592E-02   6.4746509917E-01
   25     -9.6448039076E-04  -1.5975916728E-01  -5.2296806526E-01  -1.1522542663E-01   1.3992541699E-01
   26      8.5646811062E-03  -1.5055932590E-02  -1.1452681565E-01  -9.0734070486E-02  -1.5655643161E-01
   27     -1.6932444806E-04   1.6599240048E-05   5.5657942693E-07   5.5180894612E-05  -2.6087262840E-05
   28     -1.1724500562E-03  -1.7267952897E-04   3.5070267355E-04   1.4445957654E-04   7.9716692376E-05
   29     -2.8281771491E-04  -1.0885660059E-05   7.4909737459E-05   1.8591849283E-04   2.6857549141E-05
   30     -1.6148721114E-04  -3.4653379252E-04  -1.1466941381E-04  -9.2762886348E-05   9.8248205428E-05
   31     -2.4641307845E-04  -2.9329593772E-04   4.1470388381E-04   4.5615659512E-04   3.1019360334E-04
   32     -3.0982390080E-04  -1.5892082185E-04   3.7749242070E-04  -2.6117002179E-04   6.7515347887E-05
   33     -6.2640234314E-03   2.4459461064E-03  -2.7832688378E-02   1.8570823773E-02  -3.4536776667E-03
   34      1.2667295368E-01  -2.4804818625E-03  -8.2717685303E-03   7.1597787151E-03  -7.4996316497E-04
   35     -1.5723812455E-01  -6.9108341820E-04   4.1075169556E-03  -1.3717511235E-03   6.7701302206E-04
   36     -1.1850490890E-01  -1.4663322514E-02  -9.8136211977E-03  -2.4931634951E-02  -3.0365233222E-03
   37     -4.7188778281E-02  -9.2389656617E-03  -3.2570517644E-03  -9.9020344556E-03  -9.5394506034E-04
   38     -2.3169603642E-01   4.1533472887E-03   3.3663693605E-03   1.0703360422E-02   1.2637259111E-03
   39      1.2021015869E-02  -1.5601119419E-01   1.0901492167E-01   8.7340109850E-02   1.1293861077E-02
   40      4.7516406744E-03   1.0737997448E-01  -1.8212958087E-01  -9.6490260993E-02   1.8846247311E-02
   41     -1.1943509599E-03   8.6718059438E-02  -9.7130117012E-02  -1.1006255156E-01   5.4282158576E-03
   42     -2.5643757063E-03   1.2286673965E-02  -8.7375865653E-03  -5.2584476386E-03  -1.5463142591E-01
   43      1.5196306639E-03   1.7836691119E-02  -1.5068141616E-02  -1.5518190871E-02   1.0917323208E-01
   44     -6.2493027642E-03   4.8146716316E-03  -5.0498387634E-03   3.5300580530E-03   8.6783092166E-02
   45      3.5169455324E-03  -5.7560434666E-03   3.0744081350E-04   3.9192358967E-03  -3.1787105673E-01
   46     -6.0045968483E-03  -3.0372402430E-02  -5.2968429265E-03   8.4569340735E-03  -6.8803015816E-02
   47      1.0153681255E-02  -7.7083471794E-03  -3.6347331647E-03   5.5838593329E-03   8.4654886314E-02
                   25                 26                 27                 28                 29        
    0     -3.9999682550E-04   1.8575090294E-04  -3.3131839601E-01  -1.0410158155E-02   1.1529814830E-01
    1     -2.7763253216E-04  -5.0293479186E-05  -1.7170735344E-02  -5.2598354345E-02  -2.0004459806E-03
    2      1.7803899014E-05  -2.3642987616E-06   1.1272702671E-01  -4.6658073841E-03  -7.5727522761E-02
    3      1.9077894090E-03   2.0679478691E-04  -1.2753623817E-02  -2.4969306430E-02  -4.2313763491E-03
    4      5.9171770389E-05   3.7047521561E-04   9.1860380002E-04   5.3113078597E-03   1.4162358128E-03
    5     -6.6785761342E-04  -1.0752200033E-04   5.6297621307E-03   1.1634479001E-02   2.8386283765E-03
    6      3.4590321226E-04   7.4531297775E-05  -3.0567060615E-03  -1.7511192835E-03  -2.4572907755E-03
    7      1.1608497421E-04   4.4372694535E-04   4.9736576144E-04  -9.2679874671E-04   2.3224486266E-03
    8     -5.3296945294E-05   2.5838117437E-05  -1.6028729667E-03   3.2612795975E-03  -5.7650625829E-03
    9     -3.6413460909E-04  -1.1908479870E-04   5.9214746167E-04   2.3468519121E-03   6.5776990224E-04
   10      5.4792883837E-05  -1.2138021105E-04   4.0881568890E-03  -2.7067869939E-03  -2.6640548766E-03
   11      1.5786560014E-04   2.3722551582E-05   1.3163771401E-03  -1.9603608646E-03  -1.2705125165E-03
   12     -2.4062975616E-04  -9.0725986787E-05   4.5753958169E-04   1.2184020178E-03   6.8210451629E-04
   13     -1.8364143867E-05  -3.0140368293E-04   2.0538835245E-04   1.6777920897E-03   2.2212738746E-04
   14      3.5596026063E-05   5.7811468123E-05   2.8127926193E-04  -2.3387950903E-04   7.7208914340E-04
   15     -1.6339937449E-03  -4.8822805557E-04   2.8369182205E-03  -5.0527681335E-03   1.5082160115E-03
   16     -1.3225860055E-03   1.2456239575E-04  -2.2665285592E-03  -4.0323335231E-03  -5.0021769334E-03
   17     -3.8656639691E-05   7.1668011824E-04   2.5682591940E-03  -3.9091136992E-03   9.0037554940E-03
   18     -1.0755943288E-02   3.1446823056E-03   4.3402060508E-04   1.7463842850E-03   5.3370486469E-04
   19     -6.8962169077E-03   7.9380230701E-03  -9.1323305536E-05  -1.1662604781E-03  -4.4547201655E-04
   20     -9.6448039076E-04   8.5646811062E-03  -1.6932444806E-04  -1.1724500562E-03  -2.8281771491E-04
   21     -1.5975916728E-01  -1.5055932590E-02   1.6599240048E-05  -1.7267952897E-04  -1.0885660059E-05
   22     -5.2296806526E-01  -1.1452681565E-01   5.5657942693E-07   3.5070267355E-04   7.4909737459E-05
   23     -1.1522542663E-01  -9.0734070486E-02   5.5180894612E-05   1.4445957654E-04   1.8591849283E-04
   24      1.3992541699E-01  -1.5655643161E-01  -2.6087262840E-05   7.9716692376E-05   2.6857549141E-05
   25      8.1249387465E-01   2.0947142393E-01  -1.4123870773E-05  -3.1428153125E-05   6.9618018651E-06
   26      2.0947142393E-01   2.5575584322E-01  -8.5241845970E-06  -2.9781695803E-05  -4.3068835645E-05
   27     -1.4123870773E-05  -8.5241845970E-06   3.4496635907E-01   1.6228043941E-02  -1.2135636292E-01
   28     -3.1428153125E-05  -2.9781695803E-05   1.6228043941E-02   4.8333160728E-02   3.5267883293E-03
   29      6.9618018651E-06  -4.3068835645E-05  -1.2135636292E-01   3.5267883293E-03   7.1420733854E-02
   30      6.7459076285E-05  -2.3188789523E-05  -2.0352759875E-03   2.0832013803E-02   9.4742941101E-03
   31      5.2061651521E-05  -9.2442853488E-05  -2.4116440800E-03   5.5175744643E-03   2.3060616866E-03
   32      3.3988320865E-06  -5.1907733186E-05   6.5798655929E-04  -6.8733175258E-03  -9.1510041450E-04
   33      1.8956066684E-04   1.1770305298E-03   1.6306057925E-04  -3.5075903154E-04   3.9019626755E-04
   34      1.1671599720E-03   6.5808009457E-04   4.4111959518E-05   1.6254539954E-04   2.7725120462E-04
   35     -5.7661151424E-04  -3.6230660312E-04  -7.0649916545E-05  -1.4441399799E-04  -4.0053569834E-04
   36      5.9730118458E-04   1.7048272222E-03  -2.6515174805E-04   2.8336640067E-04  -5.1433476957E-04
   37      5.8955595635E-04   6.4614454774E-04  -2.8761011554E-05   2.1099595263E-05  -7.8796906861E-05
   38      9.0249057917E-04  -1.9976817815E-04  -2.1419708236E-05   3.7848572491E-04   1.7313830298E-04
   39     -1.0964030176E-02  -5.8728421372E-03  -9.3185214378E-06  -5.7571293940E-05  -2.8370449332E-05
   40     -1.6462903814E-02  -1.6291867670E-02  -5.3215062919E-06  -2.8142655180E-05   1.6117506993E-06
   41     -4.5484207807E-03   3.0758152171E-03  -9.0337709445E-06   2.2030654272E-05  -1.4706914988E-05
   42      1.1489478829E-01   8.8957847525E-02   3.7275157577E-07   1.8226889910E-05   2.8689223485E-05
   43     -1.9219955402E-01  -1.0095352323E-01   1.1648009987E-05   7.7017193910E-05   2.8577465255E-06
   44     -1.0318445771E-01  -1.1253289401E-01   2.6527322422E-05   5.4783095822E-07   4.6194312950E-05
   45     -7.3835535999E-02   8.2758740246E-02  -2.4580992877E-06  -8.7765242962E-06  -1.6763399433E-05
   46     -7.4355951025E-02   1.2702978840E-02   1.4694824381E-05   3.8904890758E-05   2.2725078712E-05
   47      1.4675760984E-02  -6.4186489657E-02  -8.8077118093E-06   3.2021569044E-05  -2.1130537582E-05
                   30                 31                 32                 33                 34        
    0     -1.0115985502E-01   9.1439924140E-02   6.2652022741E-02  -1.8851175543E-04   8.3229131024E-04
    1      9.7361966449E-02  -2.5504734527E-01  -1.2373162629E-01  -1.2490191822E-03   4.7565975985E-04
    2      6.4889332019E-02  -1.2136918668E-01  -1.0215541411E-01  -4.2596971017E-04  -3.9459439458E-04
    3      1.1236210638E-02   1.2895461768E-02   1.9432439178E-03   5.8496784874E-03  -5.9906657918E-03
    4     -1.5282375675E-02  -1.5025485793E-02  -1.0536185773E-03   3.8333789490E-03  -6.2178755704E-04
    5     -8.7654273590E-03  -1.2226517796E-02   2.5676495367E-03  -2.7333969179E-03   2.1015967806E-03
    6     -3.5103643752E-03  -5.2070860072E-03   4.7520021887E-03   2.4950792462E-04  -1.8191275209E-04
    7     -4.1385802555E-03   5.8217580088E-04  -3.2631928766E-03   5.5054809382E-04  -5.2714747319E-04
    8      5.1451679386E-03  -2.8418461636E-03   1.0367469030E-02   7.3664214790E-04  -3.5980634004E-04
    9      1.2660169122E-03   5.2437810606E-04  -7.9832849699E-04  -4.8902413078E-05   3.8397081713E-04
   10      1.8790146184E-03   5.1109638782E-04  -8.8691208360E-05  -7.0999315752E-05  -5.5577820629E-05
   11     -2.5726073862E-04   4.4627104857E-04  -9.2440563013E-04  -3.7290534755E-05  -1.8427447873E-04
   12      6.3640049674E-04   4.1031795065E-04  -8.9612061828E-04  -3.9712948013E-04   4.0860255369E-04
   13     -9.7120947207E-04  -2.3389825082E-03   2.2153763904E-04  -1.4340669723E-04   6.8347893699E-05
   14     -1.4045269807E-03  -2.7881677727E-04  -1.5581231124E-03   9.1624613539E-05  -2.6360839314E-04
   15     -1.0682140549E-03   1.9477398441E-03  -1.0633581840E-03  -1.0325491912E-02   1.5087854463E-02
   16      2.9326677168E-03   6.3802929169E-04   1.2371356934E-03   2.1667853981E-02  -3.1201399971E-02
   17     -7.1316363746E-04   1.6287656225E-03  -4.7924204914E-03  -4.5302765942E-03   4.2903481160E-03
   18     -1.6268179489E-03   6.9858465143E-04   7.8461715221E-04  -5.2208063560E-02   1.3068722163E-02
   19     -1.8684267788E-03  -1.5611274234E-04   7.8843124832E-04   7.6953949051E-03  -2.1062743207E-01
   20     -1.6148721114E-04  -2.4641307845E-04  -3.0982390080E-04  -6.2640234314E-03   1.2667295368E-01
   21     -3.4653379252E-04  -2.9329593772E-04  -1.5892082185E-04   2.4459461064E-03  -2.4804818625E-03
   22     -1.1466941381E-04   4.1470388381E-04   3.7749242070E-04  -2.7832688378E-02  -8.2717685303E-03
   23     -9.2762886348E-05   4.5615659512E-04  -2.6117002179E-04   1.8570823773E-02   7.1597787151E-03
   24      9.8248205428E-05   3.1019360334E-04   6.7515347887E-05  -3.4536776667E-03  -7.4996316497E-04
   25      6.7459076285E-05   5.2061651521E-05   3.3988320865E-06   1.8956066684E-04   1.1671599720E-03
   26     -2.3188789523E-05  -9.2442853488E-05  -5.1907733186E-05   1.1770305298E-03   6.5808009457E-04
   27     -2.0352759875E-03  -2.4116440800E-03   6.5798655929E-04   1.6306057925E-04   4.4111959518E-05
   28      2.0832013803E-02   5.5175744643E-03  -6.8733175258E-03  -3.5075903154E-04   1.6254539954E-04
   29      9.4742941101E-03   2.3060616866E-03  -9.1510041450E-04   3.9019626755E-04   2.7725120462E-04
   30      9.8347081941E-02  -1.0006705784E-01  -6.8682237391E-02  -1.5608689117E-03  -3.0830839384E-04
   31     -1.0006705784E-01   2.6447653054E-01   1.3209573867E-01   1.7850658733E-04   4.0284458384E-04
   32     -6.8682237391E-02   1.3209573867E-01   9.7919400563E-02  -8.8598349071E-04  -1.1094897690E-04
   33     -1.5608689117E-03   1.7850658733E-04  -8.8598349071E-04   5.9458576291E-02  -1.8154314724E-02
   34     -3.0830839384E-04   4.0284458384E-04  -1.1094897690E-04  -1.8154314724E-02   2.4070844355E-01
   35      1.3180216611E-04  -4.3797525006E-04   3.6617432090E-04   6.8222407922E-03  -1.3495933275E-01
   36     -3.4028092569E-04  -4.4948381573E-04   1.5949019612E-03   2.0642701841E-04  -1.5696225540E-03
   37     -3.3204992017E-04  -8.0582791754E-05   4.1794998502E-04   1.2728128117E-02   8.0983691242E-03
   38      4.2778426571E-04   6.1285874804E-04  -3.5578929631E-04  -1.1104048934E-02  -4.6176359977E-03
   39      4.7183286648E-05  -1.2713724064E-06   7.4316694256E-06   4.6349857556E-04  -5.5625842886E-04
   40     -1.4446623129E-05  -5.8557324894E-06  -2.2096196081E-05   1.1551658226E-03   3.2566932366E-04
   41      2.4636411169E-06  -2.7463624016E-05   5.6013431637E-05  -5.0609707627E-04  -9.1881651651E-05
   42     -5.2917264018E-06   1.7576071461E-05   9.5504701664E-06   4.2310295543E-04   5.3720737631E-04
   43     -7.6556803173E-06  -1.3888126412E-05  -3.2108683344E-06  -3.4584977168E-04  -1.5553367325E-04
   44      4.6266959493E-08  -1.2728030908E-05  -2.5206845807E-06   9.9090978546E-04   5.4756244090E-04
   45      2.2361259481E-05   2.5155361658E-05   2.4366545199E-05  -1.0771522392E-03  -3.7329609682E-04
   46      1.3659349672E-05   7.3236358773E-05  -9.5535004133E-07   1.5056310201E-04   5.1607487004E-05
   47      2.0475037598E-05  -6.4887321712E-06   4.9968516399E-05  -2.2920599535E-03  -7.2608885768E-04
                   35                 36                 37                 38                 39        
    0      2.6863800280E-04  -2.6735116921E-04   1.1002243131E-03   3.1780886430E-04  -3.8877422809E-04
    1      1.5802795553E-03  -1.6350184018E-03   6.7623852908E-04   2.9076413802E-04  -1.2846028580E-04
    2     -1.1033364457E-04  -8.0765968896E-04   3.7821480624E-04  -2.0751165717E-04   7.1017060491E-05
    3     -2.3924116106E-03   6.1070047516E-03  -5.1514174830E-03  -5.8132334965E-03   1.0282411414E-03
    4     -1.9290201302E-03   2.3852124525E-03  -3.2800199660E-04  -1.6236066451E-03   1.3735243718E-03
    5      2.1947845833E-03   1.1245503506E-03   1.2076762988E-03   1.6282865362E-03   3.2111127419E-04
    6     -3.1623182753E-04  -1.6212116390E-04  -1.0589556985E-05   2.5330151477E-05  -2.8519868246E-04
    7      1.0381729640E-04   7.1138724597E-04  -4.5988614492E-04  -8.0108559542E-04  -5.3738596343E-04
    8     -4.8272616371E-04  -4.8896523795E-04   2.5208770774E-04  -1.3625503109E-04  -8.6531484573E-05
    9      6.2988489002E-05   4.5638263093E-05   3.1500934967E-04   2.2219759007E-04  -2.6251809201E-04
   10     -1.0719618000E-04  -3.0353984097E-05  -1.1667883191E-04   6.3771535329E-05   2.7802929193E-04
   11     -2.4405230412E-05   2.1241084091E-05  -1.8238801507E-04  -5.7846338778E-05   2.0172267928E-04
   12      1.9559656003E-04  -3.0534932696E-04   4.0511918225E-04   4.0681786575E-04   2.8369104533E-07
   13     -2.4918129831E-04   4.1252450979E-05  -1.8927170568E-04   2.3021746758E-04   2.3153557407E-04
   14     -1.8660194191E-04   1.6909672814E-04  -1.1920949961E-04  -1.7410714791E-05   7.8760799103E-05
   15      7.1666482095E-03   4.6283327746E-03  -2.8486949041E-03   4.9385475195E-03  -7.0084547801E-03
   16     -2.1999247948E-02   9.8284909567E-03  -1.6356319317E-02  -1.3446935899E-02  -2.3731251438E-03
   17      1.2398431571E-02   2.3951750850E-02  -3.2186513923E-02  -1.7401640118E-02   2.2306787961E-03
   18     -1.1569693890E-02  -1.2355843984E-01  -2.9315009003E-02  -1.0978828231E-01  -9.1589120856E-03
   19      1.3270329326E-01  -3.2782200080E-02  -6.4853514626E-02  -4.9715001593E-02   2.0405044654E-02
   20     -1.5723812455E-01  -1.1850490890E-01  -4.7188778281E-02  -2.3169603642E-01   1.2021015869E-02
   21     -6.9108341820E-04  -1.4663322514E-02  -9.2389656617E-03   4.1533472887E-03  -1.5601119419E-01
   22      4.1075169556E-03  -9.8136211977E-03  -3.2570517644E-03   3.3663693605E-03   1.0901492167E-01
   23     -1.3717511235E-03  -2.4931634951E-02  -9.9020344556E-03   1.0703360422E-02   8.7340109850E-02
   24      6.7701302206E-04  -3.0365233222E-03  -9.5394506034E-04   1.2637259111E-03   1.1293861077E-02
   25     -5.7661151424E-04   5.9730118458E-04   5.8955595635E-04   9.0249057917E-04  -1.0964030176E-02
   26     -3.6230660312E-04   1.7048272222E-03   6.4614454774E-04  -1.9976817815E-04  -5.8728421372E-03
   27     -7.0649916545E-05  -2.6515174805E-04  -2.8761011554E-05  -2.1419708236E-05  -9.3185214378E-06
   28     -1.4441399799E-04   2.8336640067E-04   2.1099595263E-05   3.7848572491E-04  -5.7571293940E-05
   29     -4.0053569834E-04  -5.1433476957E-04  -7.8796906861E-05   1.7313830298E-04  -2.8370449332E-05
   30      1.3180216611E-04  -3.4028092569E-04  -3.3204992017E-04   4.2778426571E-04   4.7183286648E-05
   31     -4.3797525006E-04  -4.4948381573E-04  -8.0582791754E-05   6.1285874804E-04  -1.2713724064E-06
   32      3.6617432090E-04   1.5949019612E-03   4.1794998502E-04  -3.5578929631E-04   7.4316694256E-06
   33      6.8222407922E-03   2.0642701841E-04   1.2728128117E-02  -1.1104048934E-02   4.6349857556E-04
   34     -1.3495933275E-01  -1.5696225540E-03   8.0983691242E-03  -4.6176359977E-03  -5.5625842886E-04
   35      1.5964021351E-01  -9.1712516149E-04   2.1865674894E-02  -1.4803159743E-02   4.4071966599E-04
   36     -9.1712516149E-04   1.3089393294E-01   3.2969072981E-02   1.1587508091E-01   4.6518379676E-04
   37      2.1865674894E-02   3.2969072981E-02   7.6165717353E-02   6.4425849811E-02   1.5162953869E-04
   38     -1.4803159743E-02   1.1587508091E-01   6.4425849811E-02   2.5276744829E-01  -8.8457881501E-04
