
$orca_hessian_file

$act_atom
  0

$act_coord
  0

$act_energy
        0.000000

$multiplicity
  1

$hessian
48
                    0                  1                  2                  3                  4        
    0      1.9881124815E-01  -2.3320140775E-01   1.0125891853E-01  -5.3651295532E-02   5.1972871488E-02
    1     -2.3320140775E-01   6.2571515458E-01   4.4535739335E-03   3.4710669674E-02  -1.1214169269E-01
    2      1.0125891853E-01   4.4535739335E-03   7.8972396409E-01  -4.7721183618E-02   8.3957620691E-02
    3     -5.3651295532E-02   3.4710669674E-02  -4.7721183618E-02   3.7244468933E-01  -2.1121226465E-01
    4      5.1972871488E-02  -1.1214169269E-01   8.3957620691E-02  -2.1121226465E-01   4.8492860526E-01
    5     -7.6314716192E-02   8.9755781613E-02  -4.1836223934E-01   1.1491926072E-01  -1.5741898524E-01
    6     -4.3239860829E-03  -5.1048461597E-03   1.1114353718E-02  -8.1997804960E-02  -5.3767351504E-03
    7      2.2710619898E-03   1.0964982658E-02  -9.6356611718E-03   1.7810772550E-03  -8.6825830852E-02
    8      1.3488405079E-02  -2.3905266309E-02  -4.0630114649E-02   5.5021110352E-03  -6.1265975779E-03
    9      2.6928271897E-03   1.4071504415E-03  -5.0725455714E-03  -6.1233725163E-04   2.9352459455E-02
   10     -1.3527095663E-03  -2.1168173001E-03   4.9427123574E-03   3.4558164980E-02  -3.4428168663E-02
   11      2.3758059667E-03  -2.1979063267E-03  -9.0459844748E-03   9.5286617442E-03  -1.3486956770E-02
   12      3.4915871943E-04  -1.0787267242E-03   1.2070607701E-03   1.4306036623E-02   3.6262771785E-03
   13      2.1342347851E-03  -3.5757778218E-03  -3.4662270549E-03  -1.7833298190E-04   1.4193770467E-02
   14     -2.3002374596E-03  -9.4453685420E-03   7.6622569135E-04  -2.4163392459E-02  -2.5711608263E-03
   15      1.7440820872E-02   3.9241939904E-02  -3.3307160474E-02  -1.4209788990E-01   1.1114943158E-01
   16      7.4843735766E-03  -3.5422641916E-02   4.0336949344E-02   1.0948605187E-01  -2.6359341126E-01
   17     -1.8142021577E-02   5.0435702164E-02  -2.1309630184E-02  -5.2817501067E-02   8.6031457010E-02
   18     -2.5840705802E-02  -2.2247924671E-02   3.2322151870E-02  -7.7297995221E-02   7.5684519073E-02
   19     -6.4381658686E-03  -6.0664090883E-03   6.1548578350E-03   1.6202394548E-02   1.9451848605E-02
   20      1.3013300355E-02   9.9855581309E-03  -1.2856001335E-02   1.3187761449E-02  -3.2768441500E-02
   21     -2.5859334981E-02  -4.5856924415E-03   1.1254437391E-02  -2.7690181630E-02   1.4065263547E-02
   22      3.5764537977E-02   1.6638657799E-02  -2.8763506964E-02   1.1868761552E-02  -2.3228377003E-02
   23     -3.1181393599E-02  -1.3308247776E-02   1.8922305005E-02  -6.8371693279E-03   3.0597829854E-02
   24      5.7843844323E-02   2.8120481831E-02  -5.3335416275E-02  -7.8171273446E-03  -4.6977676893E-02
   25     -2.0092882339E-02  -2.0308502133E-02   9.0499275602E-03  -1.4685594475E-03   2.8206842886E-03
   26      4.8257868902E-03  -6.4534733924E-04  -1.2214047026E-02   1.9432532979E-04   8.3759770540E-03
   27     -1.1755121321E-01   1.4165410818E-01  -3.9486214924E-02   2.6403313197E-03  -4.9127898311E-03
   28      1.3596340763E-01  -2.7082824956E-01   5.3441607456E-02   6.6494567694E-03  -7.5699701713E-03
   29     -3.0172273190E-02   4.8219973666E-02  -7.0958293382E-02  -1.7254653507E-02   2.2634110867E-02
   30     -3.0279200938E-02   3.4414169578E-02   1.3075814396E-02   1.5345461760E-03  -4.4545812228E-03
   31      3.3738965652E-02  -1.9893917240E-01  -1.6479945498E-01  -1.2155958960E-03   7.9541822507E-03
   32      2.1581344871E-02  -1.5357929363E-01  -2.2416964404E-01   4.1403480903E-03  -2.1680283316E-02
   33      1.3451812767E-03   2.6225916241E-03  -2.3757431293E-03   5.9817041017E-03  -9.9885578902E-03
   34     -6.2956837150E-06   4.3028236571E-04  -2.2518351927E-04   2.9754971421E-03  -1.1041566199E-03
   35     -4.5529567061E-05  -3.2807510239E-04   3.9029484116E-04  -1.5918289303E-03  -4.0178042900E-04
   36     -5.8691557860E-04   4.5160368891E-04   4.3242062793E-04  -4.6049241399E-03  -3.2924532854E-03
   37     -3.4374247705E-04   2.6275052628E-04  -1.2724846295E-05  -1.9509839166E-03  -8.5326149229E-06
   38      1.0044156889E-03   1.6025859411E-04  -3.2599377881E-04  -3.2467433937E-04  -4.4265782144E-04
   39     -6.4377949161E-05   3.3838931333E-05   3.8473731932E-04   1.6560487519E-03  -1.0667874154E-03
   40     -2.6450464477E-04   2.3248594317E-06  -9.3748156831E-05   2.6873670781E-04  -7.0842400560E-04
   41     -1.7414729835E-04  -3.1916775467E-04   1.5012247106E-04  -1.0741546563E-03   5.7248557242E-04
   42     -1.4425176498E-02  -1.2974503140E-02   2.3276207246E-03  -3.6530591611E-03   1.8069966422E-03
   43     -5.0618856694E-03  -3.7280109610E-03   1.1471896978E-03  -1.8901314654E-03   6.8439156003E-04
   44      2.1244965743E-03   1.4317729812E-03  -5.1419439119E-04   4.2745575876E-03   1.8926730836E-03
   45     -5.9008739616E-03  -3.4707944547E-03   7.8929753933E-03   8.5925882853E-04  -3.8876518326E-04
   46     -2.5605176007E-03  -8.8687892187E-04   3.5291488847E-03  -5.7214957280E-04  -4.2491855935E-04
   47     -1.3143818165E-03  -7.3102937273E-04   4.3323049444E-04   2.0353510821E-05   8.3138755640E-04
                    5                  6                  7                  8                  9        
    0     -7.6314716192E-02  -4.3239860829E-03   2.2710619898E-03   1.3488405079E-02   2.6928271897E-03
    1      8.9755781613E-02  -5.1048461597E-03   1.0964982658E-02  -2.3905266309E-02   1.4071504415E-03
    2     -4.1836223934E-01   1.1114353718E-02  -9.6356611718E-03  -4.0630114649E-02  -5.0725455714E-03
    3      1.1491926072E-01  -8.1997804960E-02   1.7810772550E-03   5.5021110352E-03  -6.1233725163E-04
    4     -1.5741898524E-01  -5.3767351504E-03  -8.6825830852E-02  -6.1265975779E-03   2.9352459455E-02
    5      7.0669393004E-01  -8.3953973977E-03  -2.6378746187E-03  -1.0156833324E-01   6.0559255468E-03
    6     -8.3953973977E-03   5.1863924772E-01  -3.1307923871E-01   2.3274525335E-01  -2.5692167421E-01
    7     -2.6378746187E-03  -3.1307923871E-01   6.6625867523E-01  -6.8451639378E-02   2.4217043329E-01
    8     -1.0156833324E-01   2.3274525335E-01  -6.8451639378E-02   8.2253693966E-01  -5.9760914929E-02
    9      6.0559255468E-03  -2.5692167421E-01   2.4217043329E-01  -5.9760914929E-02   2.8065347785E-01
   10     -9.1608251238E-03   2.3945046016E-01  -4.1322380342E-01   5.5619472962E-02  -3.2247458658E-01
   11      1.7885986566E-02  -5.8126128017E-02   5.0831081313E-02  -1.4784549222E-01   1.0693850816E-01
   12     -1.8303725994E-02  -1.6943893555E-01   4.7101549499E-02  -1.8163698796E-01  -2.4565446335E-02
   13     -2.0645566702E-02   4.8367291899E-02  -1.2980747886E-01   4.4067523807E-02   4.5779470289E-02
   14     -6.7654817257E-02  -1.8557395707E-01   3.7394099991E-02  -5.3248385267E-01  -5.2861708977E-02
   15     -5.8438374357E-02  -1.6349119096E-02   3.2419121870E-02   1.6362256044E-02   9.7216037529E-04
   16      7.7672815352E-02   2.7965698562E-02  -4.7590285583E-02  -5.4100561858E-03   4.6848408857E-03
   17     -1.0717364858E-01   1.0173561968E-02  -1.5715183983E-02  -6.7791629627E-04   3.5914516024E-03
   18     -3.4851956511E-02   9.9172692747E-04  -8.8218565049E-03  -9.8138113926E-03   8.7184056821E-04
   19     -3.5180560253E-03   2.5379072087E-03  -3.9584141323E-03  -3.5234741572E-03  -3.7662889991E-04
   20      5.0612431989E-03   7.2942635541E-04   4.0158599480E-03   1.2157587620E-02   5.1570063929E-04
   21      6.1842616188E-03   3.3247463594E-03  -6.1039600426E-03  -1.2036171213E-02  -1.3115067818E-03
   22      2.9396345403E-02   3.9765768915E-03   7.0903849346E-04  -1.1567501855E-03  -1.1260593710E-03
   23     -2.2966369886E-02   1.8982762648E-04  -1.6416645397E-03  -3.9957362487E-03  -3.0484502561E-04
   24      6.8886524411E-02   6.9150706024E-03  -5.3608472397E-03  -4.7875147343E-03  -2.1659229037E-03
   25     -1.2959353276E-02  -1.4101260033E-03   2.7734341250E-03   3.2953461327E-03   1.2713996874E-03
   26      9.8200287955E-05   7.9299954315E-04  -2.1708039449E-03  -4.4588716021E-03  -1.7713273187E-04
   27      1.2442029564E-03  -4.9066705685E-03   1.1742040638E-03   1.5985230643E-03   3.5253420303E-05
   28     -1.3707364026E-03  -1.9895401096E-03  -2.2040796784E-04   1.8362676367E-03   5.6549670068E-04
   29      4.4437841157E-03  -1.7262127044E-03   3.1357502647E-03  -6.0133296326E-04   1.7811727629E-03
   30      8.8504413761E-03   7.4502592703E-03   3.9215410034E-03  -2.2427443449E-03  -5.2163332429E-04
   31      1.4601021788E-02   5.5876537166E-03  -1.3052429732E-03   2.7199853357E-03  -7.7011276804E-04
   32     -1.6512424242E-02  -2.4517880596E-03   2.9924720976E-03  -3.5820540646E-03  -5.6850848720E-05
   33      1.1188050576E-03  -2.3645868023E-03   2.0950064560E-03  -2.4429091968E-03   5.7215838554E-04
   34      6.4657846117E-04   8.9149336353E-05   1.2409037562E-03   6.4566171152E-04  -9.9310833288E-05
   35     -6.5375813765E-04   6.8011411262E-04  -5.6104013343E-05   1.2291800004E-03  -5.2780236328E-04
   36     -4.4795155033E-04  -7.8789181290E-04   1.8035024648E-04  -7.2738826204E-04   1.2878159416E-04
   37     -5.2886993853E-04  -5.3833751081E-04   3.4994232046E-04  -3.1696102074E-04   4.2753694911E-05
   38      5.6307166780E-04  -4.4044597022E-04   1.1920662503E-04  -1.0642798552E-03  -2.1691984128E-05
   39     -8.2341596562E-04  -1.3600116245E-04   1.7586637089E-03   1.9460411925E-03   8.1685910941E-05
   40      1.4261042909E-04   1.9048843457E-04   1.9675828633E-04   8.2548571480E-04  -8.9578084591E-05
   41     -2.3043236538E-04  -2.4682609410E-04   2.9937688380E-04  -6.6660391305E-04   1.2374068814E-04
   42     -7.1348982338E-03   3.1651667981E-04  -2.2397169917E-03   5.3903195482E-04  -1.4052734756E-05
   43     -2.7915987458E-03  -6.4888883116E-04   7.6988215330E-04  -8.9463955839E-05  -2.5596260797E-04
   44      7.8694962420E-04   4.2559552581E-04   1.4759625988E-03   1.8080046383E-03  -1.8931744571E-04
   45     -2.5318070537E-03  -4.1089732069E-04   7.3393911387E-04   1.2957534476E-03   1.0438824644E-04
   46     -1.1799651870E-03  -1.8842742990E-05  -3.3215324054E-04  -4.8537202823E-05  -8.3388532608E-05
   47     -4.1114245398E-04   8.0689989038E-05   6.4124600368E-05  -1.5712419569E-04  -1.8884078763E-05
                   10                 11                 12                 13                 14        
    0     -1.3527095663E-03   2.3758059667E-03   3.4915871943E-04   2.1342347851E-03  -2.3002374596E-03
    1     -2.1168173001E-03  -2.1979063267E-03  -1.0787267242E-03  -3.5757778218E-03  -9.4453685420E-03
    2      4.9427123574E-03  -9.0459844748E-03   1.2070607701E-03  -3.4662270549E-03   7.6622569135E-04
    3      3.4558164980E-02   9.5286617442E-03   1.4306036623E-02  -1.7833298190E-04  -2.4163392459E-02
    4     -3.4428168663E-02  -1.3486956770E-02   3.6262771785E-03   1.4193770467E-02  -2.5711608263E-03
    5     -9.1608251238E-03   1.7885986566E-02  -1.8303725994E-02  -2.0645566702E-02  -6.7654817257E-02
    6      2.3945046016E-01  -5.8126128017E-02  -1.6943893555E-01   4.8367291899E-02  -1.8557395707E-01
    7     -4.1322380342E-01   5.0831081313E-02   4.7101549499E-02  -1.2980747886E-01   3.7394099991E-02
    8      5.5619472962E-02  -1.4784549222E-01  -1.8163698796E-01   4.4067523807E-02  -5.3248385267E-01
    9     -3.2247458658E-01   1.0693850816E-01  -2.4565446335E-02   4.5779470289E-02  -5.2861708977E-02
   10      4.6150815629E-01  -9.6030248577E-02   4.1744689917E-02  -4.4157148065E-03   5.5469796807E-02
   11     -9.6030248577E-02   1.6296298492E-01  -6.6748236695E-02   7.3223887743E-02  -2.3387375448E-02
   12      4.1744689917E-02  -6.6748236695E-02   1.7807223055E-01  -9.1817418960E-02   2.5753603017E-01
   13     -4.4157148065E-03   7.3223887743E-02  -9.1817418960E-02   1.2404688913E-01  -8.1687659637E-02
   14      5.5469796807E-02  -2.3387375448E-02   2.5753603017E-01  -8.1687659637E-02   6.2026346350E-01
   15      3.0906127589E-03   3.8059869372E-03  -1.1015191059E-03  -5.0582877640E-04  -3.2296117642E-03
   16     -4.8330887469E-03  -6.9662656109E-03  -7.4959894924E-04   2.9959066750E-05   5.7581603306E-04
   17     -6.5858743769E-03  -1.2518652675E-04   6.3282317218E-03  -9.5497683424E-03   5.3380483900E-03
   18      1.0483180567E-03  -1.4793519430E-03   5.8433165835E-05  -3.0362152628E-03   2.5891869483E-03
   19      2.1717731064E-04  -6.5527088933E-04   8.3089371333E-04  -9.8808515131E-04   6.7929949247E-04
   20     -1.7682319590E-03  -1.4909736765E-03  -1.4857200729E-03  -1.9141124111E-04  -5.3740511400E-03
   21      2.9576498393E-03   1.5155307874E-03   1.3586710929E-03   4.9641666590E-04   4.6251835986E-03
   22      1.0370015747E-04  -1.2654403614E-04   6.5551352147E-04  -2.0856228817E-04   7.6846705348E-04
   23      1.3365628060E-03   7.3049570791E-04   1.4498767616E-04   2.0049453977E-04   1.9684244497E-03
   24      2.3197668304E-03  -2.5704744808E-03   1.0022329917E-03  -9.3735743201E-04   1.4351629399E-03
   25     -1.6749385937E-03  -4.7616650329E-04  -4.1093929251E-04  -8.8447806197E-05  -2.0001326931E-03
   26      3.0353883111E-04   2.9908637835E-04   9.0520931075E-04  -2.2997377829E-04   1.8980136940E-03
   27     -3.0630963773E-04   3.1429707344E-03   3.3708543521E-04  -4.3199891769E-05  -1.1947164066E-03
   28     -1.6265401309E-03  -3.2479798896E-03   9.9346868639E-05   1.1811757146E-04  -6.7248885594E-04
   29     -3.1324890837E-03  -1.2322860037E-03   9.0531189189E-04  -5.2788740261E-04   1.6751333322E-03
   30     -5.6797014616E-04   7.3880366746E-04  -4.0164251634E-04  -7.6032717594E-04   2.4406602406E-03
   31      8.1168889161E-04  -1.6251041590E-03  -8.4755552230E-04   7.9536488216E-04   1.3621927770E-03
   32     -2.8146773984E-04   9.8779263466E-04   1.0257062018E-04  -1.1863939485E-03  -2.2161601808E-03
   33     -1.0389546052E-03   1.0127351018E-03   8.8594215565E-04   1.4490202628E-05   1.7052948812E-03
   34     -4.0884768149E-04   3.2343925085E-04   5.8375381097E-04  -1.5452370777E-04  -2.4371112886E-04
   35      1.4447099919E-04  -2.8166555588E-04   5.1831785100E-04   1.9887595982E-04  -1.0099105012E-03
   36      2.6761050778E-04   3.3028998546E-04   4.1133413920E-04   5.1890045333E-06   3.2748618835E-04
   37     -7.7543891006E-06   1.4201470846E-04   4.7475047468E-04   1.1079869774E-05   2.8776376054E-05
   38     -1.2078369341E-04   1.6432915728E-04   7.9678782605E-04  -5.4308595311E-06   2.5206269977E-04
   39     -8.6538961616E-04   1.0964511397E-04  -7.4031635237E-04   8.8641522567E-05  -6.0262410018E-04
   40      4.0757196592E-05  -4.6571787824E-05  -3.8418286972E-04   8.7371821366E-05  -2.4673458962E-04
   41     -3.4178899286E-04   2.0799600038E-04   3.7018320355E-04  -2.7333479924E-05   3.5143109776E-04
   42      1.3967375711E-03  -4.7208235416E-04  -2.6513432566E-04   3.2538773061E-04  -1.8930918886E-05
   43     -2.8549454831E-04   4.4344587629E-04   1.3503293268E-04  -1.2986058365E-04   4.5233154834E-04
   44     -4.4526961920E-04   4.2078282617E-05  -6.6682306036E-04  -1.6648918181E-04  -6.7676999740E-04
   45     -2.2646722514E-04  -1.1747014791E-04  -2.6813068876E-04   6.9995555385E-05  -7.1529557541E-04
   46      3.3968843464E-04  -8.3626609125E-05   3.4177227718E-05   8.5898212209E-05   9.9936428215E-05
   47      2.9196670502E-05   1.2821425466E-04   2.8272509014E-05   2.9899345526E-05   2.9013434641E-04
                   15                 16                 17                 18                 19        
    0      1.7440820872E-02   7.4843735766E-03  -1.8142021577E-02  -2.5840705802E-02  -6.4381658686E-03
    1      3.9241939904E-02  -3.5422641916E-02   5.0435702164E-02  -2.2247924671E-02  -6.0664090883E-03
    2     -3.3307160474E-02   4.0336949344E-02  -2.1309630184E-02   3.2322151870E-02   6.1548578350E-03
    3     -1.4209788990E-01   1.0948605187E-01  -5.2817501067E-02  -7.7297995221E-02   1.6202394548E-02
    4      1.1114943158E-01  -2.6359341126E-01   8.6031457010E-02   7.5684519073E-02   1.9451848605E-02
    5     -5.8438374357E-02   7.7672815352E-02  -1.0717364858E-01  -3.4851956511E-02  -3.5180560253E-03
    6     -1.6349119096E-02   2.7965698562E-02   1.0173561968E-02   9.9172692747E-04   2.5379072087E-03
    7      3.2419121870E-02  -4.7590285583E-02  -1.5715183983E-02  -8.8218565049E-03  -3.9584141323E-03
    8      1.6362256044E-02  -5.4100561858E-03  -6.7791629627E-04  -9.8138113926E-03  -3.5234741572E-03
    9      9.7216037529E-04   4.6848408857E-03   3.5914516024E-03   8.7184056821E-04  -3.7662889991E-04
   10      3.0906127589E-03  -4.8330887469E-03  -6.5858743769E-03   1.0483180567E-03   2.1717731064E-04
   11      3.8059869372E-03  -6.9662656109E-03  -1.2518652675E-04  -1.4793519430E-03  -6.5527088933E-04
   12     -1.1015191059E-03  -7.4959894924E-04   6.3282317218E-03   5.8433165835E-05   8.3089371333E-04
   13     -5.0582877640E-04   2.9959066750E-05  -9.5497683424E-03  -3.0362152628E-03  -9.8808515131E-04
   14     -3.2296117642E-03   5.7581603306E-04   5.3380483900E-03   2.5891869483E-03   6.7929949247E-04
   15      2.3783103114E-01  -1.3340564935E-01   5.9908570014E-02   2.1697937995E-02   5.5723595995E-03
   16     -1.3340564935E-01   4.1308957467E-01  -1.1596687201E-01  -3.5026464649E-02  -7.7440182917E-02
   17      5.9908570014E-02  -1.1596687201E-01   1.6363092089E-01   8.7689422594E-03   9.6093648514E-03
   18      2.1697937995E-02  -3.5026464649E-02   8.7689422594E-03   2.3441797056E-01  -1.4099019287E-01
   19      5.5723595995E-03  -7.7440182917E-02   9.6093648514E-03  -1.4099019287E-01   6.6797122116E-01
   20     -5.7888215906E-02   2.1393573701E-02  -4.1869123723E-02   8.0758676715E-02   1.5186860173E-02
   21     -7.0573689382E-03  -2.0938752360E-02   2.3428636965E-02  -7.8472453774E-02   4.7557707215E-03
   22     -5.5543985835E-02   6.6648706210E-03   6.0759512533E-03   3.5209889733E-02  -1.1321811242E-01
   23      6.4621106701E-02  -1.3972209715E-02   1.3483668030E-03  -7.3046311128E-03   4.8153372974E-02
   24     -5.0719220380E-02   2.7863565333E-02  -1.4561917555E-02   4.9734485812E-02   1.1474382014E-02
   25      1.5126344503E-02  -2.4829153157E-03   1.8725966499E-03  -7.3583040991E-03  -1.4398423038E-02
   26      5.4114256741E-03  -2.3170925984E-03   1.7064286909E-04  -1.9005016210E-02   3.5298038658E-02
   27      3.5861929121E-03   6.6628882852E-03  -1.8286323418E-03   2.9150327574E-03   2.0348001013E-04
   28      3.4683151474E-04   4.5193086025E-03  -1.5013514622E-04   1.4841544842E-03   2.5998502283E-04
   29     -2.5750565013E-03   3.6185614073E-03  -7.1396910574E-03   1.5269184773E-03   4.1502172920E-04
   30     -7.2941409158E-03   1.1078146108E-03  -4.5793832903E-04   3.7970158438E-03   1.2655954505E-03
   31     -4.1096531611E-03   1.6602299227E-04  -8.2358032237E-04   2.1156252529E-03   1.0601791745E-03
   32      2.8806074341E-03  -1.9067617736E-04   2.7619087325E-03  -1.3727190195E-03  -3.7011437329E-04
   33     -3.3936790285E-02  -1.8758752636E-02  -1.8342828960E-02  -3.8779681805E-02  -9.3795952095E-03
   34     -6.7563539924E-03  -1.0249995788E-03  -3.1195500585E-03  -1.7474127380E-02  -1.9178678991E-01
   35      1.0467269394E-03   1.4811308145E-03   3.2903469175E-03  -2.7953817535E-02  -1.4206796638E-01
   36     -2.5851925063E-02   2.5407813570E-02  -6.9141798714E-03  -9.4075283481E-02   1.0953565031E-01
   37     -8.5891421825E-03   8.6991291249E-03  -2.1078115490E-03   1.1902038838E-01  -2.8868339741E-01
   38      5.3668331100E-04  -3.2322743897E-04   1.2074879119E-03  -2.7564738777E-02   5.4413557004E-02
   39     -2.5348667952E-03   1.3440926031E-03  -1.7414405256E-03   4.9556192825E-03   2.7079230153E-03
   40     -1.1131049699E-03   3.9267352748E-04  -8.1382464918E-04  -1.7082048314E-03   1.0391698890E-02
   41      1.1991473627E-03   5.5315967763E-04   4.8920990314E-04   4.2688533594E-03  -2.1817330529E-02
   42      5.0801891348E-03  -3.4879312637E-03   3.0400470886E-03  -9.9538409659E-03  -4.0796713309E-03
   43      1.8054647692E-03  -1.4376318451E-03   1.3731423412E-03  -3.1193141047E-03   4.7061220258E-04
   44     -1.4706170333E-03   5.0445709143E-04  -3.7142018030E-04   1.2727365628E-03   5.9939018416E-04
   45      3.3450804500E-04   3.6189928243E-04  -4.1848676068E-04   4.9798981406E-03   6.1755233548E-03
   46      1.2697223956E-03   2.6361854983E-04  -5.5585437686E-04   5.2220836212E-03  -3.2829082997E-03
   47      1.1220309856E-03  -9.9982313504E-04   4.2968413628E-04  -2.1611346192E-03   1.4480143817E-03
                   20                 21                 22                 23                 24        
    0      1.3013300355E-02  -2.5859334981E-02   3.5764537977E-02  -3.1181393599E-02   5.7843844323E-02
    1      9.9855581309E-03  -4.5856924415E-03   1.6638657799E-02  -1.3308247776E-02   2.8120481831E-02
    2     -1.2856001335E-02   1.1254437391E-02  -2.8763506964E-02   1.8922305005E-02  -5.3335416275E-02
    3      1.3187761449E-02  -2.7690181630E-02   1.1868761552E-02  -6.8371693279E-03  -7.8171273446E-03
    4     -3.2768441500E-02   1.4065263547E-02  -2.3228377003E-02   3.0597829854E-02  -4.6977676893E-02
    5      5.0612431989E-03   6.1842616188E-03   2.9396345403E-02  -2.2966369886E-02   6.8886524411E-02
    6      7.2942635541E-04   3.3247463594E-03   3.9765768915E-03   1.8982762648E-04   6.9150706024E-03
    7      4.0158599480E-03  -6.1039600426E-03   7.0903849346E-04  -1.6416645397E-03  -5.3608472397E-03
    8      1.2157587620E-02  -1.2036171213E-02  -1.1567501855E-03  -3.9957362487E-03  -4.7875147343E-03
    9      5.1570063929E-04  -1.3115067818E-03  -1.1260593710E-03  -3.0484502561E-04  -2.1659229037E-03
   10     -1.7682319590E-03   2.9576498393E-03   1.0370015747E-04   1.3365628060E-03   2.3197668304E-03
   11     -1.4909736765E-03   1.5155307874E-03  -1.2654403614E-04   7.3049570791E-04  -2.5704744808E-03
   12     -1.4857200729E-03   1.3586710929E-03   6.5551352147E-04   1.4498767616E-04   1.0022329917E-03
   13     -1.9141124111E-04   4.9641666590E-04  -2.0856228817E-04   2.0049453977E-04  -9.3735743201E-04
   14     -5.3740511400E-03   4.6251835986E-03   7.6846705348E-04   1.9684244497E-03   1.4351629399E-03
   15     -5.7888215906E-02  -7.0573689382E-03  -5.5543985835E-02   6.4621106701E-02  -5.0719220380E-02
   16      2.1393573701E-02  -2.0938752360E-02   6.6648706210E-03  -1.3972209715E-02   2.7863565333E-02
   17     -4.1869123723E-02   2.3428636965E-02   6.0759512533E-03   1.3483668030E-03  -1.4561917555E-02
   18      8.0758676715E-02  -7.8472453774E-02   3.5209889733E-02  -7.3046311128E-03   4.9734485812E-02
   19      1.5186860173E-02   4.7557707215E-03  -1.1321811242E-01   4.8153372974E-02   1.1474382014E-02
   20      6.2216410260E-01   3.3579473385E-02   3.8041267374E-02  -2.7054230752E-01  -2.6264523394E-02
   21      3.3579473385E-02   2.8482794418E-01  -2.1392550085E-01  -7.0776460627E-02  -1.0385777777E-01
   22      3.8041267374E-02  -2.1392550085E-01   7.0387916422E-01  -1.4887105349E-02   1.2085506218E-01
   23     -2.7054230752E-01  -7.0776460627E-02  -1.4887105349E-02   6.3975960620E-01  -6.2280474028E-03
   24     -2.6264523394E-02  -1.0385777777E-01   1.2085506218E-01  -6.2280474028E-03   1.4199872923E-01
   25      2.0055473865E-02   1.5421534403E-01  -3.9397383906E-01   8.1056522650E-02  -1.8328271363E-01
   26     -1.0675133166E-02  -4.2108290239E-02   9.2331973897E-02  -1.4719738078E-01   6.3330736727E-03
   27      8.6074923542E-04  -4.9206472828E-04  -2.2991329222E-03   9.9336062821E-04  -6.3192359029E-03
   28      1.2060106010E-04   5.5212880738E-04  -1.0983429017E-03   8.4892692266E-04  -4.4772385886E-03
   29     -3.1987202939E-04  -3.9493653349E-05  -4.4024037955E-04  -5.2807052135E-05   1.4996972968E-04
   30     -2.6987351384E-03  -1.0761860734E-03  -7.7200390885E-03   1.7675720789E-03  -1.8405007962E-02
   31     -1.4795211157E-03   2.6820190147E-03  -4.1182213688E-04   2.8741915723E-03  -4.2849189438E-03
   32      3.6230244222E-04  -1.6477593721E-04   1.1014305103E-03   4.7275797933E-05   1.7700893974E-03
   33     -2.9028443348E-02   3.6651977496E-03   1.5884942784E-03   1.0361403577E-02  -5.2827515882E-03
   34     -1.4230126612E-01   2.3248393398E-03   1.0949465930E-02   1.0008220177E-02  -9.1785833575E-04
   35     -2.0924785723E-01  -1.0846396160E-03  -2.0433371386E-02  -1.9709249108E-02   1.8685424844E-03
   36     -2.9900504421E-02   7.2760968868E-03  -8.4780439046E-03   2.1649628658E-03   1.6916478932E-03
   37      5.7738578681E-02   3.5371997904E-03  -5.5608232969E-03  -1.2207228746E-03   2.5245372110E-05
   38     -7.1794831214E-02  -1.5023514726E-02   2.7326654086E-02  -2.4077867880E-03   3.7353620432E-04
   39      1.2042057437E-03  -5.7295327377E-02   5.3842244837E-02   5.2582183676E-02   1.6390389390E-03
   40      1.0855551938E-02   6.1148056642E-02  -1.8681031687E-01  -1.3553317442E-01   6.1919548680E-03
   41     -1.7894377443E-02   6.0080304791E-02  -1.3535322686E-01  -2.0216230567E-01  -3.0288833748E-03
   42      2.3654758678E-03  -3.8902956748E-03   2.0541363633E-02   7.5235711861E-03  -3.0031685973E-02
   43     -5.9066129423E-04   2.1919759141E-03  -1.2169891788E-02  -2.1058920752E-02   4.1981756232E-02
   44      1.0274663250E-03  -1.2529159586E-03   6.9336092534E-03   1.0518336547E-02   2.5713139112E-02
   45      1.0510834641E-03   6.5498414608E-03   4.7950744266E-03  -1.7720426843E-02  -3.6226319971E-02
   46      1.7006434355E-03  -3.3775156800E-03  -2.2648094569E-03   2.6532323303E-02   7.4246451783E-03
   47      1.2918262919E-03   1.8224313552E-03  -8.0135304532E-04  -4.2608674602E-03   4.2543630145E-03
                   25                 26                 27                 28                 29        
    0     -2.0092882339E-02   4.8257868902E-03  -1.1755121321E-01   1.3596340763E-01  -3.0172273190E-02
    1     -2.0308502133E-02  -6.4534733924E-04   1.4165410818E-01  -2.7082824956E-01   4.8219973666E-02
    2      9.0499275602E-03  -1.2214047026E-02  -3.9486214924E-02   5.3441607456E-02  -7.0958293382E-02
    3     -1.4685594475E-03   1.9432532979E-04   2.6403313197E-03   6.6494567694E-03  -1.7254653507E-02
    4      2.8206842886E-03   8.3759770540E-03  -4.9127898311E-03  -7.5699701713E-03   2.2634110867E-02
    5     -1.2959353276E-02   9.8200287955E-05   1.2442029564E-03  -1.3707364026E-03   4.4437841157E-03
    6     -1.4101260033E-03   7.9299954315E-04  -4.9066705685E-03  -1.9895401096E-03  -1.7262127044E-03
    7      2.7734341250E-03  -2.1708039449E-03   1.1742040638E-03  -2.2040796784E-04   3.1357502647E-03
    8      3.2953461327E-03  -4.4588716021E-03   1.5985230643E-03   1.8362676367E-03  -6.0133296326E-04
    9      1.2713996874E-03  -1.7713273187E-04   3.5253420303E-05   5.6549670068E-04   1.7811727629E-03
   10     -1.6749385937E-03   3.0353883111E-04  -3.0630963773E-04  -1.6265401309E-03  -3.1324890837E-03
   11     -4.7616650329E-04   2.9908637835E-04   3.1429707344E-03  -3.2479798896E-03  -1.2322860037E-03
   12     -4.1093929251E-04   9.0520931075E-04   3.3708543521E-04   9.9346868639E-05   9.0531189189E-04
   13     -8.8447806197E-05  -2.2997377829E-04  -4.3199891769E-05   1.1811757146E-04  -5.2788740261E-04
   14     -2.0001326931E-03   1.8980136940E-03  -1.1947164066E-03  -6.7248885594E-04   1.6751333322E-03
   15      1.5126344503E-02   5.4114256741E-03   3.5861929121E-03   3.4683151474E-04  -2.5750565013E-03
   16     -2.4829153157E-03  -2.3170925984E-03   6.6628882852E-03   4.5193086025E-03   3.6185614073E-03
   17      1.8725966499E-03   1.7064286909E-04  -1.8286323418E-03  -1.5013514622E-04  -7.1396910574E-03
   18     -7.3583040991E-03  -1.9005016210E-02   2.9150327574E-03   1.4841544842E-03   1.5269184773E-03
   19     -1.4398423038E-02   3.5298038658E-02   2.0348001013E-04   2.5998502283E-04   4.1502172920E-04
   20      2.0055473865E-02  -1.0675133166E-02   8.6074923542E-04   1.2060106010E-04  -3.1987202939E-04
   21      1.5421534403E-01  -4.2108290239E-02  -4.9206472828E-04   5.5212880738E-04  -3.9493653349E-05
   22     -3.9397383906E-01   9.2331973897E-02  -2.2991329222E-03  -1.0983429017E-03  -4.4024037955E-04
   23      8.1056522650E-02  -1.4719738078E-01   9.9336062821E-04   8.4892692266E-04  -5.2807052135E-05
   24     -1.8328271363E-01   6.3330736727E-03  -6.3192359029E-03  -4.4772385886E-03   1.4996972968E-04
   25      7.3919129885E-01  -4.1670839662E-02   5.1218338935E-03   2.2531532306E-03   1.6555548149E-04
   26     -4.1670839662E-02   6.9083801492E-01  -7.4298192837E-04  -5.5319756029E-04   4.0044316548E-04
   27      5.1218338935E-03  -7.4298192837E-04   1.1736507202E-01  -1.4713043803E-01   3.6245399120E-02
   28      2.2531532306E-03  -5.5319756029E-04  -1.4713043803E-01   2.8175715020E-01  -5.6618150568E-02
   29      1.6555548149E-04   4.0044316548E-04   3.6245399120E-02  -5.6618150568E-02   6.5406491091E-02
   30     -3.9175446047E-03  -6.8962390478E-03   1.4866206285E-03   7.4610038809E-03   1.1554768340E-02
   31     -1.0937399746E-03  -1.8917171941E-03  -6.0350051777E-04  -8.1319317546E-03  -1.7272319941E-02
   32      3.8957702336E-04   1.0446550410E-03  -7.1182586402E-04   6.4946518995E-03   8.5373484487E-03
   33      7.7791734395E-04  -5.7508106795E-04   5.8357448316E-05   2.1549121292E-06  -2.3069906856E-04
   34      9.7584008602E-04   4.3550940163E-04  -1.4422411727E-05  -2.5663009447E-05  -2.7582430056E-05
   35     -7.4433415435E-04   1.6512716317E-03   1.6139274804E-05   1.4933527893E-05   1.3536857165E-05
   36     -9.6564483516E-05   3.1635499364E-03   1.2452176913E-04   3.7109337216E-05  -1.0134062331E-04
   37      4.5008155569E-04   2.8037718619E-03   4.6858629815E-05   2.3446125170E-05  -4.3624512696E-05
   38      1.2819409305E-03  -6.3013119342E-03   5.9953685846E-05   7.6464906258E-06  -2.4205225105E-05
   39      9.5587603692E-03   1.1379676956E-02  -9.6339015382E-05  -2.9631970308E-05  -9.3915046817E-05
   40     -1.6556658468E-02  -2.0809354637E-02  -1.2319948785E-04   6.3534400065E-05   7.8513124701E-05
   41      9.8712066656E-03   1.0301870584E-02   8.7880699487E-05   6.9887738938E-05   1.5732469667E-05
   42      3.0729353537E-02   2.5887464588E-02   6.2560163954E-04   1.5745396837E-04  -1.4659020096E-04
   43     -2.1931014838E-01  -1.4289841528E-01   3.2789085604E-04   3.8609963895E-04  -2.6430288335E-06
   44     -1.4521284845E-01  -1.9194813660E-01  -5.0273310113E-04  -8.1415093099E-05  -2.8874618134E-05
   45      1.2184317495E-03   1.0603605575E-02   1.9145407946E-04   3.1083080309E-04   1.6346469333E-04
   46     -7.8576879369E-02   7.3649145414E-02   2.3920182904E-04   1.2031070568E-04  -1.8344403993E-04
   47      7.6014314654E-02  -3.3390731746E-01   2.3115464792E-04  -1.5952437115E-04  -1.3510714885E-04
                   30                 31                 32                 33                 34        
    0     -3.0279200938E-02   3.3738965652E-02   2.1581344871E-02   1.3451812767E-03  -6.2956837150E-06
    1      3.4414169578E-02  -1.9893917240E-01  -1.5357929363E-01   2.6225916241E-03   4.3028236571E-04
    2      1.3075814396E-02  -1.6479945498E-01  -2.2416964404E-01  -2.3757431293E-03  -2.2518351927E-04
    3      1.5345461760E-03  -1.2155958960E-03   4.1403480903E-03   5.9817041017E-03   2.9754971421E-03
    4     -4.4545812228E-03   7.9541822507E-03  -2.1680283316E-02  -9.9885578902E-03  -1.1041566199E-03
    5      8.8504413761E-03   1.4601021788E-02  -1.6512424242E-02   1.1188050576E-03   6.4657846117E-04
    6      7.4502592703E-03   5.5876537166E-03  -2.4517880596E-03  -2.3645868023E-03   8.9149336353E-05
    7      3.9215410034E-03  -1.3052429732E-03   2.9924720976E-03   2.0950064560E-03   1.2409037562E-03
    8     -2.2427443449E-03   2.7199853357E-03  -3.5820540646E-03  -2.4429091968E-03   6.4566171152E-04
    9     -5.2163332429E-04  -7.7011276804E-04  -5.6850848720E-05   5.7215838554E-04  -9.9310833288E-05
   10     -5.6797014616E-04   8.1168889161E-04  -2.8146773984E-04  -1.0389546052E-03  -4.0884768149E-04
   11      7.3880366746E-04  -1.6251041590E-03   9.8779263466E-04   1.0127351018E-03   3.2343925085E-04
   12     -4.0164251634E-04  -8.4755552230E-04   1.0257062018E-04   8.8594215565E-04   5.8375381097E-04
   13     -7.6032717594E-04   7.9536488216E-04  -1.1863939485E-03   1.4490202628E-05  -1.5452370777E-04
   14      2.4406602406E-03   1.3621927770E-03  -2.2161601808E-03   1.7052948812E-03  -2.4371112886E-04
   15     -7.2941409158E-03  -4.1096531611E-03   2.8806074341E-03  -3.3936790285E-02  -6.7563539924E-03
   16      1.1078146108E-03   1.6602299227E-04  -1.9067617736E-04  -1.8758752636E-02  -1.0249995788E-03
   17     -4.5793832903E-04  -8.2358032237E-04   2.7619087325E-03  -1.8342828960E-02  -3.1195500585E-03
   18      3.7970158438E-03   2.1156252529E-03  -1.3727190195E-03  -3.8779681805E-02  -1.7474127380E-02
   19      1.2655954505E-03   1.0601791745E-03  -3.7011437329E-04  -9.3795952095E-03  -1.9178678991E-01
   20     -2.6987351384E-03  -1.4795211157E-03   3.6230244222E-04  -2.9028443348E-02  -1.4230126612E-01
   21     -1.0761860734E-03   2.6820190147E-03  -1.6477593721E-04   3.6651977496E-03   2.3248393398E-03
   22     -7.7200390885E-03  -4.1182213688E-04   1.1014305103E-03   1.5884942784E-03   1.0949465930E-02
   23      1.7675720789E-03   2.8741915723E-03   4.7275797933E-05   1.0361403577E-02   1.0008220177E-02
   24     -1.8405007962E-02  -4.2849189438E-03   1.7700893974E-03  -5.2827515882E-03  -9.1785833575E-04
   25     -3.9175446047E-03  -1.0937399746E-03   3.8957702336E-04   7.7791734395E-04   9.7584008602E-04
   26     -6.8962390478E-03  -1.8917171941E-03   1.0446550410E-03  -5.7508106795E-04   4.3550940163E-04
   27      1.4866206285E-03  -6.0350051777E-04  -7.1182586402E-04   5.8357448316E-05  -1.4422411727E-05
   28      7.4610038809E-03  -8.1319317546E-03   6.4946518995E-03   2.1549121292E-06  -2.5663009447E-05
   29      1.1554768340E-02  -1.7272319941E-02   8.5373484487E-03  -2.3069906856E-04  -2.7582430056E-05
   30      4.3603203227E-02  -3.1472947249E-02  -2.6176866236E-02  -4.4986831676E-04  -1.3055739511E-05
   31     -3.1472947249E-02   1.9929285540E-01   1.6596034340E-01  -2.1209519264E-04  -5.7289748943E-05
   32     -2.6176866236E-02   1.6596034340E-01   2.3238364518E-01   1.8140868712E-04   2.5401072385E-05
   33     -4.4986831676E-04  -2.1209519264E-04   1.8140868712E-04   6.0729159413E-02   2.3608825119E-02
   34     -1.3055739511E-05  -5.7289748943E-05   2.5401072385E-05   2.3608825119E-02   1.9503330903E-01
   35      1.0893492627E-04   5.2030425802E-05  -7.1812872182E-06   2.6616737222E-02   1.5183482115E-01
   36     -1.2998992263E-04  -9.0427447855E-05   4.7782533482E-05   4.3875939381E-03  -3.8751608081E-03
   37     -3.3201334298E-05  -5.5230200577E-05   8.7291026766E-06   8.5759305187E-03  -1.3635970898E-02
   38     -1.3986083776E-04   3.8496029461E-05   1.2343101790E-05   1.0884960592E-02  -2.0060851997E-02
   39      1.1319563113E-04  -3.7791856678E-04  -1.4680768323E-04   2.3756121726E-03   1.4497129808E-05
   40      4.0890682173E-04  -1.5680656118E-05  -6.5812952375E-05   5.0613082453E-05  -1.0834343960E-04
   41      1.1552081665E-04  -1.1139709554E-04   1.0198799727E-04   1.7501207633E-03   2.5273675316E-03
   42     -3.2683396452E-04   3.9560558741E-05   1.3985801901E-04   1.0525336709E-03  -3.5841522567E-04
   43      7.7949028800E-05   3.9219404275E-05   1.2123723792E-04  -1.3028650109E-05  -1.9668088629E-04
   44      6.6915550702E-05   2.4104959777E-04  -6.1689955142E-05  -6.3197694648E-04  -3.2545881630E-04
   45      8.9966315726E-04  -1.7226886917E-04   2.4283478424E-04  -2.3976151518E-04  -8.3788019566E-05
   46      2.7585612718E-04  -1.0940314915E-04   2.4738876934E-04   5.7187198358E-05  -1.2653568263E-04
   47     -1.1225824589E-04   1.6659490290E-04   3.0989439371E-04   2.8166003562E-07  -1.3497026439E-04
                   35                 36                 37                 38                 39        
    0     -4.5529567061E-05  -5.8691557860E-04  -3.4374247705E-04   1.0044156889E-03  -6.4377949161E-05
    1     -3.2807510239E-04   4.5160368891E-04   2.6275052628E-04   1.6025859411E-04   3.3838931333E-05
    2      3.9029484116E-04   4.3242062793E-04  -1.2724846295E-05  -3.2599377881E-04   3.8473731932E-04
    3     -1.5918289303E-03  -4.6049241399E-03  -1.9509839166E-03  -3.2467433937E-04   1.6560487519E-03
    4     -4.0178042900E-04  -3.2924532854E-03  -8.5326149229E-06  -4.4265782144E-04  -1.0667874154E-03
    5     -6.5375813765E-04  -4.4795155033E-04  -5.2886993853E-04   5.6307166780E-04  -8.2341596562E-04
    6      6.8011411262E-04  -7.8789181290E-04  -5.3833751081E-04  -4.4044597022E-04  -1.3600116245E-04
    7     -5.6104013343E-05   1.8035024648E-04   3.4994232046E-04   1.1920662503E-04   1.7586637089E-03
    8      1.2291800004E-03  -7.2738826204E-04  -3.1696102074E-04  -1.0642798552E-03   1.9460411925E-03
    9     -5.2780236328E-04   1.2878159416E-04   4.2753694911E-05  -2.1691984128E-05   8.1685910941E-05
   10      1.4447099919E-04   2.6761050778E-04  -7.7543891006E-06  -1.2078369341E-04  -8.6538961616E-04
   11     -2.8166555588E-04   3.3028998546E-04   1.4201470846E-04   1.6432915728E-04   1.0964511397E-04
   12      5.1831785100E-04   4.1133413920E-04   4.7475047468E-04   7.9678782605E-04  -7.4031635237E-04
   13      1.9887595982E-04   5.1890045333E-06   1.1079869774E-05  -5.4308595311E-06   8.8641522567E-05
   14     -1.0099105012E-03   3.2748618835E-04   2.8776376054E-05   2.5206269977E-04  -6.0262410018E-04
   15      1.0467269394E-03  -2.5851925063E-02  -8.5891421825E-03   5.3668331100E-04  -2.5348667952E-03
   16      1.4811308145E-03   2.5407813570E-02   8.6991291249E-03  -3.2322743897E-04   1.3440926031E-03
   17      3.2903469175E-03  -6.9141798714E-03  -2.1078115490E-03   1.2074879119E-03  -1.7414405256E-03
   18     -2.7953817535E-02  -9.4075283481E-02   1.1902038838E-01  -2.7564738777E-02   4.9556192825E-03
   19     -1.4206796638E-01   1.0953565031E-01  -2.8868339741E-01   5.4413557004E-02   2.7079230153E-03
   20     -2.0924785723E-01  -2.9900504421E-02   5.7738578681E-02  -7.1794831214E-02   1.2042057437E-03
   21     -1.0846396160E-03   7.2760968868E-03   3.5371997904E-03  -1.5023514726E-02  -5.7295327377E-02
   22     -2.0433371386E-02  -8.4780439046E-03  -5.5608232969E-03   2.7326654086E-02   5.3842244837E-02
   23     -1.9709249108E-02   2.1649628658E-03  -1.2207228746E-03  -2.4077867880E-03   5.2582183676E-02
   24      1.8685424844E-03   1.6916478932E-03   2.5245372110E-05   3.7353620432E-04   1.6390389390E-03
   25     -7.4433415435E-04  -9.6564483516E-05   4.5008155569E-04   1.2819409305E-03   9.5587603692E-03
   26      1.6512716317E-03   3.1635499364E-03   2.8037718619E-03  -6.3013119342E-03   1.1379676956E-02
   27      1.6139274804E-05   1.2452176913E-04   4.6858629815E-05   5.9953685846E-05  -9.6339015382E-05
   28      1.4933527893E-05   3.7109337216E-05   2.3446125170E-05   7.6464906258E-06  -2.9631970308E-05
   29      1.3536857165E-05  -1.0134062331E-04  -4.3624512696E-05  -2.4205225105E-05  -9.3915046817E-05
   30      1.0893492627E-04  -1.2998992263E-04  -3.3201334298E-05  -1.3986083776E-04   1.1319563113E-04
   31      5.2030425802E-05  -9.0427447855E-05  -5.5230200577E-05   3.8496029461E-05  -3.7791856678E-04
   32     -7.1812872182E-06   4.7782533482E-05   8.7291026766E-06   1.2343101790E-05  -1.4680768323E-04
   33      2.6616737222E-02   4.3875939381E-03   8.5759305187E-03   1.0884960592E-02   2.3756121726E-03
   34      1.5183482115E-01  -3.8751608081E-03  -1.3635970898E-02  -2.0060851997E-02   1.4497129808E-05
   35      2.1949380845E-01   1.5148709569E-03   7.1876890520E-03   8.1287499699E-03  -9.5708606792E-04
   36      1.5148709569E-03   1.1378370971E-01  -1.1955883276E-01   3.0034924652E-02  -1.5401882015E-03
   37      7.1876890520E-03  -1.1955883276E-01   2.9736931497E-01  -6.3627736007E-02  -8.5792665771E-04
   38      8.1287499699E-03   3.0034924652E-02  -6.3627736007E-02   7.0581160257E-02   2.2484396480E-04
