
$orca_hessian_file

$act_atom
  0

$act_coord
  0

$act_energy
        0.000000

$multiplicity
  1

$hessian
48
                    0                  1                  2                  3                  4        
    0      1.9038774966E-01  -2.4291553954E-01   9.8918895265E-02  -7.3156677197E-02   6.6058635547E-02
    1     -2.4291553954E-01   6.2174970106E-01   1.4598164629E-02   2.5810061189E-02  -9.8557826850E-02
    2      9.8918895265E-02   1.4598164629E-02   7.5203241779E-01  -3.1979311779E-02   5.4785797657E-02
    3     -7.3156677197E-02   2.5810061189E-02  -3.1979311779E-02   3.7237196486E-01  -2.2234534003E-01
    4      6.6058635547E-02  -9.8557826850E-02   5.4785797657E-02  -2.2234534003E-01   5.3658768054E-01
    5     -7.7035031354E-02   7.5758147600E-02  -3.8288895566E-01   1.3508719752E-01  -1.7978212624E-01
    6      9.0726315114E-04  -1.8252486922E-03   7.6321799569E-03  -7.7158832893E-02  -1.6013619088E-02
    7     -4.0288219784E-03   8.1301607577E-03  -1.8301772571E-04  -9.1097661583E-03  -7.3253730180E-02
    8      2.9300939216E-03  -2.8858429131E-02  -2.7947452062E-02  -1.9243601238E-03   9.1349174063E-03
    9      9.5524369796E-04   5.0342182304E-04  -2.3203409389E-03  -4.6028137299E-03   2.3939359456E-02
   10      2.3448388893E-03  -1.1796422939E-03  -8.0282291181E-04   3.3832752229E-02  -1.5543536413E-02
   11      2.6178860967E-03  -6.9722582055E-04  -8.0395336644E-03   9.9637958789E-03  -1.1545881047E-02
   12      1.9307273673E-03  -1.7062169315E-03  -1.5857436257E-03   1.0506208874E-02   5.3486991652E-03
   13      2.0945904619E-03  -4.7855999230E-03  -3.8678269817E-03  -5.2828866064E-03   1.1743787028E-02
   14      2.4669436983E-03  -7.3693683352E-03  -4.1616078674E-03  -2.9653449131E-02  -2.1044521547E-03
   15      3.6721318880E-02   4.8163888978E-02  -5.4675314358E-02  -1.4839441115E-01   1.2789850687E-01
   16     -5.0048469302E-03  -4.0599334652E-02   5.4525719379E-02   1.5683079012E-01  -3.5578419297E-01
   17     -1.3813978622E-02   5.4740124317E-02  -2.3928436934E-02  -7.2995748828E-02   1.2374684938E-01
   18     -3.1589605736E-02  -2.5940182526E-02   4.1256790893E-02  -7.0025730402E-02   8.6831616832E-02
   19     -1.0278295987E-02  -8.5871942724E-03   1.0463405020E-02   4.7116439921E-04   2.4707197607E-02
   20      2.3861777462E-02   1.6064995117E-02  -2.4387371499E-02   2.5880853209E-02  -4.5611961318E-02
   21     -2.4367691017E-02  -3.4262520331E-03   1.2674417280E-02  -2.5860945926E-02   1.4923671839E-02
   22      3.7416111581E-02   2.1195209978E-02  -3.2514715017E-02   2.5174272214E-02  -4.2905761069E-02
   23     -3.7052407842E-02  -1.7346124803E-02   2.8788966677E-02  -2.3608113557E-02   4.8593588905E-02
   24      6.1807456489E-02   3.1499005445E-02  -5.0331748030E-02   1.3992865090E-02  -6.5616741182E-02
   25     -1.4748954782E-02  -2.5662449211E-02   1.2170261623E-02  -8.5896403370E-03   1.5553384895E-02
   26      5.8665838726E-03   1.9370030789E-05  -1.9352916414E-02   3.0351123882E-03   8.5253870878E-04
   27     -1.1731426484E-01   1.4724079596E-01  -3.9530709157E-02   1.0672920565E-03  -5.4791518175E-03
   28      1.4066976596E-01  -2.7016650922E-01   5.0340768208E-02   5.3941100556E-03  -8.8575478021E-03
   29     -3.0474113866E-02   4.5079083092E-02  -6.9645931542E-02  -1.7276135784E-02   2.3409024524E-02
   30     -3.1617100183E-02   3.3489082833E-02   1.2905242790E-02   3.1857878675E-03  -7.4564123506E-03
   31      3.4286336224E-02  -1.9856820263E-01  -1.6362158450E-01   1.3490982006E-04   6.8253941778E-03
   32      2.0101737251E-02  -1.5272014925E-01  -2.2071083861E-01   3.3234856377E-03  -2.2267756384E-02
   33      1.9744542061E-03   3.1227611705E-03  -3.3221611339E-03   4.6451048908E-03  -1.0265130762E-02
   34      3.4073961744E-04   2.8970670905E-04  -5.0337877872E-04   1.8364368260E-03  -4.6472062720E-04
   35      2.7968097799E-05  -2.8459416670E-04   3.3449637579E-06  -9.6341756958E-04  -1.6428806625E-04
   36      2.9119799460E-04   5.8700608153E-04  -1.0281538448E-04  -3.0071457431E-03  -3.0724579932E-03
   37     -4.2794729029E-05   4.4530359214E-04  -2.4257289221E-04  -9.0370496588E-04  -9.3271386944E-04
   38      5.7465444331E-04   1.7804033775E-04  -2.0693080386E-04  -2.3867789250E-04  -8.3164850677E-04
   39      5.3734173739E-04   3.7914300596E-04   1.2631486591E-04   1.0804465439E-03  -1.7153198546E-04
   40      5.5926652564E-05   2.9542779229E-04  -2.4833664822E-04   1.6396856083E-04  -5.1828602370E-04
   41      2.2600459645E-06  -2.7433305420E-04   9.0466348488E-06  -4.4177874997E-04   7.0873190304E-05
   42     -1.0091675196E-02  -1.0437311969E-02   8.0803353413E-04  -4.4304769713E-03   3.1911038002E-03
   43     -3.0436270623E-03  -2.4315725185E-03   1.0831574007E-03  -2.1729849044E-03   9.0564965167E-04
   44      2.0544548381E-03   1.9262518342E-03  -4.6769251400E-04   2.5106971272E-03   8.0393435628E-04
   45     -7.3757390166E-03  -4.5516934952E-03   9.5170943340E-03  -2.1263616942E-04   2.2090691708E-03
   46     -3.1967852164E-03  -1.5671783100E-03   4.0336725509E-03  -1.2244198737E-03   4.9522190350E-04
   47     -1.0385478190E-03  -8.3064340848E-04   9.0389151063E-04  -7.2211883537E-04   9.0501151199E-04
                    5                  6                  7                  8                  9        
    0     -7.7035031354E-02   9.0726315114E-04  -4.0288219784E-03   2.9300939216E-03   9.5524369796E-04
    1      7.5758147600E-02  -1.8252486922E-03   8.1301607577E-03  -2.8858429131E-02   5.0342182304E-04
    2     -3.8288895566E-01   7.6321799569E-03  -1.8301772571E-04  -2.7947452062E-02  -2.3203409389E-03
    3      1.3508719752E-01  -7.7158832893E-02  -9.1097661583E-03  -1.9243601238E-03  -4.6028137299E-03
    4     -1.7978212624E-01  -1.6013619088E-02  -7.3253730180E-02   9.1349174063E-03   2.3939359456E-02
    5      6.7768651832E-01  -1.2952520549E-03  -4.3997446734E-03  -1.1241450950E-01  -3.1967844074E-03
    6     -1.2952520549E-03   6.3936240735E-01  -3.1604950973E-01   2.8800030674E-01  -3.3707403309E-01
    7     -4.3997446734E-03  -3.1604950973E-01   5.9926972689E-01   1.9750418711E-03   2.7030914484E-01
    8     -1.1241450950E-01   2.8800030674E-01   1.9750418711E-03   7.7703926306E-01  -6.0963330668E-02
    9     -3.1967844074E-03  -3.3707403309E-01   2.7030914484E-01  -6.0963330668E-02   3.9479313574E-01
   10      3.7151606964E-03   2.6720890421E-01  -3.6298694727E-01   2.9377125489E-02  -3.4467258199E-01
   11      1.9077001225E-02  -6.4431961414E-02   3.4377281321E-02  -1.3880359688E-01   1.2227737077E-01
   12     -1.6799072992E-02  -2.2210608201E-01   2.4440698745E-02  -2.3018081762E-01  -5.2695539833E-02
   13     -2.4530934105E-02   3.1305095979E-02  -1.1825214044E-01  -8.2496557295E-03   4.4124120712E-02
   14     -4.4126237298E-02  -2.3120524883E-01  -2.2949235811E-02  -5.0507702859E-01  -6.2381748119E-02
   15     -4.8057223914E-02  -9.3728866475E-03   3.5669788657E-02   1.5727532036E-02  -1.9525910338E-03
   16      1.1084714414E-01   2.8707912090E-02  -5.4089010486E-02  -8.9309632277E-03   6.6236295759E-03
   17     -1.3790025748E-01   2.4046913503E-03  -1.6863193150E-02   8.7113741126E-03   5.2472354824E-03
   18     -5.3827972995E-02   2.4686544725E-04  -7.1190866843E-03  -1.0634991752E-02   1.3489337612E-03
   19     -1.0692386354E-02   2.2474038555E-03  -2.7095868619E-03  -3.8799065221E-03  -2.2966133846E-04
   20      2.6161963569E-02   2.4320778998E-03   5.0524886482E-03   1.2158035742E-02  -5.9492002231E-04
   21     -2.0259387625E-03   1.9094903796E-03  -4.0150195793E-03  -8.6450314249E-03  -5.3946700964E-04
   22      3.9159954987E-02   2.3947055928E-03   3.3259484642E-03   4.7425058275E-03  -7.4645619373E-04
   23     -3.7753501527E-02  -8.8869491277E-04  -3.6354894782E-03  -9.2911068798E-03   3.2779285588E-04
   24      6.8575810275E-02   5.1548987437E-03   2.7329108681E-03   7.1029574992E-03  -1.1947787636E-03
   25     -1.8916148145E-02  -2.1038072019E-04   3.5025309659E-04  -2.8358900506E-04   6.4431079388E-04
   26      3.9148587652E-03   3.7548536259E-04  -5.7908076115E-04  -8.1813921727E-04   2.6758146145E-04
   27      2.8079927607E-03  -3.6518051489E-03   8.9365543102E-04   9.1754652722E-04  -1.2349721278E-04
   28     -3.2633144759E-04  -1.3817295989E-03  -2.6069992901E-04   1.3601247937E-03   3.2190991898E-04
   29      4.8861513721E-03  -2.1205751277E-03   2.4350234238E-03  -9.5796481710E-04   1.8793013598E-03
   30      5.3330631801E-03   6.0289394368E-03   4.8943041500E-03  -4.2291588070E-04  -3.2101907345E-06
   31      1.3191926344E-02   4.5925507327E-03  -7.6004149096E-04   3.4255755712E-03  -6.8929855946E-04
   32     -1.7263809580E-02  -1.9086024805E-03   3.6951345575E-03  -3.7956786771E-03   3.8535855716E-05
   33      2.5146317604E-03  -2.9442926189E-03   1.9555730803E-03  -2.1393835866E-03   1.0416643914E-03
   34      6.4719543888E-04   6.9363207317E-04   5.1570567859E-04   1.1974717933E-03  -1.7086701357E-04
   35     -1.1028533711E-04   9.0614204777E-04   1.6000769950E-04   1.6058841723E-03  -6.4309623960E-04
   36      1.5913741949E-04  -5.8682681760E-04   6.8655101794E-05  -3.6478457851E-04   1.4086905259E-04
   37     -7.7541854331E-05  -4.5221280604E-04   2.6022385070E-04  -3.2599385552E-04   7.2975194013E-05
   38      3.9487567525E-05  -6.0239941085E-04   2.0052330914E-04  -7.7208329436E-04   1.5231425597E-04
   39     -1.9914645869E-04  -2.7723064781E-04   7.3860990775E-04   8.0626404762E-04   9.8210733479E-05
   40      4.1524906157E-04   1.0772223202E-04   3.9538753123E-05   4.1536195666E-04  -8.4033792997E-05
   41     -1.3709520749E-04  -3.2065701550E-04   1.7950912524E-04  -5.0176038839E-04   1.7233911574E-04
   42     -7.8361872935E-03  -2.9466964378E-04  -1.5002542502E-03  -3.5680174543E-04  -1.0373024086E-04
   43     -2.6883569095E-03  -9.3988997349E-04   5.6683453694E-04  -5.1830243673E-04   5.8270612546E-05
   44      1.5972352982E-03   1.0358019604E-03   5.5670289818E-04   1.3755798293E-03  -2.4533000045E-04
   45     -4.2032521853E-03  -1.4320499496E-04   1.0755991784E-04   1.8167946841E-04  -8.8396267262E-05
   46     -2.3156304610E-03  -3.7377846968E-04  -1.4623537133E-04  -6.0220688688E-04  -1.6278759109E-05
   47     -7.6856452485E-04  -4.7256926023E-05  -1.0291677204E-06  -5.1081660989E-04   6.6053075588E-08
                   10                 11                 12                 13                 14        
    0      2.3448388893E-03   2.6178860967E-03   1.9307273673E-03   2.0945904619E-03   2.4669436983E-03
    1     -1.1796422939E-03  -6.9722582055E-04  -1.7062169315E-03  -4.7855999230E-03  -7.3693683352E-03
    2     -8.0282291181E-04  -8.0395336644E-03  -1.5857436257E-03  -3.8678269817E-03  -4.1616078674E-03
    3      3.3832752229E-02   9.9637958789E-03   1.0506208874E-02  -5.2828866064E-03  -2.9653449131E-02
    4     -1.5543536413E-02  -1.1545881047E-02   5.3486991652E-03   1.1743787028E-02  -2.1044521547E-03
    5      3.7151606964E-03   1.9077001225E-02  -1.6799072992E-02  -2.4530934105E-02  -4.4126237298E-02
    6      2.6720890421E-01  -6.4431961414E-02  -2.2210608201E-01   3.1305095979E-02  -2.3120524883E-01
    7     -3.6298694727E-01   3.4377281321E-02   2.4440698745E-02  -1.1825214044E-01  -2.2949235811E-02
    8      2.9377125489E-02  -1.3880359688E-01  -2.3018081762E-01  -8.2496557295E-03  -5.0507702859E-01
    9     -3.4467258199E-01   1.2227737077E-01  -5.2695539833E-02   4.4124120712E-02  -6.2381748119E-02
   10      3.7656153049E-01  -6.8655108810E-02   3.8886239740E-02   1.3179505771E-02   4.6318899446E-02
   11     -6.8655108810E-02   1.4635301438E-01  -7.6625809228E-02   5.8426964689E-02  -1.6757879775E-02
   12      3.8886239740E-02  -7.6625809228E-02   2.6319375331E-01  -6.8172574921E-02   3.1670920950E-01
   13      1.3179505771E-02   5.8426964689E-02  -6.8172574921E-02   9.7761842517E-02  -1.2774114438E-02
   14      4.6318899446E-02  -1.6757879775E-02   3.1670920950E-01  -1.2774114438E-02   5.6777332988E-01
   15      3.2456421041E-03   3.0472286884E-03  -1.9583362771E-03  -1.8910714610E-03  -1.6087642982E-03
   16     -7.9955332757E-03  -7.0896671584E-03   7.2113663260E-04   4.0263933446E-04  -5.5229333442E-04
   17     -5.6765126956E-03  -1.0617929933E-03   6.9041525698E-03  -6.5057870606E-03   4.6917497779E-03
   18      5.2492665196E-04  -4.5701805806E-05   1.1384913510E-03  -1.6147294374E-03   3.2509642110E-03
   19      1.2932289521E-04  -2.0495418250E-04   7.2553921053E-04  -5.4333948352E-04   7.5010987005E-04
   20     -1.3552552030E-03  -1.8918747254E-03  -3.3099167853E-03  -3.4650186716E-04  -4.6846419428E-03
   21      1.7375853930E-03   1.4159728762E-03   1.2063959245E-03   6.4802554478E-04   3.4854218551E-03
   22     -8.3049626243E-04  -6.9912055459E-04  -9.6362371667E-04  -3.3337964929E-05  -1.6231392194E-03
   23      1.3886427965E-03   1.8347387088E-03   2.6009521590E-03   2.6310179290E-04   4.1406481456E-03
   24     -1.3047628719E-03  -3.0668348894E-03  -2.2416731890E-03  -1.0926849897E-03  -3.8130133573E-03
   25     -5.1042477369E-04  -5.2585754219E-05   3.1088793888E-05  -2.9431025656E-04  -1.9739254246E-04
   26     -5.8315222281E-04  -2.9444720644E-04   2.9097837172E-04  -2.3593644824E-04   2.4440341898E-04
   27     -1.4322247795E-04   2.7910004081E-03   6.2992078984E-05  -1.0150384853E-04  -1.1255245493E-03
   28     -1.2601990755E-03  -2.9697844693E-03  -1.5978482183E-05   2.0664791450E-04  -7.3114664247E-04
   29     -2.7433627449E-03  -1.2407553616E-03   1.2413788808E-03  -2.1713009373E-04   1.5481584081E-03
   30     -1.3856134237E-03   6.9241866346E-04  -3.4044826972E-04  -5.0079236616E-04   1.9049349942E-03
   31      6.7755131232E-04  -1.3544641921E-03  -5.7557086306E-04   9.8097811638E-04   1.1027691885E-03
   32     -7.0772947044E-04   9.9665380288E-04  -2.8530951172E-04  -1.5624351756E-03  -2.2045215791E-03
   33     -1.1516506815E-03   1.0302761410E-03   1.1128897669E-03   1.6036426183E-04   1.5374208743E-03
   34     -9.2170606293E-05  -9.6502273881E-05   1.9965014281E-04  -5.7334514554E-04  -7.3075760512E-04
   35      1.4046580645E-04  -4.9424843510E-04   3.3682552517E-04  -2.3900471891E-04  -1.5097417368E-03
   36      9.2351210782E-05   2.0374758213E-04   3.4287302578E-04   3.8742476718E-06   2.1708752739E-04
   37     -4.3687159272E-05   1.8160955554E-04   4.7763200860E-04   3.6960656213E-05   7.5970167175E-05
   38     -2.3208962800E-04   2.0832254733E-04   8.5850858133E-04   1.6143521730E-05   8.4049762089E-05
   39     -4.0918615471E-04   1.4768677064E-05  -2.5303777287E-04  -3.1582764164E-05  -2.3832123258E-04
   40      4.8756059105E-05  -6.2305118846E-05  -1.9440703443E-04   5.7908551328E-05  -8.0073325492E-05
   41     -2.0487112188E-04   1.5978206007E-04   3.9157265101E-04  -3.1094497988E-05   2.3160763342E-04
   42      9.5398215795E-04   1.5006242709E-05   3.0649720447E-04   2.7373616537E-04   6.2221673660E-04
   43     -3.2701010444E-04   3.2789747461E-04   4.7075476108E-04  -2.6095479482E-05   5.4576146105E-04
   44      4.4729171140E-06  -1.9306042816E-04  -7.3314913602E-04  -2.1823983472E-04  -5.8200861145E-04
   45      2.5182974113E-04   8.3848502280E-05  -2.0571155523E-04   8.5829074714E-05  -1.7082925527E-04
   46      1.7298070045E-04   1.2185941346E-04   3.1912269556E-04   1.3789880705E-04   3.0413200051E-04
   47      8.1245840806E-06   1.4767675188E-04   1.8894002995E-04   8.6782223506E-05   3.8972037673E-04
                   15                 16                 17                 18                 19        
    0      3.6721318880E-02  -5.0048469302E-03  -1.3813978622E-02  -3.1589605736E-02  -1.0278295987E-02
    1      4.8163888978E-02  -4.0599334652E-02   5.4740124317E-02  -2.5940182526E-02  -8.5871942724E-03
    2     -5.4675314358E-02   5.4525719379E-02  -2.3928436934E-02   4.1256790893E-02   1.0463405020E-02
    3     -1.4839441115E-01   1.5683079012E-01  -7.2995748828E-02  -7.0025730402E-02   4.7116439921E-04
    4      1.2789850687E-01  -3.5578419297E-01   1.2374684938E-01   8.6831616832E-02   2.4707197607E-02
    5     -4.8057223914E-02   1.1084714414E-01  -1.3790025748E-01  -5.3827972995E-02  -1.0692386354E-02
    6     -9.3728866475E-03   2.8707912090E-02   2.4046913503E-03   2.4686544725E-04   2.2474038555E-03
    7      3.5669788657E-02  -5.4089010486E-02  -1.6863193150E-02  -7.1190866843E-03  -2.7095868619E-03
    8      1.5727532036E-02  -8.9309632277E-03   8.7113741126E-03  -1.0634991752E-02  -3.8799065221E-03
    9     -1.9525910338E-03   6.6236295759E-03   5.2472354824E-03   1.3489337612E-03  -2.2966133846E-04
   10      3.2456421041E-03  -7.9955332757E-03  -5.6765126956E-03   5.2492665196E-04   1.2932289521E-04
   11      3.0472286884E-03  -7.0896671584E-03  -1.0617929933E-03  -4.5701805806E-05  -2.0495418250E-04
   12     -1.9583362771E-03   7.2113663260E-04   6.9041525698E-03   1.1384913510E-03   7.2553921053E-04
   13     -1.8910714610E-03   4.0263933446E-04  -6.5057870606E-03  -1.6147294374E-03  -5.4333948352E-04
   14     -1.6087642982E-03  -5.5229333442E-04   4.6917497779E-03   3.2509642110E-03   7.5010987005E-04
   15      1.4036829681E-01  -1.8144258465E-01   7.3421433006E-02   9.2030143522E-02   2.1865838994E-02
   16     -1.8144258465E-01   4.8629434316E-01  -1.5928535448E-01  -4.3717026879E-02  -4.6065139318E-02
   17      7.3421433006E-02  -1.5928535448E-01   1.7570498240E-01   1.3670172286E-02   7.8860930182E-03
   18      9.2030143522E-02  -4.3717026879E-02   1.3670172286E-02   1.1449200231E-01  -1.5495968467E-01
   19      2.1865838994E-02  -4.6065139318E-02   7.8860930182E-03  -1.5495968467E-01   6.8237890463E-01
   20     -6.5750736392E-02   2.8693833084E-02  -2.7600138936E-02   6.5925748089E-02  -4.3069328433E-03
   21      4.5425232859E-04  -1.3659237208E-02   1.2653915290E-02  -7.0273660333E-02   6.4540486043E-03
   22     -7.3970750161E-02   2.1137320484E-02  -1.1272438850E-03   5.7240752772E-02  -1.2188487382E-01
   23      8.0138912260E-02  -2.6435258858E-02   6.7674668173E-03  -3.3365614461E-02   6.8590105263E-02
   24     -7.1222266987E-02   4.0183886645E-02  -1.6207530578E-02   5.6954968778E-02   2.1064945747E-02
   25      3.0049619588E-02  -1.1279438516E-02   5.0108355221E-03  -1.9183366717E-02  -2.2817830550E-02
   26     -3.3886519116E-03   4.8066343327E-03  -3.1209748475E-03  -1.0019230294E-02   4.0332864891E-02
   27      3.3259025957E-03   5.0810725449E-03  -1.1605453329E-03   2.0137647359E-03   7.6730737205E-04
   28      1.1316158140E-04   4.4695377074E-03   3.1950231230E-04   1.4087797892E-03   7.2459310383E-04
   29     -1.8622353736E-03   3.2465405194E-03  -7.5330645846E-03   1.0556652059E-03   2.9475266855E-04
   30     -9.3102011758E-03   3.3103827218E-03  -8.7390453962E-04   4.8959649601E-03   1.9616183206E-03
   31     -4.9403297803E-03   1.0030502177E-03  -9.9414645300E-04   2.4760014094E-03   1.2308597966E-03
   32      2.8989872103E-03  -2.3215851749E-04   3.4117528262E-03  -1.1737169250E-03  -3.4099843845E-04
   33     -2.6448276490E-02  -6.1315895941E-03  -9.2147054877E-03  -2.8673476362E-02   1.3477233941E-02
   34     -3.7169023208E-03  -5.0425595795E-04  -1.0530563365E-03   8.1080785240E-03  -1.9389939767E-01
   35      3.6074973404E-04   6.4521762707E-04   9.7706054582E-04   2.7828216558E-04  -1.4909756718E-01
   36     -1.2476259733E-02   1.3728706653E-02  -3.4130820240E-03  -6.9470507553E-02   9.4849078232E-02
   37     -4.7113444385E-03   4.7446661821E-03  -1.2292640767E-03   9.6975209057E-02  -3.1970181592E-01
   38     -4.5380622170E-04   2.6455553078E-04   2.1770424623E-04  -1.9691193625E-02   6.0350789077E-02
   39     -7.1525547075E-04   5.9949036626E-04  -4.9029589699E-04   3.7274374662E-03   3.0573260949E-04
   40     -4.6207171522E-04   3.9927241221E-04  -4.4214845071E-04  -1.4851637972E-03   1.0738090224E-02
   41      1.0512761358E-04   2.8429248662E-04   5.6165442426E-04   4.0363141754E-03  -2.2492662313E-02
   42      6.1307613921E-03  -3.4812578027E-03   2.6322797961E-03  -9.1391979330E-03  -4.0786808319E-03
   43      1.8777680110E-03  -1.2949366049E-03   1.0855564891E-03  -2.6923548941E-03   7.2623479325E-04
   44     -1.1513487887E-03   4.0075592461E-04  -4.6869326893E-04   1.0536750505E-03   1.1456098400E-03
   45      2.8198094345E-03  -2.3439741440E-03   1.2384592904E-03   2.3236059883E-03   5.3696396598E-03
   46      2.2443496115E-03  -8.3898772310E-04   3.9272377882E-04   3.1330024429E-03  -4.4260251542E-03
   47      1.2455629482E-03  -1.1939756689E-03   5.6961389767E-04  -1.7656436349E-03   1.1994672821E-03
                   20                 21                 22                 23                 24        
    0      2.3861777462E-02  -2.4367691017E-02   3.7416111581E-02  -3.7052407842E-02   6.1807456489E-02
    1      1.6064995117E-02  -3.4262520331E-03   2.1195209978E-02  -1.7346124803E-02   3.1499005445E-02
    2     -2.4387371499E-02   1.2674417280E-02  -3.2514715017E-02   2.8788966677E-02  -5.0331748030E-02
    3      2.5880853209E-02  -2.5860945926E-02   2.5174272214E-02  -2.3608113557E-02   1.3992865090E-02
    4     -4.5611961318E-02   1.4923671839E-02  -4.2905761069E-02   4.8593588905E-02  -6.5616741182E-02
    5      2.6161963569E-02  -2.0259387625E-03   3.9159954987E-02  -3.7753501527E-02   6.8575810275E-02
    6      2.4320778998E-03   1.9094903796E-03   2.3947055928E-03  -8.8869491277E-04   5.1548987437E-03
    7      5.0524886482E-03  -4.0150195793E-03   3.3259484642E-03  -3.6354894782E-03   2.7329108681E-03
    8      1.2158035742E-02  -8.6450314249E-03   4.7425058275E-03  -9.2911068798E-03   7.1029574992E-03
    9     -5.9492002231E-04  -5.3946700964E-04  -7.4645619373E-04   3.2779285588E-04  -1.1947787636E-03
   10     -1.3552552030E-03   1.7375853930E-03  -8.3049626243E-04   1.3886427965E-03  -1.3047628719E-03
   11     -1.8918747254E-03   1.4159728762E-03  -6.9912055459E-04   1.8347387088E-03  -3.0668348894E-03
   12     -3.3099167853E-03   1.2063959245E-03  -9.6362371667E-04   2.6009521590E-03  -2.2416731890E-03
   13     -3.4650186716E-04   6.4802554478E-04  -3.3337964929E-05   2.6310179290E-04  -1.0926849897E-03
   14     -4.6846419428E-03   3.4854218551E-03  -1.6231392194E-03   4.1406481456E-03  -3.8130133573E-03
   15     -6.5750736392E-02   4.5425232859E-04  -7.3970750161E-02   8.0138912260E-02  -7.1222266987E-02
   16      2.8693833084E-02  -1.3659237208E-02   2.1137320484E-02  -2.6435258858E-02   4.0183886645E-02
   17     -2.7600138936E-02   1.2653915290E-02  -1.1272438850E-03   6.7674668173E-03  -1.6207530578E-02
   18      6.5925748089E-02  -7.0273660333E-02   5.7240752772E-02  -3.3365614461E-02   5.6954968778E-02
   19     -4.3069328433E-03   6.4540486043E-03  -1.2188487382E-01   6.8590105263E-02   2.1064945747E-02
   20      7.1174862897E-01   2.8336010024E-02   4.7915697318E-02  -3.5334700978E-01  -4.5860893368E-02
   21      2.8336010024E-02   2.4318843905E-01  -1.8723363022E-01  -5.1118400143E-02  -9.2572083933E-02
   22      4.7915697318E-02  -1.8723363022E-01   6.7895729314E-01   8.2260470077E-03   9.3307374173E-02
   23     -3.5334700978E-01  -5.1118400143E-02   8.2260470077E-03   7.1192944258E-01   1.7074377575E-02
   24     -4.5860893368E-02  -9.2572083933E-02   9.3307374173E-02   1.7074377575E-02   1.1339435817E-01
   25      3.3196575458E-02   1.3317600980E-01  -3.6410349629E-01   4.5548496112E-02  -1.5756129813E-01
   26     -1.4351667094E-02  -3.1320584466E-02   6.3559048963E-02  -1.2973361455E-01   1.6734394621E-02
   27      2.3214275409E-05  -1.3018690026E-03  -2.1254291348E-03   6.7277681187E-04  -4.2978207013E-03
   28     -6.0277151482E-04  -1.1363262130E-04  -1.3344321733E-03   7.1055050038E-04  -3.3375794770E-03
   29     -1.6848546373E-04   3.9182763088E-05  -3.7932701255E-04   5.1072606660E-05   1.7503072182E-04
   30     -3.8099886125E-03   1.1290941903E-03  -6.3917656845E-03   3.5090711101E-03  -1.2662448930E-02
   31     -2.0415422994E-03   2.1878545308E-03  -1.2563352244E-03   3.0529187356E-03  -3.3420284710E-03
   32      4.0539639338E-04  -3.5160143067E-04   1.1218724192E-03  -4.3467147062E-04   2.0071119808E-03
   33     -7.0509929748E-03   5.2421082023E-03  -2.9705877387E-03   1.1129417252E-02  -8.4197857913E-03
   34     -1.5298821662E-01   8.4446777875E-04   1.0962229279E-02   1.1215616372E-02  -1.6187992984E-03
   35     -2.3049951313E-01   1.2002490324E-03  -2.0840468724E-02  -1.6839739899E-02   1.0206995995E-03
   36     -2.5412999394E-02   8.1710671831E-03  -6.1479732137E-03   2.3822748063E-03   4.0663093348E-03
   37      6.3390787723E-02   3.2360423352E-03  -3.9374689130E-03  -1.8734099480E-03   2.8473589832E-04
   38     -7.5188673598E-02  -1.2031795917E-02   2.7593094668E-02  -3.5492704898E-04   2.8100589383E-04
   39     -2.5653598354E-04  -5.0265404464E-02   4.0644234536E-02   3.9402258631E-02   7.0025869510E-04
   40      1.1338627091E-02   4.6763678365E-02  -1.8600997176E-01  -1.4070529794E-01   3.7081722013E-03
   41     -2.0267417514E-02   4.5028197759E-02  -1.3918070100E-01  -2.1328677039E-01  -2.4284941798E-03
   42      4.5199963307E-03  -1.3145089800E-03   1.8907626079E-02   6.6559958651E-03  -2.9449235661E-02
   43     -4.2333421160E-05   8.1463726847E-04  -1.2179533118E-02  -2.2956188574E-02   2.9188278812E-02
   44      8.1163820240E-04  -9.1224408700E-05   5.7512098852E-03   9.4709944143E-03   1.6180136712E-02
   45      1.0637596591E-03   5.1947834027E-03   5.4568483348E-03  -1.7864579323E-02  -3.4011021341E-02
   46      1.6447215514E-03  -2.3299590145E-03  -1.1022947543E-03   2.5361187726E-02   1.1897284451E-02
   47      1.1011308052E-03   7.5519058361E-04  -1.7032012730E-03  -1.9419884067E-03  -7.4453363421E-03
                   25                 26                 27                 28                 29        
    0     -1.4748954782E-02   5.8665838726E-03  -1.1731426484E-01   1.4066976596E-01  -3.0474113866E-02
    1     -2.5662449211E-02   1.9370030789E-05   1.4724079596E-01  -2.7016650922E-01   4.5079083092E-02
    2      1.2170261623E-02  -1.9352916414E-02  -3.9530709157E-02   5.0340768208E-02  -6.9645931542E-02
    3     -8.5896403370E-03   3.0351123882E-03   1.0672920565E-03   5.3941100556E-03  -1.7276135784E-02
    4      1.5553384895E-02   8.5253870878E-04  -5.4791518175E-03  -8.8575478021E-03   2.3409024524E-02
    5     -1.8916148145E-02   3.9148587652E-03   2.8079927607E-03  -3.2633144759E-04   4.8861513721E-03
    6     -2.1038072019E-04   3.7548536259E-04  -3.6518051489E-03  -1.3817295989E-03  -2.1205751277E-03
    7      3.5025309659E-04  -5.7908076115E-04   8.9365543102E-04  -2.6069992901E-04   2.4350234238E-03
    8     -2.8358900506E-04  -8.1813921727E-04   9.1754652722E-04   1.3601247937E-03  -9.5796481710E-04
    9      6.4431079388E-04   2.6758146145E-04  -1.2349721278E-04   3.2190991898E-04   1.8793013598E-03
   10     -5.1042477369E-04  -5.8315222281E-04  -1.4322247795E-04  -1.2601990755E-03  -2.7433627449E-03
   11     -5.2585754219E-05  -2.9444720644E-04   2.7910004081E-03  -2.9697844693E-03  -1.2407553616E-03
   12      3.1088793888E-05   2.9097837172E-04   6.2992078984E-05  -1.5978482183E-05   1.2413788808E-03
   13     -2.9431025656E-04  -2.3593644824E-04  -1.0150384853E-04   2.0664791450E-04  -2.1713009373E-04
   14     -1.9739254246E-04   2.4440341898E-04  -1.1255245493E-03  -7.3114664247E-04   1.5481584081E-03
   15      3.0049619588E-02  -3.3886519116E-03   3.3259025957E-03   1.1316158140E-04  -1.8622353736E-03
   16     -1.1279438516E-02   4.8066343327E-03   5.0810725449E-03   4.4695377074E-03   3.2465405194E-03
   17      5.0108355221E-03  -3.1209748475E-03  -1.1605453329E-03   3.1950231230E-04  -7.5330645846E-03
   18     -1.9183366717E-02  -1.0019230294E-02   2.0137647359E-03   1.4087797892E-03   1.0556652059E-03
   19     -2.2817830550E-02   4.0332864891E-02   7.6730737205E-04   7.2459310383E-04   2.9475266855E-04
   20      3.3196575458E-02  -1.4351667094E-02   2.3214275409E-05  -6.0277151482E-04  -1.6848546373E-04
   21      1.3317600980E-01  -3.1320584466E-02  -1.3018690026E-03  -1.1363262130E-04   3.9182763088E-05
   22     -3.6410349629E-01   6.3559048963E-02  -2.1254291348E-03  -1.3344321733E-03  -3.7932701255E-04
   23      4.5548496112E-02  -1.2973361455E-01   6.7277681187E-04   7.1055050038E-04   5.1072606660E-05
   24     -1.5756129813E-01   1.6734394621E-02  -4.2978207013E-03  -3.3375794770E-03   1.7503072182E-04
   25      7.1776012404E-01  -2.3699405969E-02   5.7187369395E-03   2.9381640336E-03  -2.2893864069E-04
   26     -2.3699405969E-02   6.9712307027E-01  -9.9624277597E-04  -6.1607603538E-04   1.7878542961E-04
   27      5.7187369395E-03  -9.9624277597E-04   1.1787005754E-01  -1.5087763908E-01   3.5989532353E-02
   28      2.9381640336E-03  -6.1607603538E-04  -1.5087763908E-01   2.8134548475E-01  -5.4034516060E-02
   29     -2.2893864069E-04   1.7878542961E-04   3.5989532353E-02  -5.4034516060E-02   6.4644378013E-02
   30     -3.5347333557E-03  -6.5827025340E-03   1.3711456242E-03   7.2156096701E-03   1.1752749793E-02
   31     -9.3395330080E-04  -2.0594326671E-03  -1.3574594739E-03  -8.2171845121E-03  -1.6769839969E-02
   32      4.7402360129E-04   9.6768330018E-04  -3.3181893854E-04   6.6293398164E-03   8.3262832227E-03
   33      1.4341633238E-03  -9.9721003889E-04  -2.6225838599E-06  -1.2691109700E-04  -1.4979922053E-04
   34      1.6388216238E-03   5.2793969724E-04   4.4103984117E-06  -2.9501994252E-05   2.0286120337E-05
   35     -9.5858850410E-04   1.6447749946E-03   1.5354406331E-05   1.0964749825E-05   3.5895401765E-05
   36      1.3592185500E-03   2.1841105770E-03   2.8117233843E-05  -3.3104026412E-05  -2.4913683195E-05
   37      5.9750073130E-04   2.4274735377E-03  -9.1380664449E-06  -1.6530610127E-05  -2.7905517527E-05
   38      1.4442784699E-03  -5.9952075652E-03   5.6995708278E-05   8.9184952202E-06  -4.1129603608E-05
   39      8.8542741724E-03   9.6912146599E-03  -5.7544125878E-05  -6.5289274040E-05  -9.8140298699E-05
   40     -1.6829377286E-02  -2.2394986584E-02  -1.2444210556E-04   7.4620825493E-06   8.3295255598E-05
   41      8.9179997247E-03   9.6752517274E-03   8.4068745439E-05   9.4186723543E-05   1.9847490354E-05
   42      1.8268744721E-02   1.6412166452E-02   6.2732703426E-04   3.5405622012E-04  -2.1953724824E-04
   43     -2.1113003424E-01  -1.4700345678E-01   1.6954620971E-04   2.2447852099E-04  -3.0865725357E-06
   44     -1.4922649955E-01  -2.0648217298E-01  -5.4205970279E-04  -1.7448869519E-04   5.1148617022E-06
   45      4.2995075385E-03  -1.5506798798E-03   3.8282472074E-04   4.7145197053E-04   8.8117578056E-05
   46     -8.5276934001E-02   8.4639506578E-02   3.4547963753E-04   2.2623720638E-04  -1.5703508610E-04
   47      8.6806828320E-02  -3.3359968803E-01   3.3291040620E-04  -2.6104641342E-05  -1.0835543359E-04
                   30                 31                 32                 33                 34        
    0     -3.1617100183E-02   3.4286336224E-02   2.0101737251E-02   1.9744542061E-03   3.4073961744E-04
    1      3.3489082833E-02  -1.9856820263E-01  -1.5272014925E-01   3.1227611705E-03   2.8970670905E-04
    2      1.2905242790E-02  -1.6362158450E-01  -2.2071083861E-01  -3.3221611339E-03  -5.0337877872E-04
    3      3.1857878675E-03   1.3490982006E-04   3.3234856377E-03   4.6451048908E-03   1.8364368260E-03
    4     -7.4564123506E-03   6.8253941778E-03  -2.2267756384E-02  -1.0265130762E-02  -4.6472062720E-04
    5      5.3330631801E-03   1.3191926344E-02  -1.7263809580E-02   2.5146317604E-03   6.4719543888E-04
    6      6.0289394368E-03   4.5925507327E-03  -1.9086024805E-03  -2.9442926189E-03   6.9363207317E-04
    7      4.8943041500E-03  -7.6004149096E-04   3.6951345575E-03   1.9555730803E-03   5.1570567859E-04
    8     -4.2291588070E-04   3.4255755712E-03  -3.7956786771E-03  -2.1393835866E-03   1.1974717933E-03
    9     -3.2101907345E-06  -6.8929855946E-04   3.8535855716E-05   1.0416643914E-03  -1.7086701357E-04
   10     -1.3856134237E-03   6.7755131232E-04  -7.0772947044E-04  -1.1516506815E-03  -9.2170606293E-05
   11      6.9241866346E-04  -1.3544641921E-03   9.9665380288E-04   1.0302761410E-03  -9.6502273881E-05
   12     -3.4044826972E-04  -5.7557086306E-04  -2.8530951172E-04   1.1128897669E-03   1.9965014281E-04
   13     -5.0079236616E-04   9.8097811638E-04  -1.5624351756E-03   1.6036426183E-04  -5.7334514554E-04
   14      1.9049349942E-03   1.1027691885E-03  -2.2045215791E-03   1.5374208743E-03  -7.3075760512E-04
   15     -9.3102011758E-03  -4.9403297803E-03   2.8989872103E-03  -2.6448276490E-02  -3.7169023208E-03
   16      3.3103827218E-03   1.0030502177E-03  -2.3215851749E-04  -6.1315895941E-03  -5.0425595795E-04
   17     -8.7390453962E-04  -9.9414645300E-04   3.4117528262E-03  -9.2147054877E-03  -1.0530563365E-03
   18      4.8959649601E-03   2.4760014094E-03  -1.1737169250E-03  -2.8673476362E-02   8.1080785240E-03
   19      1.9616183206E-03   1.2308597966E-03  -3.4099843845E-04   1.3477233941E-02  -1.9389939767E-01
   20     -3.8099886125E-03  -2.0415422994E-03   4.0539639338E-04  -7.0509929748E-03  -1.5298821662E-01
   21      1.1290941903E-03   2.1878545308E-03  -3.5160143067E-04   5.2421082023E-03   8.4446777875E-04
   22     -6.3917656845E-03  -1.2563352244E-03   1.1218724192E-03  -2.9705877387E-03   1.0962229279E-02
   23      3.5090711101E-03   3.0529187356E-03  -4.3467147062E-04   1.1129417252E-02   1.1215616372E-02
   24     -1.2662448930E-02  -3.3420284710E-03   2.0071119808E-03  -8.4197857913E-03  -1.6187992984E-03
   25     -3.5347333557E-03  -9.3395330080E-04   4.7402360129E-04   1.4341633238E-03   1.6388216238E-03
   26     -6.5827025340E-03  -2.0594326671E-03   9.6768330018E-04  -9.9721003889E-04   5.2793969724E-04
   27      1.3711456242E-03  -1.3574594739E-03  -3.3181893854E-04  -2.6225838599E-06   4.4103984117E-06
   28      7.2156096701E-03  -8.2171845121E-03   6.6293398164E-03  -1.2691109700E-04  -2.9501994252E-05
   29      1.1752749793E-02  -1.6769839969E-02   8.3262832227E-03  -1.4979922053E-04   2.0286120337E-05
   30      3.8175020650E-02  -3.2063758786E-02  -2.4600058274E-02  -5.1958732085E-04  -7.0738427828E-05
   31     -3.2063758786E-02   1.9918303501E-01   1.6570342047E-01  -2.3205176769E-04  -5.9017073410E-05
   32     -2.4600058274E-02   1.6570342047E-01   2.3000312496E-01   1.5359747549E-04  -1.4768376764E-06
   33     -5.1958732085E-04  -2.3205176769E-04   1.5359747549E-04   4.2041345060E-02  -6.2993331650E-03
   34     -7.0738427828E-05  -5.9017073410E-05  -1.4768376764E-06  -6.2993331650E-03   1.9373335390E-01
   35      8.9355593631E-05   2.0006797057E-05  -2.9968320266E-05  -2.1546673492E-03   1.5951638307E-01
   36     -1.6438521036E-04  -1.0213579821E-04   3.6713111876E-05   4.1991255568E-03  -7.7841978616E-04
   37     -5.5870535078E-05  -4.8639758819E-05   1.7703284339E-05   5.8574926599E-03  -1.1198320118E-02
   38     -8.6507653707E-05   2.5303819939E-05   1.9569967547E-05   8.1794340729E-03  -2.0259268887E-02
   39     -1.9973851647E-04  -2.0095397032E-04  -1.3931072179E-04   5.5499478125E-03   8.9374672741E-04
   40      3.6039938724E-04   6.4057830741E-05  -5.4360065749E-05   1.0119724956E-03  -1.5010670968E-05
   41      5.0774191657E-05  -7.2201542680E-05   1.0811911764E-04   1.1486325049E-03   2.8451589441E-03
   42     -1.0097902233E-03  -1.7354490622E-04   1.8826306455E-04   1.1341931952E-03  -3.6687068562E-04
   43     -3.5776814130E-05  -2.2001857870E-05   7.5369718984E-05  -3.0139415406E-05  -2.4136854641E-04
   44      1.6930072548E-04   2.5925708818E-04  -4.9800414326E-05  -7.0878731507E-04  -2.3050011470E-04
   45      1.0409572910E-03   2.3372130291E-06   4.6339654178E-05   6.7208085087E-05   9.0033020176E-05
   46      2.6120710654E-04  -9.9550613821E-05   1.5794509520E-04   1.9856887744E-04  -6.2708781057E-05
   47     -3.5186505908E-05   1.4428877745E-04   2.5070506474E-04   4.7368126245E-05  -9.5257860415E-05
                   35                 36                 37                 38                 39        
    0      2.7968097799E-05   2.9119799460E-04  -4.2794729029E-05   5.7465444331E-04   5.3734173739E-04
    1     -2.8459416670E-04   5.8700608153E-04   4.4530359214E-04   1.7804033775E-04   3.7914300596E-04
    2      3.3449637579E-06  -1.0281538448E-04  -2.4257289221E-04  -2.0693080386E-04   1.2631486591E-04
    3     -9.6341756958E-04  -3.0071457431E-03  -9.0370496588E-04  -2.3867789250E-04   1.0804465439E-03
    4     -1.6428806625E-04  -3.0724579932E-03  -9.3271386944E-04  -8.3164850677E-04  -1.7153198546E-04
    5     -1.1028533711E-04   1.5913741949E-04  -7.7541854331E-05   3.9487567525E-05  -1.9914645869E-04
    6      9.0614204777E-04  -5.8682681760E-04  -4.5221280604E-04  -6.0239941085E-04  -2.7723064781E-04
    7      1.6000769950E-04   6.8655101794E-05   2.6022385070E-04   2.0052330914E-04   7.3860990775E-04
    8      1.6058841723E-03  -3.6478457851E-04  -3.2599385552E-04  -7.7208329436E-04   8.0626404762E-04
    9     -6.4309623960E-04   1.4086905259E-04   7.2975194013E-05   1.5231425597E-04   9.8210733479E-05
   10      1.4046580645E-04   9.2351210782E-05  -4.3687159272E-05  -2.3208962800E-04  -4.0918615471E-04
   11     -4.9424843510E-04   2.0374758213E-04   1.8160955554E-04   2.0832254733E-04   1.4768677064E-05
   12      3.3682552517E-04   3.4287302578E-04   4.7763200860E-04   8.5850858133E-04  -2.5303777287E-04
   13     -2.3900471891E-04   3.8742476718E-06   3.6960656213E-05   1.6143521730E-05  -3.1582764164E-05
   14     -1.5097417368E-03   2.1708752739E-04   7.5970167175E-05   8.4049762089E-05  -2.3832123258E-04
   15      3.6074973404E-04  -1.2476259733E-02  -4.7113444385E-03  -4.5380622170E-04  -7.1525547075E-04
   16      6.4521762707E-04   1.3728706653E-02   4.7446661821E-03   2.6455553078E-04   5.9949036626E-04
   17      9.7706054582E-04  -3.4130820240E-03  -1.2292640767E-03   2.1770424623E-04  -4.9029589699E-04
   18      2.7828216558E-04  -6.9470507553E-02   9.6975209057E-02  -1.9691193625E-02   3.7274374662E-03
   19     -1.4909756718E-01   9.4849078232E-02  -3.1970181592E-01   6.0350789077E-02   3.0573260949E-04
   20     -2.3049951313E-01  -2.5412999394E-02   6.3390787723E-02  -7.5188673598E-02  -2.5653598354E-04
   21      1.2002490324E-03   8.1710671831E-03   3.2360423352E-03  -1.2031795917E-02  -5.0265404464E-02
   22     -2.0840468724E-02  -6.1479732137E-03  -3.9374689130E-03   2.7593094668E-02   4.0644234536E-02
   23     -1.6839739899E-02   2.3822748063E-03  -1.8734099480E-03  -3.5492704898E-04   3.9402258631E-02
   24      1.0206995995E-03   4.0663093348E-03   2.8473589832E-04   2.8100589383E-04   7.0025869510E-04
   25     -9.5858850410E-04   1.3592185500E-03   5.9750073130E-04   1.4442784699E-03   8.8542741724E-03
   26      1.6447749946E-03   2.1841105770E-03   2.4274735377E-03  -5.9952075652E-03   9.6912146599E-03
   27      1.5354406331E-05   2.8117233843E-05  -9.1380664449E-06   5.6995708278E-05  -5.7544125878E-05
   28      1.0964749825E-05  -3.3104026412E-05  -1.6530610127E-05   8.9184952202E-06  -6.5289274040E-05
   29      3.5895401765E-05  -2.4913683195E-05  -2.7905517527E-05  -4.1129603608E-05  -9.8140298699E-05
   30      8.9355593631E-05  -1.6438521036E-04  -5.5870535078E-05  -8.6507653707E-05  -1.9973851647E-04
   31      2.0006797057E-05  -1.0213579821E-04  -4.8639758819E-05   2.5303819939E-05  -2.0095397032E-04
   32     -2.9968320266E-05   3.6713111876E-05   1.7703284339E-05   1.9569967547E-05  -1.3931072179E-04
   33     -2.1546673492E-03   4.1991255568E-03   5.8574926599E-03   8.1794340729E-03   5.5499478125E-03
   34      1.5951638307E-01  -7.7841978616E-04  -1.1198320118E-02  -2.0259268887E-02   8.9374672741E-04
   35      2.3915857364E-01   4.2049731333E-04   7.7856614317E-03   9.1188758671E-03  -7.0139821587E-04
   36      4.2049731333E-04   7.2541203379E-02  -9.9643634625E-02   2.3450266812E-02  -3.5087097261E-03
   37      7.7856614317E-03  -9.9643634625E-02   3.2907380747E-01  -7.0065228834E-02  -1.1787883433E-03
   38      9.1188758671E-03   2.3450266812E-02  -7.0065228834E-02   7.1724443694E-02   5.3084673254E-05
