
$orca_hessian_file

$act_atom
  0

$act_coord
  0

$act_energy
        0.000000

$multiplicity
  1

$hessian
48
                    0                  1                  2                  3                  4        
    0      1.9101259724E-01  -2.2912616172E-01   1.0446147762E-01  -6.3746963176E-02   6.1927064655E-02
    1     -2.2912616172E-01   6.2396234424E-01   1.7911601462E-02   2.2358773659E-02  -9.7634332798E-02
    2      1.0446147762E-01   1.7911601462E-02   7.3750066998E-01  -2.1906991372E-02   5.7619980753E-02
    3     -6.3746963176E-02   2.2358773659E-02  -2.1906991372E-02   3.7822089285E-01  -2.1871649020E-01
    4      6.1927064655E-02  -9.7634332798E-02   5.7619980753E-02  -2.1871649020E-01   5.1982060655E-01
    5     -6.9041065668E-02   7.4093420304E-02  -3.6776342657E-01   1.1797869798E-01  -1.7402832478E-01
    6     -6.1048892020E-04  -1.7475617770E-03   9.4562704974E-03  -7.6749446954E-02  -1.5664664572E-02
    7     -1.6622445573E-03   8.3304509468E-03  -2.1968083607E-03  -8.0237207698E-03  -7.2761499427E-02
    8      5.1011245721E-03  -2.8850425610E-02  -3.0378616554E-02  -2.8118699039E-03   9.7664048889E-03
    9      1.4059847744E-03   5.6190133714E-04  -2.8774057575E-03  -2.9819806159E-03   2.6809858169E-02
   10      1.2303985363E-03  -9.9950416384E-04   6.0836963227E-04   3.4833064212E-02  -2.3771836421E-02
   11      2.6040010137E-03  -1.0203515700E-03  -8.2912462540E-03   9.5748229863E-03  -1.1694648975E-02
   12      1.0851173352E-03  -1.4170636536E-03  -7.7704553494E-04   1.2630549704E-02   4.0025658304E-03
   13      1.9067881158E-03  -4.4084429636E-03  -3.5056324529E-03  -2.8545322181E-03   1.2313098952E-02
   14      4.7119085076E-04  -7.7202338585E-03  -2.8171033960E-03  -2.5421892277E-02  -4.1992677043E-03
   15      4.0071992277E-02   4.8735326392E-02  -5.1815146388E-02  -1.4508680757E-01   1.2162833259E-01
   16     -4.4582930355E-03  -4.0819613032E-02   5.1302505651E-02   1.4973933367E-01  -3.3212820529E-01
   17     -1.4695944068E-02   5.3862475136E-02  -2.3275061575E-02  -7.1744524820E-02   1.1635821426E-01
   18     -3.9445691099E-02  -2.8701574692E-02   4.2982191741E-02  -8.3009856920E-02   9.5214407775E-02
   19     -1.0247427340E-02  -8.2405531770E-03   9.9185775235E-03   1.7583656643E-03   2.6468094218E-02
   20      2.4404850270E-02   1.5568835237E-02  -2.2711934236E-02   2.8219011812E-02  -4.7117617711E-02
   21     -3.1096472382E-02  -3.4385515695E-03   1.3820007978E-02  -3.1152334479E-02   1.7586956609E-02
   22      4.4820057408E-02   2.2894882486E-02  -3.4305238913E-02   2.2891389531E-02  -3.9091398408E-02
   23     -4.1618359583E-02  -1.8082116252E-02   2.7121870237E-02  -2.1426389262E-02   4.7475177520E-02
   24      7.2148622903E-02   3.8387935490E-02  -6.1644505620E-02   7.9271319599E-03  -6.9212061885E-02
   25     -2.0351367528E-02  -3.2557097998E-02   1.0582256059E-02  -6.4530369256E-03   9.7616680484E-03
   26      8.0729738423E-03   3.9885155395E-04  -2.4154897745E-02   3.8344088016E-03   4.4345991888E-03
   27     -1.2278599741E-01   1.4709140644E-01  -4.1341788602E-02   2.0965812503E-03  -7.4491875972E-03
   28      1.3990180269E-01  -2.6214608060E-01   5.0801007544E-02   6.3873039842E-03  -9.5280313073E-03
   29     -3.1495769772E-02   4.6043329883E-02  -7.0206185030E-02  -1.8476687195E-02   2.2568264696E-02
   30     -2.7880347987E-02   2.3717773950E-02   4.7155630233E-04   1.7090508348E-03  -6.0262448595E-03
   31      2.4332371207E-02  -2.0360246153E-01  -1.6403846202E-01   1.0354330803E-04   7.3625787120E-03
   32      9.9673834522E-03  -1.5309575318E-01  -2.1542214412E-01   1.9735529765E-03  -2.2414659687E-02
   33      2.7257971588E-03   3.4020675033E-03  -3.5247813485E-03   5.7020707793E-03  -1.1254605714E-02
   34      2.4894493910E-04   3.4664429209E-04  -3.3932285093E-04   2.5065115695E-03  -7.6041900488E-04
   35     -1.3815113182E-04  -3.8626920778E-04   2.6075056878E-04  -1.1930835430E-03  -2.9609547146E-04
   36      8.5639928284E-06   3.4919319815E-04   2.0378658562E-04  -3.4622712402E-03  -3.1687338689E-03
   37     -1.3039083598E-04   3.5587897161E-04  -1.5633887236E-04  -1.0654088014E-03  -6.6756770162E-04
   38      8.0001553188E-04   1.5473658928E-04  -2.3325039263E-04  -3.6518138365E-04  -7.1545346480E-04
   39      1.3808139259E-04   1.7230965964E-04   2.4937890626E-04   1.8232782626E-03  -5.8086185935E-04
   40     -1.1979032847E-05   2.2639493164E-04  -2.3664615604E-04   3.1167429742E-04  -7.2987292884E-04
   41     -1.4373482203E-04  -3.2745918576E-04   6.9443587106E-05  -6.7678178645E-04   2.1419642678E-04
   42     -1.3324138731E-02  -1.4217304571E-02  -2.0408258263E-04  -3.9140969909E-03   3.4939107047E-03
   43     -4.2863256622E-03  -3.6353700991E-03   9.0872046938E-04  -2.4127156371E-03   9.5134493548E-04
   44      2.4743853715E-03   2.2850678574E-03  -4.8975246003E-04   3.1539020208E-03   1.0549716513E-03
   45     -9.7066573773E-03  -6.1265997285E-03   1.2423083229E-02  -5.7977010308E-06   1.3935845226E-03
   46     -4.0951077577E-03  -2.0731395016E-03   5.1445106896E-03  -1.3478856455E-03   3.9577187780E-04
   47     -1.2003831394E-03  -8.5478930878E-04   7.9088395439E-04  -7.0253113363E-04   9.6074477782E-04
                    5                  6                  7                  8                  9        
    0     -6.9041065668E-02  -6.1048892020E-04  -1.6622445573E-03   5.1011245721E-03   1.4059847744E-03
    1      7.4093420304E-02  -1.7475617770E-03   8.3304509468E-03  -2.8850425610E-02   5.6190133714E-04
    2     -3.6776342657E-01   9.4562704974E-03  -2.1968083607E-03  -3.0378616554E-02  -2.8774057575E-03
    3      1.1797869798E-01  -7.6749446954E-02  -8.0237207698E-03  -2.8118699039E-03  -2.9819806159E-03
    4     -1.7402832478E-01  -1.5664664572E-02  -7.2761499427E-02   9.7664048889E-03   2.6809858169E-02
    5      6.6818582743E-01  -4.2421954253E-03  -4.2290569789E-03  -1.0974964685E-01  -1.0208058763E-03
    6     -4.2421954253E-03   5.8128058243E-01  -3.1773670545E-01   2.7262380115E-01  -2.9997832472E-01
    7     -4.2290569789E-03  -3.1773670545E-01   6.2673690804E-01  -3.2814412038E-02   2.6138527244E-01
    8     -1.0974964685E-01   2.7262380115E-01  -3.2814412038E-02   8.0061605844E-01  -6.5114557924E-02
    9     -1.0208058763E-03  -2.9997832472E-01   2.6138527244E-01  -6.5114557924E-02   3.4290701825E-01
   10      1.6588602316E-03   2.5823134828E-01  -3.8742934758E-01   4.4744570373E-02  -3.3847576215E-01
   11      1.8892091615E-02  -6.6722054722E-02   4.6225910362E-02  -1.4412306851E-01   1.2215844797E-01
   12     -1.7334873573E-02  -1.9745146046E-01   3.4983077722E-02  -2.1201531645E-01  -4.0103672709E-02
   13     -2.3886601059E-02   3.9275589307E-02  -1.2168755234E-01   1.2071341709E-02   4.4993760744E-02
   14     -5.2614315061E-02  -2.1485038696E-01   4.1415170732E-04  -5.2182971976E-01  -5.9309546838E-02
   15     -5.3566875069E-02  -1.4633749016E-02   3.8329940204E-02   2.3338954526E-02  -3.1946291687E-04
   16      1.0486907210E-01   3.0722463032E-02  -5.4081057816E-02  -1.0144093770E-02   5.5603807726E-03
   17     -1.3293339073E-01   5.1104363221E-03  -1.6091778766E-02   6.0260823232E-03   4.8411249793E-03
   18     -5.3383005756E-02   1.6275208448E-03  -9.5686078940E-03  -1.4714534740E-02   7.4090205270E-04
   19     -9.3769296475E-03   2.8388346986E-03  -3.8365059168E-03  -5.6388431460E-03  -5.2260217314E-04
   20      2.0746590173E-02   3.9683422547E-04   6.0779689729E-03   1.5013818915E-02   2.7515660611E-04
   21      1.3278597686E-04   3.8382848303E-03  -5.5624533480E-03  -1.1867215079E-02  -1.1782017565E-03
   22      3.8628146242E-02   2.5706845532E-03   3.0028889293E-03   3.9176549860E-03  -6.8614950907E-04
   23     -3.4779032942E-02   6.6462987518E-04  -3.5818667236E-03  -9.3550680924E-03  -3.1125217889E-04
   24      8.0629340423E-02   5.0191669788E-03   2.4854625846E-04   5.0748611604E-03  -1.3357410381E-03
   25     -1.6454207596E-02  -4.0010527732E-04   1.4656575845E-03   1.2730603384E-03   8.2838052841E-04
   26      2.1564464708E-03   1.9278264329E-04  -1.4516233158E-03  -2.3251682108E-03   1.9048698166E-04
   27      2.4549182223E-03  -3.9071085562E-03   1.3138651070E-03   1.0491504608E-03  -1.0344998310E-04
   28     -2.8966796178E-04  -1.5572947626E-03  -1.1143589578E-04   1.5213477287E-03   4.4275604729E-04
   29      4.9776610501E-03  -1.8732994735E-03   2.8158319093E-03  -9.4879250165E-04   1.8670893694E-03
   30      8.8369811056E-03   5.6234177473E-03   4.0024662098E-03  -2.6263897825E-04  -1.1710929339E-04
   31      1.3745358186E-02   4.1808885515E-03  -1.1668628832E-03   3.5899516082E-03  -5.9630476228E-04
   32     -1.7618266949E-02  -1.8132748529E-03   3.4009340326E-03  -4.0210243862E-03  -7.7544734861E-05
   33      2.3467197767E-03  -2.9422832291E-03   2.2320067213E-03  -2.0042316940E-03   9.3588625346E-04
   34      4.5718630661E-04   4.5074088476E-04   8.5698196044E-04   1.3033397965E-03  -7.7143655196E-05
   35     -4.2901926955E-04   9.3273666965E-04   1.7409447935E-04   1.5365446533E-03  -6.0302742150E-04
   36     -5.5479853155E-05  -6.8917225495E-04   1.0253258880E-04  -3.2848247584E-04   1.4993272191E-04
   37     -2.3894153851E-04  -4.9020279842E-04   3.2316671257E-04  -2.5628215100E-04   6.6070155332E-05
   38      1.3835272892E-04  -5.3342174751E-04   1.8205402646E-04  -9.1870540376E-04   8.7063665753E-05
   39     -6.2395412382E-04  -3.5654666696E-04   1.3736990108E-03   1.4564640464E-03   1.3480038038E-04
   40      3.8599665644E-04   1.2130478239E-04   1.6350329896E-04   6.5387859588E-04  -8.7409824182E-05
   41     -2.1784853480E-04  -2.8209839720E-04   2.2850004745E-04  -6.1062551586E-04   1.6025693072E-04
   42     -8.6531801595E-03   8.8250674284E-05  -1.8316975371E-03  -9.4050300152E-05  -1.1034250588E-04
   43     -3.0127733886E-03  -6.8172652803E-04   4.7666291986E-04  -6.0179912559E-04  -1.3416158534E-04
   44      1.7247197362E-03   8.0048733117E-04   8.3680425800E-04   1.5055618936E-03  -2.2050874838E-04
   45     -4.4664718747E-03  -1.5864272436E-04   4.1286773635E-04   5.9421346506E-04  -4.6238895362E-05
   46     -2.3080234455E-03  -1.1243735809E-04  -2.8195852313E-04  -5.5909916033E-04  -8.1694624386E-05
   47     -7.1674230636E-04   1.1308103944E-04   3.2701363428E-05  -4.3763042796E-04  -3.0370265473E-05
                   10                 11                 12                 13                 14        
    0      1.2303985363E-03   2.6040010137E-03   1.0851173352E-03   1.9067881158E-03   4.7119085076E-04
    1     -9.9950416384E-04  -1.0203515700E-03  -1.4170636536E-03  -4.4084429636E-03  -7.7202338585E-03
    2      6.0836963227E-04  -8.2912462540E-03  -7.7704553494E-04  -3.5056324529E-03  -2.8171033960E-03
    3      3.4833064212E-02   9.5748229863E-03   1.2630549704E-02  -2.8545322181E-03  -2.5421892277E-02
    4     -2.3771836421E-02  -1.1694648975E-02   4.0025658304E-03   1.2313098952E-02  -4.1992677043E-03
    5      1.6588602316E-03   1.8892091615E-02  -1.7334873573E-02  -2.3886601059E-02  -5.2614315061E-02
    6      2.5823134828E-01  -6.6722054722E-02  -1.9745146046E-01   3.9275589307E-02  -2.1485038696E-01
    7     -3.8742934758E-01   4.6225910362E-02   3.4983077722E-02  -1.2168755234E-01   4.1415170732E-04
    8      4.4744570373E-02  -1.4412306851E-01  -2.1201531645E-01   1.2071341709E-02  -5.2182971976E-01
    9     -3.3847576215E-01   1.2215844797E-01  -4.0103672709E-02   4.4993760744E-02  -5.9309546838E-02
   10      4.1448075357E-01  -8.6534028143E-02   4.0138758383E-02   6.8263350247E-03   5.0416610818E-02
   11     -8.6534028143E-02   1.5652908488E-01  -7.3484721886E-02   6.5043750767E-02  -2.1842213591E-02
   12      4.0138758383E-02  -7.3484721886E-02   2.2412898704E-01  -7.9058910580E-02   2.9525701742E-01
   13      6.8263350247E-03   6.5043750767E-02  -7.9058910580E-02   1.0692677309E-01  -3.9629411505E-02
   14      5.0416610818E-02  -2.1842213591E-02   2.9525701742E-01  -3.9629411505E-02   5.9652172052E-01
   15      2.4163533585E-03   2.6605812275E-03  -2.8577253289E-03  -1.5169666193E-03  -5.0570304816E-03
   16     -6.8413863568E-03  -7.0449919110E-03   5.6450951251E-04   1.5701829424E-04   8.4589695941E-04
   17     -6.4430031877E-03  -5.3025547560E-04   6.7861379674E-03  -7.7561798650E-03   5.1265049055E-03
   18      1.3789470773E-03  -1.6627683281E-04   1.6799493939E-03  -2.2304963101E-03   4.5908675461E-03
   19      5.4186361718E-04  -1.5671339973E-04   1.1250809016E-03  -6.7906070440E-04   1.4804147720E-03
   20     -2.0484382597E-03  -1.9453317474E-03  -2.9220880176E-03  -3.3318002900E-04  -6.0627065942E-03
   21      2.6772798288E-03   1.6792221899E-03   1.2754514438E-03   7.4697521527E-04   4.6805325387E-03
   22     -8.6679976721E-04  -5.4201288356E-04  -5.1114509791E-04  -9.9248957233E-05  -1.1806982556E-03
   23      1.7863040015E-03   1.5195146963E-03   1.8610099118E-03   1.6234929022E-04   4.1547893774E-03
   24     -5.6426093887E-04  -3.2883262050E-03  -1.1401497781E-03  -1.1883796256E-03  -2.7190940890E-03
   25     -1.0410590400E-03  -3.4390000040E-04  -2.0465327398E-04  -2.7893804636E-04  -1.0289545863E-03
   26     -2.7183142122E-04  -6.0587183145E-05   6.7465861068E-04  -1.9396756460E-04   8.9810732530E-04
   27     -2.5948316606E-04   3.0226750229E-03   2.2710513058E-04  -1.1314799320E-04  -1.1146809866E-03
   28     -1.4437403260E-03  -3.0388731423E-03   3.5267006284E-05   1.6142507340E-04  -7.2294220005E-04
   29     -2.9214855559E-03  -1.1361999458E-03   1.0912766437E-03  -3.5681633225E-04   1.6693986681E-03
   30     -1.0864713789E-03   7.4980464558E-04  -2.1210957484E-04  -4.2666113517E-04   2.1577596368E-03
   31      7.4499227905E-04  -1.4612652926E-03  -6.0828337300E-04   9.5771436568E-04   1.0697121166E-03
   32     -5.5794008082E-04   9.7394280341E-04  -1.3950751854E-04  -1.4449162075E-03  -2.2027519751E-03
   33     -1.2506266124E-03   1.0359963667E-03   1.0675447164E-03   4.7606487607E-05   1.4711565661E-03
   34     -2.8699121783E-04   4.0003467228E-05   1.9601185264E-04  -3.6701850763E-04  -6.0866148022E-04
   35      1.0741675854E-04  -4.1063568783E-04   3.0436932309E-04  -1.3708552867E-05  -1.3071943466E-03
   36      1.3281249861E-04   1.9866898808E-04   3.5393814936E-04  -1.4431834327E-05   1.6654965608E-04
   37     -4.8426163645E-05   1.5580014655E-04   4.6196748606E-04   2.1042067944E-05   3.2443895902E-05
   38     -2.0957515970E-04   2.0858279762E-04   8.6127542764E-04   7.8449029117E-06   1.6935527473E-04
   39     -6.8952058184E-04   6.6608157194E-05  -4.9005035209E-04   6.4364800360E-06  -4.3380677078E-04
   40      2.7795251292E-05  -6.0605401346E-05  -2.9112396919E-04   6.3393712590E-05  -1.6251897181E-04
   41     -2.5750965528E-04   1.9077552001E-04   4.0251634655E-04  -2.4655148271E-05   2.9852678085E-04
   42      1.1779139400E-03  -1.4567628955E-04   7.6637774318E-05   2.9766090047E-04   4.8137751429E-04
   43     -1.8872525854E-04   3.8837043385E-04   3.6225317312E-04  -3.8194439657E-05   6.5510095853E-04
   44     -1.1477207575E-04  -1.1403654255E-04  -6.9532835620E-04  -1.8517631221E-04  -5.7640433602E-04
   45      1.2209681036E-04   4.1620602554E-05  -2.7011248066E-04   1.2311758698E-04  -3.6408026943E-04
   46      2.9607655242E-04   5.3006336810E-05   2.2727955850E-04   1.3165537802E-04   3.2098453924E-04
   47      2.7000928837E-05   1.3958262997E-04   1.2468662464E-04   6.2331153665E-05   4.1400620631E-04
                   15                 16                 17                 18                 19        
    0      4.0071992277E-02  -4.4582930355E-03  -1.4695944068E-02  -3.9445691099E-02  -1.0247427340E-02
    1      4.8735326392E-02  -4.0819613032E-02   5.3862475136E-02  -2.8701574692E-02  -8.2405531770E-03
    2     -5.1815146388E-02   5.1302505651E-02  -2.3275061575E-02   4.2982191741E-02   9.9185775235E-03
    3     -1.4508680757E-01   1.4973933367E-01  -7.1744524820E-02  -8.3009856920E-02   1.7583656643E-03
    4      1.2162833259E-01  -3.3212820529E-01   1.1635821426E-01   9.5214407775E-02   2.6468094218E-02
    5     -5.3566875069E-02   1.0486907210E-01  -1.3293339073E-01  -5.3383005756E-02  -9.3769296475E-03
    6     -1.4633749016E-02   3.0722463032E-02   5.1104363221E-03   1.6275208448E-03   2.8388346986E-03
    7      3.8329940204E-02  -5.4081057816E-02  -1.6091778766E-02  -9.5686078940E-03  -3.8365059168E-03
    8      2.3338954526E-02  -1.0144093770E-02   6.0260823232E-03  -1.4714534740E-02  -5.6388431460E-03
    9     -3.1946291687E-04   5.5603807726E-03   4.8411249793E-03   7.4090205270E-04  -5.2260217314E-04
   10      2.4163533585E-03  -6.8413863568E-03  -6.4430031877E-03   1.3789470773E-03   5.4186361718E-04
   11      2.6605812275E-03  -7.0449919110E-03  -5.3025547560E-04  -1.6627683281E-04  -1.5671339973E-04
   12     -2.8577253289E-03   5.6450951251E-04   6.7861379674E-03   1.6799493939E-03   1.1250809016E-03
   13     -1.5169666193E-03   1.5701829424E-04  -7.7561798650E-03  -2.2304963101E-03  -6.7906070440E-04
   14     -5.0570304816E-03   8.4589695941E-04   5.1265049055E-03   4.5908675461E-03   1.4804147720E-03
   15      1.3576186571E-01  -1.7409503558E-01   7.2918567204E-02   1.1319160188E-01   2.7050224276E-02
   16     -1.7409503558E-01   4.6960928132E-01  -1.5169940460E-01  -4.4100852799E-02  -5.4425576538E-02
   17      7.2918567204E-02  -1.5169940460E-01   1.7438637039E-01   1.3103059832E-02   9.3581997017E-03
   18      1.1319160188E-01  -4.4100852799E-02   1.3103059832E-02   1.1126246185E-01  -1.6073621139E-01
   19      2.7050224276E-02  -5.4425576538E-02   9.3581997017E-03  -1.6073621139E-01   6.7614406488E-01
   20     -7.7227954882E-02   2.9703543298E-02  -2.8984896251E-02   7.9932391373E-02  -3.7505715925E-04
   21      9.3008717104E-04  -1.7847324231E-02   1.5594481136E-02  -7.3218941083E-02   6.4559167850E-03
   22     -7.6564919915E-02   1.7232853977E-02   1.5491719950E-03   5.6634033647E-02  -1.2195307307E-01
   23      8.8091018294E-02  -2.4320409998E-02   4.4574305907E-03  -3.2380763919E-02   6.6895544165E-02
   24     -7.8347006120E-02   4.1244053167E-02  -1.6717964977E-02   6.6669688974E-02   1.9813664566E-02
   25      2.6859388009E-02  -7.5890869056E-03   3.6359365681E-03  -1.6480345509E-02  -2.0723507335E-02
   26     -1.9693859635E-03   2.5561647859E-03  -2.2642963118E-03  -1.2637080076E-02   3.8918681691E-02
   27      2.2907511353E-03   5.4746238831E-03  -5.7645322016E-04   2.5904616774E-03   7.4652490293E-04
   28     -6.4267818225E-04   4.4976710543E-03   5.8022477185E-04   1.8644174769E-03   7.4134669857E-04
   29     -1.9328272121E-03   3.7919024007E-03  -7.9460699374E-03   1.3164559847E-03   3.4060230957E-04
   30     -9.1962373174E-03   3.3338939214E-03  -1.1638451257E-03   5.4562041702E-03   1.8033644539E-03
   31     -4.8255645496E-03   8.1405901059E-04  -1.0276188155E-03   2.6953231649E-03   1.2407492952E-03
   32      3.4466448982E-03  -1.4558115438E-04   3.2669539572E-03  -1.4931512482E-03  -4.4905146054E-04
   33     -3.2432987568E-02  -9.1924872574E-03  -1.2025216451E-02  -2.7696893970E-02   6.8685534594E-03
   34     -4.6677483686E-03  -5.5835392216E-04  -1.7726416484E-03  -5.8610956880E-06  -1.9021536076E-01
   35      8.2767837895E-04   6.0877732805E-04   1.4598167945E-03  -9.4896226496E-03  -1.4748785447E-01
   36     -1.6739616000E-02   1.7598061672E-02  -4.4083323016E-03  -7.5765577500E-02   1.0025081791E-01
   37     -6.5266580722E-03   5.7328967673E-03  -1.3852121098E-03   1.0500086827E-01  -3.1241084103E-01
   38     -1.5070903137E-05   1.7889770733E-04   5.3005291784E-04  -2.1107503971E-02   5.6630308709E-02
   39     -1.7280144064E-03   1.0480412665E-03  -9.2600530283E-04   4.3209862948E-03   1.1423287501E-03
   40     -9.5218823799E-04   5.5660660059E-04  -5.8391200270E-04  -1.3071531028E-03   1.0759982747E-02
   41      3.0166678195E-04   2.5204298901E-04   6.0661329850E-04   3.9612154645E-03  -2.2416378679E-02
   42      6.9302286031E-03  -3.7518882671E-03   2.7970534790E-03  -9.7685361302E-03  -4.2756054857E-03
   43      2.2781513260E-03  -1.4523907237E-03   1.1723141030E-03  -2.7524843531E-03   7.4777025951E-04
   44     -1.5126709307E-03   5.4558224406E-04  -5.0300962339E-04   1.5474894388E-03   9.4770615380E-04
   45      2.1650794700E-03  -1.8466507243E-03   1.1291066000E-03   1.3657195611E-03   5.9389115729E-03
   46      2.5012143630E-03  -7.0471643127E-04   2.3332893685E-04   3.0848481844E-03  -4.1593931907E-03
   47      1.4901692682E-03  -1.2900185071E-03   5.7715471990E-04  -2.0393558526E-03   1.4089266137E-03
                   20                 21                 22                 23                 24        
    0      2.4404850270E-02  -3.1096472382E-02   4.4820057408E-02  -4.1618359583E-02   7.2148622903E-02
    1      1.5568835237E-02  -3.4385515695E-03   2.2894882486E-02  -1.8082116252E-02   3.8387935490E-02
    2     -2.2711934236E-02   1.3820007978E-02  -3.4305238913E-02   2.7121870237E-02  -6.1644505620E-02
    3      2.8219011812E-02  -3.1152334479E-02   2.2891389531E-02  -2.1426389262E-02   7.9271319599E-03
    4     -4.7117617711E-02   1.7586956609E-02  -3.9091398408E-02   4.7475177520E-02  -6.9212061885E-02
    5      2.0746590173E-02   1.3278597686E-04   3.8628146242E-02  -3.4779032942E-02   8.0629340423E-02
    6      3.9683422547E-04   3.8382848303E-03   2.5706845532E-03   6.6462987518E-04   5.0191669788E-03
    7      6.0779689729E-03  -5.5624533480E-03   3.0028889293E-03  -3.5818667236E-03   2.4854625846E-04
    8      1.5013818915E-02  -1.1867215079E-02   3.9176549860E-03  -9.3550680924E-03   5.0748611604E-03
    9      2.7515660611E-04  -1.1782017565E-03  -6.8614950907E-04  -3.1125217889E-04  -1.3357410381E-03
   10     -2.0484382597E-03   2.6772798288E-03  -8.6679976721E-04   1.7863040015E-03  -5.6426093887E-04
   11     -1.9453317474E-03   1.6792221899E-03  -5.4201288356E-04   1.5195146963E-03  -3.2883262050E-03
   12     -2.9220880176E-03   1.2754514438E-03  -5.1114509791E-04   1.8610099118E-03  -1.1401497781E-03
   13     -3.3318002900E-04   7.4697521527E-04  -9.9248957233E-05   1.6234929022E-04  -1.1883796256E-03
   14     -6.0627065942E-03   4.6805325387E-03  -1.1806982556E-03   4.1547893774E-03  -2.7190940890E-03
   15     -7.7227954882E-02   9.3008717104E-04  -7.6564919915E-02   8.8091018294E-02  -7.8347006120E-02
   16      2.9703543298E-02  -1.7847324231E-02   1.7232853977E-02  -2.4320409998E-02   4.1244053167E-02
   17     -2.8984896251E-02   1.5594481136E-02   1.5491719950E-03   4.4574305907E-03  -1.6717964977E-02
   18      7.9932391373E-02  -7.3218941083E-02   5.6634033647E-02  -3.2380763919E-02   6.6669688974E-02
   19     -3.7505715925E-04   6.4559167850E-03  -1.2195307307E-01   6.6895544165E-02   1.9813664566E-02
   20      6.9227440875E-01   3.2587423083E-02   4.9099658352E-02  -3.3552904367E-01  -4.4682396081E-02
   21      3.2587423083E-02   2.6470776284E-01  -1.9302112113E-01  -5.7491591123E-02  -9.8314687019E-02
   22      4.9099658352E-02  -1.9302112113E-01   6.5484876028E-01   4.0682286398E-03   9.2992026592E-02
   23     -3.3552904367E-01  -5.7491591123E-02   4.0682286398E-03   6.9576651812E-01   1.4606108776E-02
   24     -4.4682396081E-02  -9.8314687019E-02   9.2992026592E-02   1.4606108776E-02   1.1462429129E-01
   25      2.9205514243E-02   1.3804412220E-01  -3.4035030953E-01   4.8726227808E-02  -1.4671653294E-01
   26     -1.3269015798E-02  -3.5360097300E-02   6.4088487570E-02  -1.3017213132E-01   1.5677217806E-02
   27     -1.1785495192E-05  -1.3656775986E-03  -2.6344535381E-03   8.8617032596E-04  -7.1874659483E-03
   28     -7.7751220939E-04   1.3456252930E-04  -1.7029536568E-03   1.0601567001E-03  -5.3074299333E-03
   29     -1.0986556361E-04  -9.8615162691E-07  -4.0663015525E-04   8.7522767911E-05   3.2677037982E-04
   30     -3.7603022721E-03   1.1076512519E-03  -7.5146081666E-03   3.3583237209E-03  -1.6917620005E-02
   31     -1.9152748403E-03   2.5905375338E-03  -9.1639559249E-04   3.1517067849E-03  -4.1301834938E-03
   32      6.4423426298E-04  -5.7343061199E-04   1.2008848012E-03  -4.7533724069E-04   2.1947135247E-03
   33     -1.6812856708E-02   4.7874242569E-03  -2.3213779878E-03   1.2804114146E-02  -9.0101515123E-03
   34     -1.5011605994E-01   1.1549927390E-03   1.1352668892E-02   1.0923035940E-02  -1.2966571537E-03
   35     -2.2867375623E-01   4.1334725103E-04  -2.0289247055E-02  -1.7919122497E-02   1.5785357709E-03
   36     -2.6179893668E-02   7.6501451051E-03  -7.1280971950E-03   2.3242271400E-03   3.7708069870E-03
   37      5.9629997077E-02   3.6274777701E-03  -4.8078842227E-03  -1.5330208754E-03   8.9865813486E-05
   38     -7.3047392224E-02  -1.3365394714E-02   2.7543385680E-02  -8.9470936692E-04   4.5819833462E-04
   39      5.2984810361E-04  -4.9946067753E-02   4.2973407904E-02   4.0818344079E-02   6.6774345425E-04
   40      1.1411585866E-02   5.0850539196E-02  -1.8543827748E-01  -1.3984582469E-01   3.6304187407E-03
   41     -2.0195648392E-02   4.8087381166E-02  -1.3773777897E-01  -2.1057330432E-01  -2.5424551774E-03
   42      4.3648898501E-03  -2.7315362339E-03   2.1360442836E-02   7.8068775579E-03  -2.6132476477E-02
   43      8.2244156165E-05  -9.9073217648E-05  -1.2560759198E-02  -2.1631651740E-02   2.3229663582E-02
   44      5.4913416884E-04   4.8536980568E-04   5.4498370462E-03   9.7652192077E-03   8.5550875666E-03
   45      8.6449546574E-04   4.7071114075E-03   6.1419929627E-03  -1.9992329922E-02  -3.2442154653E-02
   46      1.9056592654E-03  -3.9029998051E-03  -1.5449546822E-03   2.4747252875E-02   8.7861194724E-03
   47      1.3014044379E-03   1.1780260168E-03  -1.0849425215E-03  -3.1751155389E-03   2.4828130274E-03
                   25                 26                 27                 28                 29        
    0     -2.0351367528E-02   8.0729738423E-03  -1.2278599741E-01   1.3990180269E-01  -3.1495769772E-02
    1     -3.2557097998E-02   3.9885155395E-04   1.4709140644E-01  -2.6214608060E-01   4.6043329883E-02
    2      1.0582256059E-02  -2.4154897745E-02  -4.1341788602E-02   5.0801007544E-02  -7.0206185030E-02
    3     -6.4530369256E-03   3.8344088016E-03   2.0965812503E-03   6.3873039842E-03  -1.8476687195E-02
    4      9.7616680484E-03   4.4345991888E-03  -7.4491875972E-03  -9.5280313073E-03   2.2568264696E-02
    5     -1.6454207596E-02   2.1564464708E-03   2.4549182223E-03  -2.8966796178E-04   4.9776610501E-03
    6     -4.0010527732E-04   1.9278264329E-04  -3.9071085562E-03  -1.5572947626E-03  -1.8732994735E-03
    7      1.4656575845E-03  -1.4516233158E-03   1.3138651070E-03  -1.1143589578E-04   2.8158319093E-03
    8      1.2730603384E-03  -2.3251682108E-03   1.0491504608E-03   1.5213477287E-03  -9.4879250165E-04
    9      8.2838052841E-04   1.9048698166E-04  -1.0344998310E-04   4.4275604729E-04   1.8670893694E-03
   10     -1.0410590400E-03  -2.7183142122E-04  -2.5948316606E-04  -1.4437403260E-03  -2.9214855559E-03
   11     -3.4390000040E-04  -6.0587183145E-05   3.0226750229E-03  -3.0388731423E-03  -1.1361999458E-03
   12     -2.0465327398E-04   6.7465861068E-04   2.2710513058E-04   3.5267006284E-05   1.0912766437E-03
   13     -2.7893804636E-04  -1.9396756460E-04  -1.1314799320E-04   1.6142507340E-04  -3.5681633225E-04
   14     -1.0289545863E-03   8.9810732530E-04  -1.1146809866E-03  -7.2294220005E-04   1.6693986681E-03
   15      2.6859388009E-02  -1.9693859635E-03   2.2907511353E-03  -6.4267818225E-04  -1.9328272121E-03
   16     -7.5890869056E-03   2.5561647859E-03   5.4746238831E-03   4.4976710543E-03   3.7919024007E-03
   17      3.6359365681E-03  -2.2642963118E-03  -5.7645322016E-04   5.8022477185E-04  -7.9460699374E-03
   18     -1.6480345509E-02  -1.2637080076E-02   2.5904616774E-03   1.8644174769E-03   1.3164559847E-03
   19     -2.0723507335E-02   3.8918681691E-02   7.4652490293E-04   7.4134669857E-04   3.4060230957E-04
   20      2.9205514243E-02  -1.3269015798E-02  -1.1785495192E-05  -7.7751220939E-04  -1.0986556361E-04
   21      1.3804412220E-01  -3.5360097300E-02  -1.3656775986E-03   1.3456252930E-04  -9.8615162691E-07
   22     -3.4035030953E-01   6.4088487570E-02  -2.6344535381E-03  -1.7029536568E-03  -4.0663015525E-04
   23      4.8726227808E-02  -1.3017213132E-01   8.8617032596E-04   1.0601567001E-03   8.7522767911E-05
   24     -1.4671653294E-01   1.5677217806E-02  -7.1874659483E-03  -5.3074299333E-03   3.2677037982E-04
   25      7.0531915869E-01  -2.3297083971E-02   7.6056870782E-03   3.8416018406E-03  -2.6334223985E-04
   26     -2.3297083971E-02   6.8747831907E-01  -1.5998185001E-03  -9.8803405385E-04   1.8882516316E-04
   27      7.6056870782E-03  -1.5998185001E-03   1.2524913028E-01  -1.5014170048E-01   3.7235081938E-02
   28      3.8416018406E-03  -9.8803405385E-04  -1.5014170048E-01   2.7412880787E-01  -5.4708630172E-02
   29     -2.6334223985E-04   1.8882516316E-04   3.7235081938E-02  -5.4708630172E-02   6.5385372543E-02
   30     -5.8785638239E-03  -8.9197020328E-03   1.6262087015E-03   8.1237895691E-03   1.2347381990E-02
   31     -1.6873787490E-03  -2.5547746351E-03  -2.1356271714E-03  -9.0278608074E-03  -1.6761039889E-02
   32      7.9589041892E-04   1.2057570443E-03   5.8739080632E-05   6.7100163923E-03   8.1698720091E-03
   33      1.1716929651E-03  -9.1101338969E-04  -6.7809031168E-05  -1.7850695830E-04  -1.5000986649E-04
   34      1.3432762109E-03   3.2836062219E-04  -1.0324244105E-05  -3.4796765956E-05   1.0443986155E-05
   35     -8.8217335424E-04   1.6247834821E-03   2.7179244873E-05   2.5891374872E-05   2.0648564108E-05
   36      1.1148462987E-03   2.6127914216E-03   3.8519762003E-05  -1.0547509760E-05  -3.6291879618E-05
   37      6.6180522871E-04   2.5955268851E-03  -4.0384809338E-06  -6.1431483325E-06  -2.8051270037E-05
   38      1.5147802195E-03  -6.0113035320E-03   6.2983839648E-05   5.1243996715E-06  -3.9056666538E-05
   39      9.9455415733E-03   1.1205817428E-02  -8.0722278330E-05  -5.6889150649E-05  -9.8194084512E-05
   40     -1.6698397717E-02  -2.1413206137E-02  -1.2351879117E-04   4.2943127041E-05   1.0040415012E-04
   41      9.0318871426E-03   9.6192388785E-03   1.0198175472E-04   9.6725418181E-05   6.8285444810E-06
   42      1.0618374163E-02   9.1325764040E-03   8.4343815204E-04   4.4221543869E-04  -2.4146224854E-04
   43     -2.1834405620E-01  -1.4534773888E-01   2.3707204988E-04   3.1071405703E-04  -6.1232154809E-06
   44     -1.4624797439E-01  -1.9486245612E-01  -5.9305753410E-04  -1.8816599968E-04  -7.0313190092E-06
   45      2.8978474643E-04   9.8144787029E-03   5.3603471199E-04   5.6095704331E-04   1.1347837904E-04
   46     -8.3123336088E-02   8.2195906966E-02   4.0427719760E-04   2.7653277995E-04  -2.0769461714E-04
   47      8.3753764055E-02  -3.3005162121E-01   3.4669764826E-04  -9.7634478015E-05  -1.1292834614E-04
                   30                 31                 32                 33                 34        
    0     -2.7880347987E-02   2.4332371207E-02   9.9673834522E-03   2.7257971588E-03   2.4894493910E-04
    1      2.3717773950E-02  -2.0360246153E-01  -1.5309575318E-01   3.4020675033E-03   3.4664429209E-04
    2      4.7155630233E-04  -1.6403846202E-01  -2.1542214412E-01  -3.5247813485E-03  -3.3932285093E-04
    3      1.7090508348E-03   1.0354330803E-04   1.9735529765E-03   5.7020707793E-03   2.5065115695E-03
    4     -6.0262448595E-03   7.3625787120E-03  -2.2414659687E-02  -1.1254605714E-02  -7.6041900488E-04
    5      8.8369811056E-03   1.3745358186E-02  -1.7618266949E-02   2.3467197767E-03   4.5718630661E-04
    6      5.6234177473E-03   4.1808885515E-03  -1.8132748529E-03  -2.9422832291E-03   4.5074088476E-04
    7      4.0024662098E-03  -1.1668628832E-03   3.4009340326E-03   2.2320067213E-03   8.5698196044E-04
    8     -2.6263897825E-04   3.5899516082E-03  -4.0210243862E-03  -2.0042316940E-03   1.3033397965E-03
    9     -1.1710929339E-04  -5.9630476228E-04  -7.7544734861E-05   9.3588625346E-04  -7.7143655196E-05
   10     -1.0864713789E-03   7.4499227905E-04  -5.5794008082E-04  -1.2506266124E-03  -2.8699121783E-04
   11      7.4980464558E-04  -1.4612652926E-03   9.7394280341E-04   1.0359963667E-03   4.0003467228E-05
   12     -2.1210957484E-04  -6.0828337300E-04  -1.3950751854E-04   1.0675447164E-03   1.9601185264E-04
   13     -4.2666113517E-04   9.5771436568E-04  -1.4449162075E-03   4.7606487607E-05  -3.6701850763E-04
   14      2.1577596368E-03   1.0697121166E-03  -2.2027519751E-03   1.4711565661E-03  -6.0866148022E-04
   15     -9.1962373174E-03  -4.8255645496E-03   3.4466448982E-03  -3.2432987568E-02  -4.6677483686E-03
   16      3.3338939214E-03   8.1405901059E-04  -1.4558115438E-04  -9.1924872574E-03  -5.5835392216E-04
   17     -1.1638451257E-03  -1.0276188155E-03   3.2669539572E-03  -1.2025216451E-02  -1.7726416484E-03
   18      5.4562041702E-03   2.6953231649E-03  -1.4931512482E-03  -2.7696893970E-02  -5.8610956880E-06
   19      1.8033644539E-03   1.2407492952E-03  -4.4905146054E-04   6.8685534594E-03  -1.9021536076E-01
   20     -3.7603022721E-03  -1.9152748403E-03   6.4423426298E-04  -1.6812856708E-02  -1.5011605994E-01
   21      1.1076512519E-03   2.5905375338E-03  -5.7343061199E-04   4.7874242569E-03   1.1549927390E-03
   22     -7.5146081666E-03  -9.1639559249E-04   1.2008848012E-03  -2.3213779878E-03   1.1352668892E-02
   23      3.3583237209E-03   3.1517067849E-03  -4.7533724069E-04   1.2804114146E-02   1.0923035940E-02
   24     -1.6917620005E-02  -4.1301834938E-03   2.1947135247E-03  -9.0101515123E-03  -1.2966571537E-03
   25     -5.8785638239E-03  -1.6873787490E-03   7.9589041892E-04   1.1716929651E-03   1.3432762109E-03
   26     -8.9197020328E-03  -2.5547746351E-03   1.2057570443E-03  -9.1101338969E-04   3.2836062219E-04
   27      1.6262087015E-03  -2.1356271714E-03   5.8739080632E-05  -6.7809031168E-05  -1.0324244105E-05
   28      8.1237895691E-03  -9.0278608074E-03   6.7100163923E-03  -1.7850695830E-04  -3.4796765956E-05
   29      1.2347381990E-02  -1.6761039889E-02   8.1698720091E-03  -1.5000986649E-04   1.0443986155E-05
   30      3.9770510861E-02  -2.0624805168E-02  -1.4009367894E-02  -6.0987021553E-04  -4.1470210597E-05
   31     -2.0624805168E-02   2.0544053121E-01   1.6574362089E-01  -2.5465403381E-04  -6.2115963597E-05
   32     -1.4009367894E-02   1.6574362089E-01   2.2506253876E-01   1.9497317550E-04   1.3013318475E-06
   33     -6.0987021553E-04  -2.5465403381E-04   1.9497317550E-04   4.7402035537E-02   3.1587887712E-03
   34     -4.1470210597E-05  -6.2115963597E-05   1.3013318475E-06   3.1587887712E-03   1.9059689728E-01
   35      1.1732759620E-04   3.5581912445E-05  -3.1631421572E-05   7.6442677676E-03   1.5781570759E-01
   36     -1.2243553591E-04  -8.8194071285E-05   4.7919118334E-05   3.8506979819E-03  -1.8185185452E-03
   37     -4.1469100125E-05  -5.2885986565E-05   1.9718155161E-05   6.5888038695E-03  -1.1819317199E-02
   38     -1.1824318598E-04   2.8499655930E-05   1.6870670229E-05   9.1641671467E-03  -2.0487567874E-02
   39     -7.9382304232E-05  -3.2906262926E-04  -1.4686085672E-04   5.0224144238E-03   6.0214483760E-04
   40      4.1994577687E-04   4.0035753740E-05  -5.7881026274E-05   8.3402363671E-04  -2.6761665424E-05
   41      6.0836100913E-05  -6.8676895967E-05   1.1445774273E-04   1.4921169920E-03   2.8220057361E-03
   42     -1.4911472823E-03  -3.1658674883E-04   3.0039786913E-04   1.2517457723E-03  -4.0714617244E-04
   43     -1.3598746859E-04   2.3723122293E-06   7.6973709780E-05  -5.7217250079E-05  -2.3525166858E-04
   44      1.7857245665E-04   3.0694992978E-04  -1.0843656950E-05  -7.9212108811E-04  -2.4637840296E-04
   45      1.3332159484E-03   1.4702871880E-05   7.9076874588E-05   1.4378646882E-05   2.8314199568E-06
   46      3.6694679390E-04  -8.7071419274E-05   2.0970539211E-04   2.0983483197E-04  -1.3008196123E-04
   47     -5.4707317481E-05   1.6246897723E-04   3.2737249185E-04   6.6778555842E-05  -1.1996092259E-04
                   35                 36                 37                 38                 39        
    0     -1.3815113182E-04   8.5639928284E-06  -1.3039083598E-04   8.0001553188E-04   1.3808139259E-04
    1     -3.8626920778E-04   3.4919319815E-04   3.5587897161E-04   1.5473658928E-04   1.7230965964E-04
    2      2.6075056878E-04   2.0378658562E-04  -1.5633887236E-04  -2.3325039263E-04   2.4937890626E-04
    3     -1.1930835430E-03  -3.4622712402E-03  -1.0654088014E-03  -3.6518138365E-04   1.8232782626E-03
    4     -2.9609547146E-04  -3.1687338689E-03  -6.6756770162E-04  -7.1545346480E-04  -5.8086185935E-04
    5     -4.2901926955E-04  -5.5479853155E-05  -2.3894153851E-04   1.3835272892E-04  -6.2395412382E-04
    6      9.3273666965E-04  -6.8917225495E-04  -4.9020279842E-04  -5.3342174751E-04  -3.5654666696E-04
    7      1.7409447935E-04   1.0253258880E-04   3.2316671257E-04   1.8205402646E-04   1.3736990108E-03
    8      1.5365446533E-03  -3.2848247584E-04  -2.5628215100E-04  -9.1870540376E-04   1.4564640464E-03
    9     -6.0302742150E-04   1.4993272191E-04   6.6070155332E-05   8.7063665753E-05   1.3480038038E-04
   10      1.0741675854E-04   1.3281249861E-04  -4.8426163645E-05  -2.0957515970E-04  -6.8952058184E-04
   11     -4.1063568783E-04   1.9866898808E-04   1.5580014655E-04   2.0858279762E-04   6.6608157194E-05
   12      3.0436932309E-04   3.5393814936E-04   4.6196748606E-04   8.6127542764E-04  -4.9005035209E-04
   13     -1.3708552867E-05  -1.4431834327E-05   2.1042067944E-05   7.8449029117E-06   6.4364800360E-06
   14     -1.3071943466E-03   1.6654965608E-04   3.2443895902E-05   1.6935527473E-04  -4.3380677078E-04
   15      8.2767837895E-04  -1.6739616000E-02  -6.5266580722E-03  -1.5070903137E-05  -1.7280144064E-03
   16      6.0877732805E-04   1.7598061672E-02   5.7328967673E-03   1.7889770733E-04   1.0480412665E-03
   17      1.4598167945E-03  -4.4083323016E-03  -1.3852121098E-03   5.3005291784E-04  -9.2600530283E-04
   18     -9.4896226496E-03  -7.5765577500E-02   1.0500086827E-01  -2.1107503971E-02   4.3209862948E-03
   19     -1.4748785447E-01   1.0025081791E-01  -3.1241084103E-01   5.6630308709E-02   1.1423287501E-03
   20     -2.2867375623E-01  -2.6179893668E-02   5.9629997077E-02  -7.3047392224E-02   5.2984810361E-04
   21      4.1334725103E-04   7.6501451051E-03   3.6274777701E-03  -1.3365394714E-02  -4.9946067753E-02
   22     -2.0289247055E-02  -7.1280971950E-03  -4.8078842227E-03   2.7543385680E-02   4.2973407904E-02
   23     -1.7919122497E-02   2.3242271400E-03  -1.5330208754E-03  -8.9470936692E-04   4.0818344079E-02
   24      1.5785357709E-03   3.7708069870E-03   8.9865813486E-05   4.5819833462E-04   6.6774345425E-04
   25     -8.8217335424E-04   1.1148462987E-03   6.6180522871E-04   1.5147802195E-03   9.9455415733E-03
   26      1.6247834821E-03   2.6127914216E-03   2.5955268851E-03  -6.0113035320E-03   1.1205817428E-02
   27      2.7179244873E-05   3.8519762003E-05  -4.0384809338E-06   6.2983839648E-05  -8.0722278330E-05
   28      2.5891374872E-05  -1.0547509760E-05  -6.1431483325E-06   5.1243996715E-06  -5.6889150649E-05
   29      2.0648564108E-05  -3.6291879618E-05  -2.8051270037E-05  -3.9056666538E-05  -9.8194084512E-05
   30      1.1732759620E-04  -1.2243553591E-04  -4.1469100125E-05  -1.1824318598E-04  -7.9382304232E-05
   31      3.5581912445E-05  -8.8194071285E-05  -5.2885986565E-05   2.8499655930E-05  -3.2906262926E-04
   32     -3.1631421572E-05   4.7919118334E-05   1.9718155161E-05   1.6870670229E-05  -1.4686085672E-04
   33      7.6442677676E-03   3.8506979819E-03   6.5888038695E-03   9.1641671467E-03   5.0224144238E-03
   34      1.5781570759E-01  -1.8185185452E-03  -1.1819317199E-02  -2.0487567874E-02   6.0214483760E-04
   35      2.3829801845E-01   7.0163305158E-04   7.3930454224E-03   8.7064393695E-03  -9.3792802643E-04
   36      7.0163305158E-04   8.4656535598E-02  -1.0654055478E-01   2.4576912889E-02  -3.3200855159E-03
   37      7.3930454224E-03  -1.0654055478E-01   3.2193389064E-01  -6.6141571921E-02  -1.2267919400E-03
   38      8.7064393695E-03   2.4576912889E-02  -6.6141571921E-02   7.0289904565E-02   6.3569019536E-05
