
$orca_hessian_file

$act_atom
  0

$act_coord
  0

$act_energy
        0.000000

$multiplicity
  1

$hessian
48
                    0                  1                  2                  3                  4        
    0      1.9021549951E-01  -2.4272973307E-01   9.9215465418E-02  -7.3132414908E-02   6.6023789977E-02
    1     -2.4272973307E-01   6.2190475048E-01   1.4746488811E-02   2.5763909056E-02  -9.8427471121E-02
    2      9.9215465418E-02   1.4746488811E-02   7.5201764356E-01  -3.1962789413E-02   5.4630804197E-02
    3     -7.3132414908E-02   2.5763909056E-02  -3.1962789413E-02   3.7215284756E-01  -2.2217933477E-01
    4      6.6023789977E-02  -9.8427471121E-02   5.4630804197E-02  -2.2217933477E-01   5.3685383312E-01
    5     -7.7101336430E-02   7.5579252648E-02  -3.8300788464E-01   1.3524772440E-01  -1.7970491577E-01
    6      9.3645615453E-04  -1.8086120814E-03   7.6215461022E-03  -7.7131675660E-02  -1.6020762695E-02
    7     -4.0303163673E-03   8.1173475508E-03  -1.7264002118E-04  -9.1183239654E-03  -7.3295671721E-02
    8      2.8828697139E-03  -2.8917922606E-02  -2.7924637391E-02  -1.9115551575E-03   9.0802381280E-03
    9      9.4943637213E-04   4.9704602989E-04  -2.3192354920E-03  -4.6238842716E-03   2.3904184145E-02
   10      2.3548958797E-03  -1.1828948666E-03  -8.2401053961E-04   3.3852579447E-02  -1.5469845037E-02
   11      2.6119857668E-03  -6.9135563381E-04  -8.0254354792E-03   9.9681724805E-03  -1.1533794632E-02
   12      1.9360855452E-03  -1.7225739381E-03  -1.6016559773E-03   1.0441555880E-02   5.3280965248E-03
   13      2.0910432984E-03  -4.8005489990E-03  -3.8733597949E-03  -5.3654297177E-03   1.1705503550E-02
   14      2.4685426183E-03  -7.3503784996E-03  -4.1597496680E-03  -2.9726875747E-02  -2.1746251505E-03
   15      3.6722432936E-02   4.8128963062E-02  -5.4662874790E-02  -1.4834243005E-01   1.2796697781E-01
   16     -5.0713853179E-03  -4.0597931992E-02   5.4578573792E-02   1.5681600119E-01  -3.5609386615E-01
   17     -1.3786790655E-02   5.4785450791E-02  -2.3987725786E-02  -7.3081885678E-02   1.2398803788E-01
   18     -3.1523554431E-02  -2.5909755540E-02   4.1204185671E-02  -6.9838899027E-02   8.6654404499E-02
   19     -1.0280703744E-02  -8.5911436470E-03   1.0464402282E-02   4.2168561843E-04   2.4673560852E-02
   20      2.3863440657E-02   1.6073843111E-02  -2.4395290766E-02   2.5867943742E-02  -4.5558811989E-02
   21     -2.4377913364E-02  -3.4272152513E-03   1.2695933695E-02  -2.5862774948E-02   1.4916176030E-02
   22      3.7431343397E-02   2.1228643461E-02  -3.2521786603E-02   2.5202165771E-02  -4.2946288049E-02
   23     -3.7022042986E-02  -1.7338357407E-02   2.8783492121E-02  -2.3617024128E-02   4.8549845461E-02
   24      6.1808452112E-02   3.1558008840E-02  -5.0261689520E-02   1.4016720915E-02  -6.5598216790E-02
   25     -1.4669067495E-02  -2.5664537143E-02   1.2140731358E-02  -8.5899131024E-03   1.5554858039E-02
   26      5.9402250174E-03   2.5847889742E-05  -1.9428183320E-02   3.0563580786E-03   7.9930267676E-04
   27     -1.1729666289E-01   1.4726719941E-01  -3.9605659355E-02   1.0678659212E-03  -5.4930174252E-03
   28      1.4067137348E-01  -2.7015296936E-01   5.0395438845E-02   5.3851773312E-03  -8.8619593493E-03
   29     -3.0540200922E-02   4.5120059328E-02  -6.9665134609E-02  -1.7285267838E-02   2.3435080213E-02
   30     -3.1609926349E-02   3.3265196622E-02   1.2656832813E-02   3.1869021850E-03  -7.4484850330E-03
   31      3.4088311408E-02  -1.9886403886E-01  -1.6366720794E-01   1.3788818008E-04   6.8327007935E-03
   32      1.9866946797E-02  -1.5276224675E-01  -2.2045776025E-01   3.3028660532E-03  -2.2294145553E-02
   33      1.9719993072E-03   3.1233722139E-03  -3.3240030027E-03   4.6298355004E-03  -1.0249799337E-02
   34      3.4025916592E-04   2.8829464694E-04  -5.0418630970E-04   1.8325376635E-03  -4.6484283212E-04
   35      2.7980602708E-05  -2.8517540483E-04   2.9007385544E-06  -9.5870317179E-04  -1.6349568323E-04
   36      2.8659961118E-04   5.8252631593E-04  -9.5821718098E-05  -3.0029281133E-03  -3.0507739151E-03
   37     -4.2999318865E-05   4.4548004486E-04  -2.4099319362E-04  -9.0166049329E-04  -9.3503619309E-04
   38      5.7448171068E-04   1.7877167490E-04  -2.0701430793E-04  -2.3651116213E-04  -8.3092275250E-04
   39      5.3627152491E-04   3.7843714455E-04   1.2608878595E-04   1.0755039264E-03  -1.7049688898E-04
   40      5.4345257456E-05   2.9590394053E-04  -2.4682334648E-04   1.6210350242E-04  -5.1724419013E-04
   41      2.7512236344E-06  -2.7465856368E-04   7.6675291032E-06  -4.3871861489E-04   6.8856376571E-05
   42     -1.0032780622E-02  -1.0411940185E-02   7.7754307720E-04  -4.4190114487E-03   3.1752539948E-03
   43     -3.0238313915E-03  -2.4269681412E-03   1.0778733298E-03  -2.1744386851E-03   8.9628253683E-04
   44      2.0472023225E-03   1.9241718393E-03  -4.6572807324E-04   2.4990083183E-03   7.9863248881E-04
   45     -7.3899805090E-03  -4.5625352715E-03   9.5266016267E-03  -2.1721346271E-04   2.2223997342E-03
   46     -3.1996185160E-03  -1.5719159882E-03   4.0331415781E-03  -1.2253428907E-03   4.9548574556E-04
   47     -1.0419887759E-03  -8.3023766762E-04   9.1284035275E-04  -7.2493828149E-04   9.0459123664E-04
                    5                  6                  7                  8                  9        
    0     -7.7101336430E-02   9.3645615453E-04  -4.0303163673E-03   2.8828697139E-03   9.4943637213E-04
    1      7.5579252648E-02  -1.8086120814E-03   8.1173475508E-03  -2.8917922606E-02   4.9704602989E-04
    2     -3.8300788464E-01   7.6215461022E-03  -1.7264002118E-04  -2.7924637391E-02  -2.3192354920E-03
    3      1.3524772440E-01  -7.7131675660E-02  -9.1183239654E-03  -1.9115551575E-03  -4.6238842716E-03
    4     -1.7970491577E-01  -1.6020762695E-02  -7.3295671721E-02   9.0802381280E-03   2.3904184145E-02
    5      6.7800374816E-01  -1.2327639978E-03  -4.5108570959E-03  -1.1259993285E-01  -3.2269494951E-03
    6     -1.2327639978E-03   6.4070099327E-01  -3.1570258923E-01   2.8846093180E-01  -3.3769521380E-01
    7     -4.5108570959E-03  -3.1570258923E-01   5.9903178663E-01   3.0185663406E-03   2.7036669817E-01
    8     -1.1259993285E-01   2.8846093180E-01   3.0185663406E-03   7.7615610292E-01  -6.0918640946E-02
    9     -3.2269494951E-03  -3.3769521380E-01   2.7036669817E-01  -6.0918640946E-02   3.9574528034E-01
   10      3.7313630139E-03   2.6726549319E-01  -3.6258354872E-01   2.9103441128E-02  -3.4466892985E-01
   11      1.9099081349E-02  -6.4412633901E-02   3.4130315779E-02  -1.3866718383E-01   1.2229298308E-01
   12     -1.6865084476E-02  -2.2290343984E-01   2.4027443106E-02  -2.3065736141E-01  -5.3010166132E-02
   13     -2.4591822656E-02   3.0927223950E-02  -1.1827116298E-01  -8.9323885422E-03   4.4097328489E-02
   14     -4.3956907498E-02  -2.3169068057E-01  -2.3657777711E-02  -5.0422163221E-01  -6.2408805429E-02
   15     -4.8116683883E-02  -9.2911047874E-03   3.5676657043E-02   1.5665503790E-02  -1.9593264680E-03
   16      1.1106345411E-01   2.8682595099E-02  -5.4185262777E-02  -8.9103309117E-03   6.6337347664E-03
   17     -1.3815233782E-01   2.3390914999E-03  -1.6850921294E-02   8.7927390986E-03   5.2476273800E-03
   18     -5.3821591918E-02   2.3319399158E-04  -7.1132088139E-03  -1.0601467273E-02   1.3494514293E-03
   19     -1.0713491456E-02   2.2412104064E-03  -2.7082155838E-03  -3.8810447598E-03  -2.2782317802E-04
   20      2.6226011335E-02   2.4513579591E-03   5.0553609735E-03   1.2139568894E-02  -6.0410891541E-04
   21     -2.0762448579E-03   1.8874800494E-03  -4.0184477531E-03  -8.6303389965E-03  -5.3244528043E-04
   22      3.9241423381E-02   2.3933229568E-03   3.3297471554E-03   4.7567360657E-03  -7.4837162097E-04
   23     -3.7784835179E-02  -8.9987880537E-04  -3.6458332781E-03  -9.2964237800E-03   3.3331744707E-04
   24      6.8635406025E-02   5.1549680440E-03   2.7519029392E-03   7.1297581279E-03  -1.1961677232E-03
   25     -1.8912254785E-02  -1.9791111577E-04   3.4434344570E-04  -2.8257698752E-04   6.4237936064E-04
   26      3.9645195948E-03   3.8230177015E-04  -5.6946339271E-04  -8.0400861884E-04   2.6870533876E-04
   27      2.8319883079E-03  -3.6480695662E-03   8.9620292448E-04   9.1805333457E-04  -1.2086172147E-04
   28     -3.1052395329E-04  -1.3799520478E-03  -2.5693343691E-04   1.3559798361E-03   3.1931349374E-04
   29      4.8677584086E-03  -2.1210300291E-03   2.4302186182E-03  -9.5990808828E-04   1.8781750272E-03
   30      5.3102812966E-03   6.0194984070E-03   4.8931303824E-03  -4.1623176341E-04   1.5799643946E-06
   31      1.3159465819E-02   4.5777544993E-03  -7.5940563074E-04   3.4236305711E-03  -6.8810531682E-04
   32     -1.7274911235E-02  -1.9109714535E-03   3.6947474861E-03  -3.8055375396E-03   3.9246993451E-05
   33      2.5184533866E-03  -2.9517459199E-03   1.9526789933E-03  -2.1432821960E-03   1.0474606335E-03
   34      6.4674441149E-04   7.0468698223E-04   5.1407857276E-04   1.2078346344E-03  -1.7510521676E-04
   35     -1.0754072234E-04   9.0693393019E-04   1.6450036916E-04   1.6026645836E-03  -6.4483797571E-04
   36      1.5554211842E-04  -5.8721113792E-04   6.4805417380E-05  -3.6685566601E-04   1.4066251811E-04
   37     -7.5726280164E-05  -4.5413309806E-04   2.6000214918E-04  -3.2823069401E-04   7.4314000668E-05
   38      3.7153659672E-05  -6.0590376274E-04   2.0077133754E-04  -7.7346927006E-04   1.5456088945E-04
   39     -2.0068887368E-04  -2.7583008122E-04   7.3790217728E-04   8.0152340017E-04   9.7408203372E-05
   40      4.1498969689E-04   1.0722567690E-04   3.9258605892E-05   4.1345800866E-04  -8.4152818639E-05
   41     -1.3524044456E-04  -3.2059498280E-04   1.7826536686E-04  -5.0026385877E-04   1.7301878493E-04
   42     -7.8343692831E-03  -3.0538701453E-04  -1.4999101970E-03  -3.5820696636E-04  -1.0345876334E-04
   43     -2.6886981132E-03  -9.4470703899E-04   5.6894521315E-04  -5.2244699149E-04   5.9645307098E-05
   44      1.5960086697E-03   1.0511581590E-03   5.5732023230E-04   1.3763360284E-03  -2.4902000326E-04
   45     -4.2214862076E-03  -1.4291209861E-04   1.0369301984E-04   1.7767560012E-04  -8.9755301119E-05
   46     -2.3230801079E-03  -3.7916328140E-04  -1.4530847258E-04  -6.0672948666E-04  -1.4745164430E-05
   47     -7.7469078124E-04  -5.1239122256E-05  -7.8744367196E-07  -5.1441409145E-04   1.4218477581E-06
                   10                 11                 12                 13                 14        
    0      2.3548958797E-03   2.6119857668E-03   1.9360855452E-03   2.0910432984E-03   2.4685426183E-03
    1     -1.1828948666E-03  -6.9135563381E-04  -1.7225739381E-03  -4.8005489990E-03  -7.3503784996E-03
    2     -8.2401053961E-04  -8.0254354792E-03  -1.6016559773E-03  -3.8733597949E-03  -4.1597496680E-03
    3      3.3852579447E-02   9.9681724805E-03   1.0441555880E-02  -5.3654297177E-03  -2.9726875747E-02
    4     -1.5469845037E-02  -1.1533794632E-02   5.3280965248E-03   1.1705503550E-02  -2.1746251505E-03
    5      3.7313630139E-03   1.9099081349E-02  -1.6865084476E-02  -2.4591822656E-02  -4.3956907498E-02
    6      2.6726549319E-01  -6.4412633901E-02  -2.2290343984E-01   3.0927223950E-02  -2.3169068057E-01
    7     -3.6258354872E-01   3.4130315779E-02   2.4027443106E-02  -1.1827116298E-01  -2.3657777711E-02
    8      2.9103441128E-02  -1.3866718383E-01  -2.3065736141E-01  -8.9323885422E-03  -5.0422163221E-01
    9     -3.4466892985E-01   1.2229298308E-01  -5.3010166132E-02   4.4097328489E-02  -6.2408805429E-02
   10      3.7591483426E-01  -6.8255798275E-02   3.8823187190E-02   1.3372833775E-02   4.6182575837E-02
   11     -6.8255798275E-02   1.4605808435E-01  -7.6651829635E-02   5.8252062090E-02  -1.6634366454E-02
   12      3.8823187190E-02  -7.6651829635E-02   2.6437763344E-01  -6.7691490015E-02   3.1728397120E-01
   13      1.3372833775E-02   5.8252062090E-02  -6.7691490015E-02   9.7651509317E-02  -1.1855009429E-02
   14      4.6182575837E-02  -1.6634366454E-02   3.1728397120E-01  -1.1855009429E-02   5.6664111910E-01
   15      3.2282787753E-03   3.0446008118E-03  -1.9622878119E-03  -1.8995633622E-03  -1.5862429706E-03
   16     -8.0150939045E-03  -7.0902976220E-03   7.4452140747E-04   3.9786598243E-04  -5.5789668545E-04
   17     -5.6590127627E-03  -1.0671322882E-03   6.9037066082E-03  -6.4907320496E-03   4.6740362997E-03
   18      5.2996498330E-04  -4.7152384135E-05   1.1322579169E-03  -1.6017826281E-03   3.2457103362E-03
   19      1.2894623990E-04  -2.0308487614E-04   7.3604701710E-04  -5.4200804169E-04   7.4744281214E-04
   20     -1.3518645838E-03  -1.8910401554E-03  -3.3227500787E-03  -3.5286637690E-04  -4.6730284109E-03
   21      1.7358031450E-03   1.4135806184E-03   1.2126457846E-03   6.5197135225E-04   3.4801395136E-03
   22     -8.3304120003E-04  -7.0037567913E-04  -9.7526166445E-04  -3.5660237327E-05  -1.6286801171E-03
   23      1.3906895860E-03   1.8367041965E-03   2.6149646969E-03   2.6923948770E-04   4.1435580437E-03
   24     -1.3155117490E-03  -3.0691630184E-03  -2.2611062234E-03  -1.0998216371E-03  -3.8295241833E-03
   25     -5.0647419614E-04  -5.4878287999E-05   2.6277739089E-05  -2.9592091771E-04  -1.9619544241E-04
   26     -5.9034943839E-04  -2.9800615286E-04   2.8834974487E-04  -2.3672167501E-04   2.3628754957E-04
   27     -1.4357154803E-04   2.7864405705E-03   6.0391571165E-05  -1.0292098449E-04  -1.1264894644E-03
   28     -1.2605682420E-03  -2.9660020879E-03  -1.6211613911E-05   2.0632742456E-04  -7.3190766193E-04
   29     -2.7397277003E-03  -1.2360029124E-03   1.2443113691E-03  -2.1247812802E-04   1.5465063227E-03
   30     -1.3895861040E-03   6.9226747852E-04  -3.3658172806E-04  -4.9641510461E-04   1.9071085648E-03
   31      6.7581082168E-04  -1.3501725996E-03  -5.7073606481E-04   9.8191413013E-04   1.0986671152E-03
   32     -7.0990091605E-04   9.9668840044E-04  -2.8991535423E-04  -1.5666795247E-03  -2.2022560446E-03
   33     -1.1530569862E-03   1.0327130728E-03   1.1136500798E-03   1.6385024300E-04   1.5419917365E-03
   34     -8.9304928224E-05  -1.0068594236E-04   1.9842726991E-04  -5.7966993810E-04  -7.3891821975E-04
   35      1.3780756180E-04  -4.9337946499E-04   3.4526017167E-04  -2.4493144863E-04  -1.5154615982E-03
   36      9.3490650825E-05   2.0333696172E-04   3.4406669361E-04   4.1522882941E-06   2.1751665368E-04
   37     -4.4240153970E-05   1.8277579137E-04   4.7923126168E-04   3.6300971372E-05   7.6220915661E-05
   38     -2.3415496216E-04   2.0986403768E-04   8.6338722482E-04   1.5033004525E-05   8.3128958139E-05
   39     -4.0747050713E-04   1.5396208441E-05  -2.5095123854E-04  -3.2353879166E-05  -2.3669447610E-04
   40      4.8637786733E-05  -6.2061734859E-05  -1.9303149325E-04   5.8070491042E-05  -7.9501628759E-05
   41     -2.0410116941E-04   1.5922368321E-04   3.9165263264E-04  -3.1412879711E-05   2.3066067610E-04
   42      9.5136674962E-04   1.6991829058E-05   3.1200403841E-04   2.7560349030E-04   6.2606176162E-04
   43     -3.2798503430E-04   3.2807032818E-04   4.7518610327E-04  -2.4977352163E-05   5.4689159295E-04
   44      7.8155485781E-06  -1.9549677175E-04  -7.3639095609E-04  -2.2076039675E-04  -5.8249067646E-04
   45      2.5565615271E-04   8.4851535652E-05  -2.0575797271E-04   8.6168900605E-05  -1.6783523925E-04
   46      1.7193339786E-04   1.2344996336E-04   3.2332248860E-04   1.3962282881E-04   3.0484975433E-04
   47      7.0610910903E-06   1.4839748874E-04   1.9148993738E-04   8.7070837629E-05   3.9059560977E-04
                   15                 16                 17                 18                 19        
    0      3.6722432936E-02  -5.0713853179E-03  -1.3786790655E-02  -3.1523554431E-02  -1.0280703744E-02
    1      4.8128963062E-02  -4.0597931992E-02   5.4785450791E-02  -2.5909755540E-02  -8.5911436470E-03
    2     -5.4662874790E-02   5.4578573792E-02  -2.3987725786E-02   4.1204185671E-02   1.0464402282E-02
    3     -1.4834243005E-01   1.5681600119E-01  -7.3081885678E-02  -6.9838899027E-02   4.2168561843E-04
    4      1.2796697781E-01  -3.5609386615E-01   1.2398803788E-01   8.6654404499E-02   2.4673560852E-02
    5     -4.8116683883E-02   1.1106345411E-01  -1.3815233782E-01  -5.3821591918E-02  -1.0713491456E-02
    6     -9.2911047874E-03   2.8682595099E-02   2.3390914999E-03   2.3319399158E-04   2.2412104064E-03
    7      3.5676657043E-02  -5.4185262777E-02  -1.6850921294E-02  -7.1132088139E-03  -2.7082155838E-03
    8      1.5665503790E-02  -8.9103309117E-03   8.7927390986E-03  -1.0601467273E-02  -3.8810447598E-03
    9     -1.9593264680E-03   6.6337347664E-03   5.2476273800E-03   1.3494514293E-03  -2.2782317802E-04
   10      3.2282787753E-03  -8.0150939045E-03  -5.6590127627E-03   5.2996498330E-04   1.2894623990E-04
   11      3.0446008118E-03  -7.0902976220E-03  -1.0671322882E-03  -4.7152384135E-05  -2.0308487614E-04
   12     -1.9622878119E-03   7.4452140747E-04   6.9037066082E-03   1.1322579169E-03   7.3604701710E-04
   13     -1.8995633622E-03   3.9786598243E-04  -6.4907320496E-03  -1.6017826281E-03  -5.4200804169E-04
   14     -1.5862429706E-03  -5.5789668545E-04   4.6740362997E-03   3.2457103362E-03   7.4744281214E-04
   15      1.4004192270E-01  -1.8146386998E-01   7.3549701128E-02   9.1928155247E-02   2.1812390927E-02
   16     -1.8146386998E-01   4.8652384933E-01  -1.5957869055E-01  -4.3681878336E-02  -4.5916206486E-02
   17      7.3549701128E-02  -1.5957869055E-01   1.7590169057E-01   1.3675003549E-02   7.8856568145E-03
   18      9.1928155247E-02  -4.3681878336E-02   1.3675003549E-02   1.1455762797E-01  -1.5502397830E-01
   19      2.1812390927E-02  -4.5916206486E-02   7.8856568145E-03  -1.5502397830E-01   6.8227241209E-01
   20     -6.5574391163E-02   2.8696804243E-02  -2.7547809036E-02   6.5729632519E-02  -4.3398331855E-03
   21      4.9979185423E-04  -1.3624522313E-02   1.2603476501E-02  -7.0288187238E-02   6.4711941240E-03
   22     -7.3943997752E-02   2.1215070269E-02  -1.1846948056E-03   5.7270937457E-02  -1.2205108303E-01
   23      7.9960039027E-02  -2.6466636633E-02   6.8042893160E-03  -3.3367582602E-02   6.8844924220E-02
   24     -7.1165500482E-02   4.0221417583E-02  -1.6240676470E-02   5.6873361798E-02   2.1075250997E-02
   25      3.0037621781E-02  -1.1300054576E-02   5.0174498851E-03  -1.9155804258E-02  -2.2857399373E-02
   26     -3.4489843679E-03   4.8589126839E-03  -3.1421729218E-03  -9.9740497721E-03   4.0328400218E-02
   27      3.3130507892E-03   5.0807615635E-03  -1.1650459150E-03   2.0169208998E-03   7.7249438213E-04
   28      1.0747771765E-04   4.4728319200E-03   3.1629821073E-04   1.4105792292E-03   7.2728905496E-04
   29     -1.8541330640E-03   3.2350386610E-03  -7.5345277251E-03   1.0483726929E-03   2.9237699956E-04
   30     -9.2974677389E-03   3.3129970766E-03  -8.6987903895E-04   4.8809289514E-03   1.9623318452E-03
   31     -4.9169131725E-03   9.9908969057E-04  -9.8835495223E-04   2.4589722487E-03   1.2269362241E-03
   32      2.9079673876E-03  -2.3195576020E-04   3.4156194476E-03  -1.1754297285E-03  -3.4345611001E-04
   33     -2.6381269653E-02  -6.0629230815E-03  -9.1778733486E-03  -2.8679600017E-02   1.3527309979E-02
   34     -3.7048415572E-03  -4.9962497134E-04  -1.0509661558E-03   8.1838575848E-03  -1.9363445937E-01
   35      3.6789631424E-04   6.4532785836E-04   9.7099908362E-04   3.5682813265E-04  -1.4904873529E-01
   36     -1.2338871156E-02   1.3655569787E-02  -3.3867699540E-03  -6.9561566639E-02   9.4932877892E-02
   37     -4.6896790503E-03   4.7332657959E-03  -1.2241906446E-03   9.7008023587E-02  -3.1977661968E-01
   38     -4.5625916022E-04   2.6440843387E-04   2.1124911832E-04  -1.9602704191E-02   6.0086761147E-02
   39     -7.0772490452E-04   5.9564028469E-04  -4.8623601264E-04   3.7264156440E-03   3.0017672848E-04
   40     -4.5897891912E-04   3.9877317869E-04  -4.4182324554E-04  -1.4901352414E-03   1.0746515964E-02
   41      1.0196488792E-04   2.8480750500E-04   5.5920714890E-04   4.0413743405E-03  -2.2466409770E-02
   42      6.1105200488E-03  -3.4717060388E-03   2.6307161587E-03  -9.1139368101E-03  -4.0757484550E-03
   43      1.8703123001E-03  -1.2899569207E-03   1.0841940269E-03  -2.6830135760E-03   7.2916929384E-04
   44     -1.1484513925E-03   3.9903950113E-04  -4.6858521087E-04   1.0523233968E-03   1.1469701848E-03
   45      2.8301094789E-03  -2.3613386143E-03   1.2485647944E-03   2.3074303152E-03   5.3689784531E-03
   46      2.2435493064E-03  -8.4274838707E-04   3.9771559724E-04   3.1291224087E-03  -4.4276945025E-03
   47      1.2476168977E-03  -1.1959753794E-03   5.7046071077E-04  -1.7593009984E-03   1.1954645399E-03
                   20                 21                 22                 23                 24        
    0      2.3863440657E-02  -2.4377913364E-02   3.7431343397E-02  -3.7022042986E-02   6.1808452112E-02
    1      1.6073843111E-02  -3.4272152513E-03   2.1228643461E-02  -1.7338357407E-02   3.1558008840E-02
    2     -2.4395290766E-02   1.2695933695E-02  -3.2521786603E-02   2.8783492121E-02  -5.0261689520E-02
    3      2.5867943742E-02  -2.5862774948E-02   2.5202165771E-02  -2.3617024128E-02   1.4016720915E-02
    4     -4.5558811989E-02   1.4916176030E-02  -4.2946288049E-02   4.8549845461E-02  -6.5598216790E-02
    5      2.6226011335E-02  -2.0762448579E-03   3.9241423381E-02  -3.7784835179E-02   6.8635406025E-02
    6      2.4513579591E-03   1.8874800494E-03   2.3933229568E-03  -8.9987880537E-04   5.1549680440E-03
    7      5.0553609735E-03  -4.0184477531E-03   3.3297471554E-03  -3.6458332781E-03   2.7519029392E-03
    8      1.2139568894E-02  -8.6303389965E-03   4.7567360657E-03  -9.2964237800E-03   7.1297581279E-03
    9     -6.0410891541E-04  -5.3244528043E-04  -7.4837162097E-04   3.3331744707E-04  -1.1961677232E-03
   10     -1.3518645838E-03   1.7358031450E-03  -8.3304120003E-04   1.3906895860E-03  -1.3155117490E-03
   11     -1.8910401554E-03   1.4135806184E-03  -7.0037567913E-04   1.8367041965E-03  -3.0691630184E-03
   12     -3.3227500787E-03   1.2126457846E-03  -9.7526166445E-04   2.6149646969E-03  -2.2611062234E-03
   13     -3.5286637690E-04   6.5197135225E-04  -3.5660237327E-05   2.6923948770E-04  -1.0998216371E-03
   14     -4.6730284109E-03   3.4801395136E-03  -1.6286801171E-03   4.1435580437E-03  -3.8295241833E-03
   15     -6.5574391163E-02   4.9979185423E-04  -7.3943997752E-02   7.9960039027E-02  -7.1165500482E-02
   16      2.8696804243E-02  -1.3624522313E-02   2.1215070269E-02  -2.6466636633E-02   4.0221417583E-02
   17     -2.7547809036E-02   1.2603476501E-02  -1.1846948056E-03   6.8042893160E-03  -1.6240676470E-02
   18      6.5729632519E-02  -7.0288187238E-02   5.7270937457E-02  -3.3367582602E-02   5.6873361798E-02
   19     -4.3398331855E-03   6.4711941240E-03  -1.2205108303E-01   6.8844924220E-02   2.1075250997E-02
   20      7.1184141239E-01   2.8230100260E-02   4.8076779359E-02  -3.5342284775E-01  -4.5881756607E-02
   21      2.8230100260E-02   2.4317242231E-01  -1.8730141442E-01  -5.1108595854E-02  -9.2579855816E-02
   22      4.8076779359E-02  -1.8730141442E-01   6.7880717409E-01   8.2515986827E-03   9.3278234835E-02
   23     -3.5342284775E-01  -5.1108595854E-02   8.2515986827E-03   7.1202545617E-01   1.7181143398E-02
   24     -4.5881756607E-02  -9.2579855816E-02   9.3278234835E-02   1.7181143398E-02   1.1332838235E-01
   25      3.3201801902E-02   1.3322919973E-01  -3.6408238984E-01   4.5312271469E-02  -1.5757897195E-01
   26     -1.4325744968E-02  -3.1199121069E-02   6.3296724631E-02  -1.2954951985E-01   1.6492661389E-02
   27      1.3557634621E-05  -1.2996801861E-03  -2.1340783819E-03   6.7654732039E-04  -4.3122363425E-03
   28     -6.0831729436E-04  -1.1284928442E-04  -1.3393879339E-03   7.1154713298E-04  -3.3425675429E-03
   29     -1.6456735813E-04   3.8436948344E-05  -3.7594677840E-04   4.7310684446E-05   1.8270694909E-04
   30     -3.8036859479E-03   1.1490301388E-03  -6.3734903642E-03   3.5037804870E-03  -1.2569111288E-02
   31     -2.0294561247E-03   2.1758305143E-03  -1.2497417102E-03   3.0343067602E-03  -3.3015446103E-03
   32      4.1132103697E-04  -3.5844996850E-04   1.1258719799E-03  -4.4216717615E-04   2.0103786162E-03
   33     -6.9721211317E-03   5.2503926450E-03  -3.0035180634E-03   1.1117045168E-02  -8.4297639951E-03
   34     -1.5295623757E-01   8.3812165538E-04   1.0970183529E-02   1.1247399432E-02  -1.6235845370E-03
   35     -2.3077112957E-01   1.2118080322E-03  -2.0818734030E-02  -1.6838345902E-02   1.0164012612E-03
   36     -2.5324006520E-02   8.1743624320E-03  -6.1133900954E-03   2.3653152017E-03   4.0935379932E-03
   37      6.3135158173E-02   3.2567157673E-03  -3.9583570029E-03  -1.8809459282E-03   2.9015721480E-04
   38     -7.5063199384E-02  -1.2026846119E-02   2.7598059564E-02  -3.3424464139E-04   2.8024284777E-04
   39     -2.6136367765E-04  -5.0294604629E-02   4.0631193955E-02   3.9449555658E-02   7.0082074404E-04
   40      1.1363137982E-02   4.6737436392E-02  -1.8575702522E-01  -1.4066562680E-01   3.7110448601E-03
   41     -2.0279802876E-02   4.5070663835E-02  -1.3914503057E-01  -2.1350673118E-01  -2.4280580141E-03
   42      4.5106734593E-03  -1.3061551065E-03   1.8892276929E-02   6.6840578975E-03  -2.9480433176E-02
   43     -4.2855508648E-05   8.1713370966E-04  -1.2179607784E-02  -2.2975767885E-02   2.9084274255E-02
   44      8.1080784984E-04  -9.1860276863E-05   5.7313231085E-03   9.4583309459E-03   1.6147012545E-02
   45      1.0733260382E-03   5.1954913488E-03   5.4855627977E-03  -1.7874949064E-02  -3.3982068907E-02
   46      1.6410131153E-03  -2.3366491322E-03  -1.1182365027E-03   2.5359737866E-02   1.1883020653E-02
   47      1.1053387677E-03   7.5162487407E-04  -1.7016603480E-03  -1.9240260153E-03  -7.3695777859E-03
                   25                 26                 27                 28                 29        
    0     -1.4669067495E-02   5.9402250174E-03  -1.1729666289E-01   1.4067137348E-01  -3.0540200922E-02
    1     -2.5664537143E-02   2.5847889742E-05   1.4726719941E-01  -2.7015296936E-01   4.5120059328E-02
    2      1.2140731358E-02  -1.9428183320E-02  -3.9605659355E-02   5.0395438845E-02  -6.9665134609E-02
    3     -8.5899131024E-03   3.0563580786E-03   1.0678659212E-03   5.3851773312E-03  -1.7285267838E-02
    4      1.5554858039E-02   7.9930267676E-04  -5.4930174252E-03  -8.8619593493E-03   2.3435080213E-02
    5     -1.8912254785E-02   3.9645195948E-03   2.8319883079E-03  -3.1052395329E-04   4.8677584086E-03
    6     -1.9791111577E-04   3.8230177015E-04  -3.6480695662E-03  -1.3799520478E-03  -2.1210300291E-03
    7      3.4434344570E-04  -5.6946339271E-04   8.9620292448E-04  -2.5693343691E-04   2.4302186182E-03
    8     -2.8257698752E-04  -8.0400861884E-04   9.1805333457E-04   1.3559798361E-03  -9.5990808828E-04
    9      6.4237936064E-04   2.6870533876E-04  -1.2086172147E-04   3.1931349374E-04   1.8781750272E-03
   10     -5.0647419614E-04  -5.9034943839E-04  -1.4357154803E-04  -1.2605682420E-03  -2.7397277003E-03
   11     -5.4878287999E-05  -2.9800615286E-04   2.7864405705E-03  -2.9660020879E-03  -1.2360029124E-03
   12      2.6277739089E-05   2.8834974487E-04   6.0391571165E-05  -1.6211613911E-05   1.2443113691E-03
   13     -2.9592091771E-04  -2.3672167501E-04  -1.0292098449E-04   2.0632742456E-04  -2.1247812802E-04
   14     -1.9619544241E-04   2.3628754957E-04  -1.1264894644E-03  -7.3190766193E-04   1.5465063227E-03
   15      3.0037621781E-02  -3.4489843679E-03   3.3130507892E-03   1.0747771765E-04  -1.8541330640E-03
   16     -1.1300054576E-02   4.8589126839E-03   5.0807615635E-03   4.4728319200E-03   3.2350386610E-03
   17      5.0174498851E-03  -3.1421729218E-03  -1.1650459150E-03   3.1629821073E-04  -7.5345277251E-03
   18     -1.9155804258E-02  -9.9740497721E-03   2.0169208998E-03   1.4105792292E-03   1.0483726929E-03
   19     -2.2857399373E-02   4.0328400218E-02   7.7249438213E-04   7.2728905496E-04   2.9237699956E-04
   20      3.3201801902E-02  -1.4325744968E-02   1.3557634621E-05  -6.0831729436E-04  -1.6456735813E-04
   21      1.3322919973E-01  -3.1199121069E-02  -1.2996801861E-03  -1.1284928442E-04   3.8436948344E-05
   22     -3.6408238984E-01   6.3296724631E-02  -2.1340783819E-03  -1.3393879339E-03  -3.7594677840E-04
   23      4.5312271469E-02  -1.2954951985E-01   6.7654732039E-04   7.1154713298E-04   4.7310684446E-05
   24     -1.5757897195E-01   1.6492661389E-02  -4.3122363425E-03  -3.3425675429E-03   1.8270694909E-04
   25      7.1770253648E-01  -2.3653932192E-02   5.7202224741E-03   2.9390564532E-03  -2.3362776789E-04
   26     -2.3653932192E-02   6.9711992696E-01  -1.0037905883E-03  -6.1879442302E-04   1.7878512447E-04
   27      5.7202224741E-03  -1.0037905883E-03   1.1786140473E-01  -1.5087340104E-01   3.6056344336E-02
   28      2.9390564532E-03  -6.1879442302E-04  -1.5087340104E-01   2.8134187616E-01  -5.4101459173E-02
   29     -2.3362776789E-04   1.7878512447E-04   3.6056344336E-02  -5.4101459173E-02   6.4680842680E-02
   30     -3.5343415370E-03  -6.5865337406E-03   1.3808365446E-03   7.2288923120E-03   1.1753046363E-02
   31     -9.3558042340E-04  -2.0543077166E-03  -1.3725480532E-03  -8.2267112489E-03  -1.6758527522E-02
   32      4.7935536283E-04   9.7277384506E-04  -3.2693153935E-04   6.6371100859E-03   8.3268348963E-03
   33      1.4306913289E-03  -9.9707256422E-04  -4.2109067180E-06  -1.2826997062E-04  -1.4892785530E-04
   34      1.6412049146E-03   5.2731635123E-04   3.9729733934E-06  -2.9350936557E-05   2.0576478036E-05
   35     -9.5853056484E-04   1.6443508250E-03   1.5669911949E-05   1.1135704757E-05   3.6002961544E-05
   36      1.3584965511E-03   2.1786558225E-03   2.7412191980E-05  -3.3282904962E-05  -2.4480146805E-05
   37      5.9464868686E-04   2.4320110834E-03  -9.8088036329E-06  -1.6827915666E-05  -2.7805127067E-05
   38      1.4512308299E-03  -5.9927934844E-03   5.7081291252E-05   8.8515224233E-06  -4.1243580992E-05
   39      8.8500367757E-03   9.7011525603E-03  -5.7302980502E-05  -6.5361774852E-05  -9.7526990798E-05
   40     -1.6820032411E-02  -2.2417086689E-02  -1.2426847749E-04   7.4335466232E-06   8.3188696914E-05
   41      8.8978072211E-03   9.6625114841E-03   8.4211985709E-05   9.4018284143E-05   1.9775589344E-05
   42      1.8165095073E-02   1.6360230850E-02   6.2648382307E-04   3.5392691990E-04  -2.2153490467E-04
   43     -2.1088346113E-01  -1.4701609630E-01   1.6882372701E-04   2.2322929370E-04  -3.2550734373E-06
   44     -1.4924372937E-01  -2.0673894851E-01  -5.4190515091E-04  -1.7468229111E-04   5.2896714866E-06
   45      4.2728952812E-03  -1.4543540291E-03   3.8465812993E-04   4.7267896418E-04   8.7776835828E-05
   46     -8.5430798011E-02   8.4882841412E-02   3.4641398377E-04   2.2666457292E-04  -1.5695008710E-04
   47      8.7040472249E-02  -3.3349977756E-01   3.3385855018E-04  -2.5454375518E-05  -1.0772206529E-04
                   30                 31                 32                 33                 34        
    0     -3.1609926349E-02   3.4088311408E-02   1.9866946797E-02   1.9719993072E-03   3.4025916592E-04
    1      3.3265196622E-02  -1.9886403886E-01  -1.5276224675E-01   3.1233722139E-03   2.8829464694E-04
    2      1.2656832813E-02  -1.6366720794E-01  -2.2045776025E-01  -3.3240030027E-03  -5.0418630970E-04
    3      3.1869021850E-03   1.3788818008E-04   3.3028660532E-03   4.6298355004E-03   1.8325376635E-03
    4     -7.4484850330E-03   6.8327007935E-03  -2.2294145553E-02  -1.0249799337E-02  -4.6484283212E-04
    5      5.3102812966E-03   1.3159465819E-02  -1.7274911235E-02   2.5184533866E-03   6.4674441149E-04
    6      6.0194984070E-03   4.5777544993E-03  -1.9109714535E-03  -2.9517459199E-03   7.0468698223E-04
    7      4.8931303824E-03  -7.5940563074E-04   3.6947474861E-03   1.9526789933E-03   5.1407857276E-04
    8     -4.1623176341E-04   3.4236305711E-03  -3.8055375396E-03  -2.1432821960E-03   1.2078346344E-03
    9      1.5799643946E-06  -6.8810531682E-04   3.9246993451E-05   1.0474606335E-03  -1.7510521676E-04
   10     -1.3895861040E-03   6.7581082168E-04  -7.0990091605E-04  -1.1530569862E-03  -8.9304928224E-05
   11      6.9226747852E-04  -1.3501725996E-03   9.9668840044E-04   1.0327130728E-03  -1.0068594236E-04
   12     -3.3658172806E-04  -5.7073606481E-04  -2.8991535423E-04   1.1136500798E-03   1.9842726991E-04
   13     -4.9641510461E-04   9.8191413013E-04  -1.5666795247E-03   1.6385024300E-04  -5.7966993810E-04
   14      1.9071085648E-03   1.0986671152E-03  -2.2022560446E-03   1.5419917365E-03  -7.3891821975E-04
   15     -9.2974677389E-03  -4.9169131725E-03   2.9079673876E-03  -2.6381269653E-02  -3.7048415572E-03
   16      3.3129970766E-03   9.9908969057E-04  -2.3195576020E-04  -6.0629230815E-03  -4.9962497134E-04
   17     -8.6987903895E-04  -9.8835495223E-04   3.4156194476E-03  -9.1778733486E-03  -1.0509661558E-03
   18      4.8809289514E-03   2.4589722487E-03  -1.1754297285E-03  -2.8679600017E-02   8.1838575848E-03
   19      1.9623318452E-03   1.2269362241E-03  -3.4345611001E-04   1.3527309979E-02  -1.9363445937E-01
   20     -3.8036859479E-03  -2.0294561247E-03   4.1132103697E-04  -6.9721211317E-03  -1.5295623757E-01
   21      1.1490301388E-03   2.1758305143E-03  -3.5844996850E-04   5.2503926450E-03   8.3812165538E-04
   22     -6.3734903642E-03  -1.2497417102E-03   1.1258719799E-03  -3.0035180634E-03   1.0970183529E-02
   23      3.5037804870E-03   3.0343067602E-03  -4.4216717615E-04   1.1117045168E-02   1.1247399432E-02
   24     -1.2569111288E-02  -3.3015446103E-03   2.0103786162E-03  -8.4297639951E-03  -1.6235845370E-03
   25     -3.5343415370E-03  -9.3558042340E-04   4.7935536283E-04   1.4306913289E-03   1.6412049146E-03
   26     -6.5865337406E-03  -2.0543077166E-03   9.7277384506E-04  -9.9707256422E-04   5.2731635123E-04
   27      1.3808365446E-03  -1.3725480532E-03  -3.2693153935E-04  -4.2109067180E-06   3.9729733934E-06
   28      7.2288923120E-03  -8.2267112489E-03   6.6371100859E-03  -1.2826997062E-04  -2.9350936557E-05
   29      1.1753046363E-02  -1.6758527522E-02   8.3268348963E-03  -1.4892785530E-04   2.0576478036E-05
   30      3.8057614229E-02  -3.1879476147E-02  -2.4344012153E-02  -5.1938743672E-04  -7.0664980986E-05
   31     -3.1879476147E-02   1.9948434018E-01   1.6576690333E-01  -2.3098526888E-04  -5.9023817218E-05
   32     -2.4344012153E-02   1.6576690333E-01   2.2976459039E-01   1.5445794766E-04  -1.4974418775E-06
   33     -5.1938743672E-04  -2.3098526888E-04   1.5445794766E-04   4.1985525936E-02  -6.3962160021E-03
   34     -7.0664980986E-05  -5.9023817218E-05  -1.4974418775E-06  -6.3962160021E-03   1.9344556752E-01
   35      8.9127715507E-05   1.9889137294E-05  -3.0190480120E-05  -2.2536070076E-03   1.5946254844E-01
   36     -1.6347811916E-04  -1.0093003558E-04   3.6604361220E-05   4.2017909211E-03  -7.6369750676E-04
   37     -5.5850231965E-05  -4.8738384063E-05   1.7706103711E-05   5.8481463425E-03  -1.1179610747E-02
   38     -8.6588991212E-05   2.5021495874E-05   1.9483317660E-05   8.1720446306E-03  -2.0271846481E-02
   39     -2.0190510551E-04  -2.0046282378E-04  -1.3890915483E-04   5.5640329770E-03   8.9810072361E-04
   40      3.6032419648E-04   6.5731501525E-05  -5.4322599925E-05   1.0187048537E-03  -1.8072915232E-05
   41      5.1097122361E-05  -7.1771530625E-05   1.0812360198E-04   1.1441531423E-03   2.8497562896E-03
   42     -1.0223726239E-03  -1.7792587876E-04   1.9064697485E-04   1.1322424194E-03  -3.6510614485E-04
   43     -3.8742640327E-05  -2.3070237113E-05   7.5408490120E-05  -2.9195500321E-05  -2.4185996151E-04
   44      1.7025777007E-04   2.5969578253E-04  -4.9884594410E-05  -7.0817004204E-04  -2.3003786393E-04
   45      1.0438399693E-03   3.3346052417E-06   4.0146652357E-05   6.9047508833E-05   8.9153811925E-05
   46      2.6171562347E-04  -1.0021302715E-04   1.5556179960E-04   1.9930837019E-04  -6.3508764318E-05
   47     -3.1510406981E-05   1.4375840180E-04   2.4727238313E-04   4.8114800723E-05  -9.5719041055E-05
                   35                 36                 37                 38                 39        
    0      2.7980602708E-05   2.8659961118E-04  -4.2999318865E-05   5.7448171068E-04   5.3627152491E-04
    1     -2.8517540483E-04   5.8252631593E-04   4.4548004486E-04   1.7877167490E-04   3.7843714455E-04
    2      2.9007385544E-06  -9.5821718098E-05  -2.4099319362E-04  -2.0701430793E-04   1.2608878595E-04
    3     -9.5870317179E-04  -3.0029281133E-03  -9.0166049329E-04  -2.3651116213E-04   1.0755039264E-03
    4     -1.6349568323E-04  -3.0507739151E-03  -9.3503619309E-04  -8.3092275250E-04  -1.7049688898E-04
    5     -1.0754072234E-04   1.5554211842E-04  -7.5726280164E-05   3.7153659672E-05  -2.0068887368E-04
    6      9.0693393019E-04  -5.8721113792E-04  -4.5413309806E-04  -6.0590376274E-04  -2.7583008122E-04
    7      1.6450036916E-04   6.4805417380E-05   2.6000214918E-04   2.0077133754E-04   7.3790217728E-04
    8      1.6026645836E-03  -3.6685566601E-04  -3.2823069401E-04  -7.7346927006E-04   8.0152340017E-04
    9     -6.4483797571E-04   1.4066251811E-04   7.4314000668E-05   1.5456088945E-04   9.7408203372E-05
   10      1.3780756180E-04   9.3490650825E-05  -4.4240153970E-05  -2.3415496216E-04  -4.0747050713E-04
   11     -4.9337946499E-04   2.0333696172E-04   1.8277579137E-04   2.0986403768E-04   1.5396208441E-05
   12      3.4526017167E-04   3.4406669361E-04   4.7923126168E-04   8.6338722482E-04  -2.5095123854E-04
   13     -2.4493144863E-04   4.1522882941E-06   3.6300971372E-05   1.5033004525E-05  -3.2353879166E-05
   14     -1.5154615982E-03   2.1751665368E-04   7.6220915661E-05   8.3128958139E-05  -2.3669447610E-04
   15      3.6789631424E-04  -1.2338871156E-02  -4.6896790503E-03  -4.5625916022E-04  -7.0772490452E-04
   16      6.4532785836E-04   1.3655569787E-02   4.7332657959E-03   2.6440843387E-04   5.9564028469E-04
   17      9.7099908362E-04  -3.3867699540E-03  -1.2241906446E-03   2.1124911832E-04  -4.8623601264E-04
   18      3.5682813265E-04  -6.9561566639E-02   9.7008023587E-02  -1.9602704191E-02   3.7264156440E-03
   19     -1.4904873529E-01   9.4932877892E-02  -3.1977661968E-01   6.0086761147E-02   3.0017672848E-04
   20     -2.3077112957E-01  -2.5324006520E-02   6.3135158173E-02  -7.5063199384E-02  -2.6136367765E-04
   21      1.2118080322E-03   8.1743624320E-03   3.2567157673E-03  -1.2026846119E-02  -5.0294604629E-02
   22     -2.0818734030E-02  -6.1133900954E-03  -3.9583570029E-03   2.7598059564E-02   4.0631193955E-02
   23     -1.6838345902E-02   2.3653152017E-03  -1.8809459282E-03  -3.3424464139E-04   3.9449555658E-02
   24      1.0164012612E-03   4.0935379932E-03   2.9015721480E-04   2.8024284777E-04   7.0082074404E-04
   25     -9.5853056484E-04   1.3584965511E-03   5.9464868686E-04   1.4512308299E-03   8.8500367757E-03
   26      1.6443508250E-03   2.1786558225E-03   2.4320110834E-03  -5.9927934844E-03   9.7011525603E-03
   27      1.5669911949E-05   2.7412191980E-05  -9.8088036329E-06   5.7081291252E-05  -5.7302980502E-05
   28      1.1135704757E-05  -3.3282904962E-05  -1.6827915666E-05   8.8515224233E-06  -6.5361774852E-05
   29      3.6002961544E-05  -2.4480146805E-05  -2.7805127067E-05  -4.1243580992E-05  -9.7526990798E-05
   30      8.9127715507E-05  -1.6347811916E-04  -5.5850231965E-05  -8.6588991212E-05  -2.0190510551E-04
   31      1.9889137294E-05  -1.0093003558E-04  -4.8738384063E-05   2.5021495874E-05  -2.0046282378E-04
   32     -3.0190480120E-05   3.6604361220E-05   1.7706103711E-05   1.9483317660E-05  -1.3890915483E-04
   33     -2.2536070076E-03   4.2017909211E-03   5.8481463425E-03   8.1720446306E-03   5.5640329770E-03
   34      1.5946254844E-01  -7.6369750676E-04  -1.1179610747E-02  -2.0271846481E-02   8.9810072361E-04
   35      2.3944463961E-01   4.1218372882E-04   7.7700884962E-03   9.1111201586E-03  -7.0073763725E-04
   36      4.1218372882E-04   7.2475250475E-02  -9.9712398652E-02   2.3363741927E-02  -3.5183513586E-03
   37      7.7700884962E-03  -9.9712398652E-02   3.2916985724E-01  -6.9798385427E-02  -1.1837503389E-03
   38      9.1111201586E-03   2.3363741927E-02  -6.9798385427E-02   7.1592935863E-02   5.1689910956E-05
