
$orca_hessian_file

$act_atom
  0

$act_coord
  0

$act_energy
        0.000000

$multiplicity
  1

$hessian
42
                    0                  1                  2                  3                  4        
    0      7.9841455427E-01   1.3613647664E-01   1.5400490023E-02  -2.8516024067E-01  -2.1065694703E-01
    1      1.3613647664E-01   5.8482493512E-01  -3.1408182104E-01  -2.2353892599E-01  -3.1255438834E-01
    2      1.5400490023E-02  -3.1408182104E-01   3.1507993514E-01   1.1494553979E-01   1.4721921630E-01
    3     -2.8516024067E-01  -2.2353892599E-01   1.1494553979E-01   6.8179542113E-01   2.3730342057E-01
    4     -2.1065694703E-01  -3.1255438834E-01   1.4721921630E-01   2.3730342057E-01   4.6554241932E-01
    5      1.0753911629E-01   1.4626138821E-01  -1.3093071538E-01  -7.5478689880E-02  -1.8264389211E-01
    6      3.2320117578E-03  -3.7005277392E-03   2.3378650045E-03  -2.0521069605E-02   1.3695861528E-02
    7      1.0591625822E-02  -1.8172654028E-02   1.7791266074E-02   5.3151691057E-04  -6.0982593850E-02
    8     -7.2067040648E-03   1.5290820434E-02  -7.6424832155E-03  -2.1118265266E-03   3.3182699755E-02
    9     -6.2568907593E-02  -5.5642290307E-03  -2.3566706164E-03  -3.3380409597E-01   5.4461281777E-03
   10     -3.7536177904E-02   9.4545946896E-03  -4.2174232011E-03   5.2442828204E-03  -8.2009087624E-02
   11      1.1803860538E-02   1.2848866113E-03   8.6872165911E-03  -3.7424463229E-02  -7.6366961841E-03
   12      3.8814472334E-03   2.7444634973E-03  -2.7420396815E-03  -4.8021653723E-02  -3.0923662291E-02
   13      9.2206738930E-03   1.3224208853E-03  -3.9674042245E-04  -2.0105909726E-02   4.5292977897E-03
   14      7.2723584233E-03  -6.6412756452E-05   1.5048767854E-03  -1.6487449450E-02   3.9480136527E-03
   15      7.3382791942E-05   3.3689817895E-04  -2.1381238882E-04  -2.2846903524E-03  -1.1446414712E-03
   16     -1.8934323964E-03   4.2887736786E-04  -4.3859187590E-04   1.3626765043E-03  -6.2245550241E-03
   17     -1.0791116682E-03   2.2957587350E-05   1.5465256295E-04  -3.8623179565E-04  -2.5761405381E-03
   18     -2.3761269806E-04  -1.1778987704E-04  -1.1572030285E-04   1.7644838936E-03   6.0542122079E-04
   19      3.4827803509E-04   6.0965028607E-05  -7.7422115404E-05  -1.9441025902E-03   3.8286073579E-06
   20      1.2223671957E-04  -4.5876314966E-05  -3.4957394213E-06  -6.4149938959E-04   3.9635737972E-04
   21     -9.7206703371E-02   8.2303686795E-02  -6.6422156370E-02   6.9989764827E-03  -1.5893040619E-02
   22      7.7872926552E-02  -2.1627847476E-01   1.3781772707E-01   8.5861163686E-03  -9.6142631920E-03
   23     -6.3692481486E-02   1.3738687546E-01  -1.3519139338E-01  -5.4568238643E-03   1.3160316401E-02
   24     -3.5901381981E-01   1.1324268587E-02  -6.1494308847E-02  -1.3065617946E-02   6.3467785621E-03
   25      1.8518281760E-02  -4.8672890994E-02   1.5657909595E-02  -2.1416384882E-02   1.3495611080E-03
   26     -6.7784426889E-02   1.4010295091E-02  -5.1499812636E-02   1.3331872641E-02  -2.5236096686E-03
   27     -8.1997791619E-04   2.7517817950E-04  -2.9423607704E-04   5.9919555254E-03  -3.3142937442E-03
   28     -1.6238550007E-03   6.8903444947E-05  -1.8690334770E-04   6.8167915312E-03  -1.9091830387E-03
   29     -5.8553309851E-04   1.2538202527E-04  -1.6581557770E-04   3.6401959438E-03  -1.4564564385E-03
   30      1.8782836673E-06  -2.0961528457E-04   1.1048649073E-03   5.6223772586E-03   3.4107468175E-05
   31     -8.7481338479E-04  -3.1050218361E-04   8.3469623593E-04   5.8687749552E-03   6.9048130187E-04
   32     -1.5639052556E-03  -2.5272564504E-04   1.6805239697E-04   5.2811539855E-03  -6.2496785483E-04
   33     -7.3513077077E-04   7.2575364274E-05  -1.3505758379E-04   1.1514305125E-03  -1.6704031771E-03
   34      1.8643134385E-04  -4.4953535599E-05   4.3117934737E-05   1.8138306221E-04   6.6172768758E-04
   35     -1.1552595999E-04   8.3611749833E-05  -1.1995171748E-04   2.1606609412E-04  -4.8014066993E-04
   36     -1.5193235252E-04  -1.8172842309E-05  -1.2580296180E-05   6.8034196851E-04  -3.0601101749E-05
   37     -4.9561013717E-05  -2.8646299229E-05   6.4626884954E-05   2.5363333912E-04   2.2817416491E-04
   38     -7.8744345736E-05   1.7520675378E-05  -6.5918021029E-05   2.7703107346E-04  -1.1891977902E-04
   39      2.9105085464E-04  -5.2117931707E-05   4.2457752643E-06  -1.1476185070E-03   1.8241177635E-04
   40     -2.3207586761E-04  -9.8186396719E-05  -2.1261071126E-05   8.7618725903E-04   2.8858109145E-04
   41     -3.8052563696E-05  -4.5299125363E-05   2.4852194542E-05   2.8513405589E-04   1.4586833578E-04
                    5                  6                  7                  8                  9        
    0      1.0753911629E-01   3.2320117578E-03   1.0591625822E-02  -7.2067040648E-03  -6.2568907593E-02
    1      1.4626138821E-01  -3.7005277392E-03  -1.8172654028E-02   1.5290820434E-02  -5.5642290307E-03
    2     -1.3093071538E-01   2.3378650045E-03   1.7791266074E-02  -7.6424832155E-03  -2.3566706164E-03
    3     -7.5478689880E-02  -2.0521069605E-02   5.3151691057E-04  -2.1118265266E-03  -3.3380409597E-01
    4     -1.8264389211E-01   1.3695861528E-02  -6.0982593850E-02   3.3182699755E-02   5.4461281777E-03
    5      2.3313531090E-01  -1.1164313215E-02   3.1320393011E-02  -4.1881546467E-02  -2.4039350825E-03
    6     -1.1164313215E-02   3.9539260955E-02  -2.9299767777E-02   2.7560272772E-02  -2.0072753569E-02
    7      3.1320393011E-02  -2.9299767777E-02   8.9045925849E-02  -6.1292894011E-02   2.1281243146E-02
    8     -4.1881546467E-02   2.7560272772E-02  -6.1292894011E-02   5.5114372011E-02  -1.6673685877E-02
    9     -2.4039350825E-03  -2.0072753569E-02   2.1281243146E-02  -1.6673685877E-02   5.4255252749E-01
   10     -1.2205218534E-03   1.6321212072E-02  -8.3698585542E-03   7.4632352121E-03   7.1115123535E-02
   11     -5.3724366459E-02  -1.7735564177E-02   1.1834111137E-02  -5.6825044315E-03   8.6592215055E-02
   12     -2.2502614086E-02  -1.1065694159E-03  -2.9180868136E-03  -5.7166099007E-04  -9.0315626182E-02
   13     -3.2142565259E-03   4.4489622550E-03  -1.6909185064E-03   2.7923233440E-03  -4.1281107632E-02
   14     -1.0900298253E-02  -1.4611180201E-04  -3.0267624412E-03   1.2096937385E-03  -3.0211150492E-02
   15     -5.5294897869E-04   4.0489808068E-04  -1.4188088152E-04   2.1650198735E-04  -2.3579309426E-02
   16     -1.1267490694E-03   9.5387502689E-08   8.3955819298E-04  -1.1895932960E-04  -4.2778420155E-02
   17     -1.1096199474E-03  -2.0216443220E-04   1.2496379121E-04  -1.9727114709E-04  -2.6382344742E-02
   18      5.6112909026E-04  -3.4164935210E-04  -6.3396564107E-05  -2.0793391075E-04  -4.9332427241E-04
   19     -2.4557336174E-04   1.0653563641E-04  -1.0747990380E-04   1.0794053400E-04   1.9345351628E-03
   20     -3.0453912577E-04   1.0456369833E-04  -1.7519076785E-04   1.4602411569E-04   7.6133959408E-04
   21      1.0137187981E-02   1.7071940196E-04  -2.2369281931E-03   8.2111472274E-04   1.1149031405E-03
   22      1.6068997506E-02  -1.1133778258E-03  -6.0515211757E-04   3.5386591275E-03   2.6748201544E-03
   23      2.1694605418E-03   3.3120545342E-04   2.6959660470E-03   3.2420860028E-03   9.8466129702E-05
   24     -5.7595937009E-03   7.8826889051E-04   8.5309647371E-04  -2.2844631766E-05  -1.2139680491E-04
   25     -7.3606885978E-03  -4.4392058298E-04  -1.5215578102E-03  -8.0733632947E-04  -5.1114468080E-03
   26     -7.5404540621E-04   8.7229958995E-04  -3.6185793915E-04  -2.1574168429E-03  -1.2724324388E-03
   27      2.4430019942E-03  -1.8600240644E-03   9.4566555655E-04  -1.6403725893E-03  -4.0085644628E-03
   28      1.8472865669E-03   3.9142593858E-04   1.3985218080E-03   7.4755696676E-05  -9.1671937067E-03
   29      1.8204301319E-03  -1.4511161965E-03   3.1252894762E-04  -1.4438444257E-03  -2.0699234187E-03
   30     -2.2810347459E-03  -1.3089612434E-04   4.0738206507E-04  -1.0180999664E-04   1.5749468274E-03
   31     -1.3381457556E-04  -2.4903240079E-04   2.9939577133E-05  -1.3234054694E-04   6.6273805251E-04
   32      1.5252613855E-03  -4.2099086513E-04   5.3632147749E-04  -5.3288115150E-04  -4.6278236017E-03
   33     -2.4045025338E-04  -1.5362288259E-04   2.1233711088E-04  -1.2435314969E-04  -8.2595607958E-03
   34     -4.3648066311E-05  -9.1950359823E-06  -2.4774945009E-05   1.2903797642E-05   2.5108176392E-03
   35      5.5927652194E-04  -4.3953495269E-06   5.0338102825E-05  -3.8198908441E-05  -3.0201895083E-04
   36      1.4456712679E-04  -1.0350401977E-04   5.0094656400E-05  -7.8225093292E-05  -2.4532773333E-04
   37      8.6790267754E-05  -7.1540147613E-05   4.9724584286E-05  -6.3395372820E-05  -1.0198936091E-03
   38      3.1258769441E-04   5.1268316935E-05   1.0937895805E-04   7.6200778848E-06  -6.0490606943E-04
   39     -4.3143198827E-04   1.5492994665E-04  -2.0538281473E-04   1.4464507787E-04  -1.7735106450E-03
   40      4.1264001670E-04  -8.4250004806E-05   1.1131970303E-04  -4.5922122665E-05  -6.9939975659E-04
   41      8.2803864364E-05  -1.3593652872E-04   7.8947424544E-05  -1.4364935636E-04  -5.4722884207E-04
                   10                 11                 12                 13                 14        
    0     -3.7536177904E-02   1.1803860538E-02   3.8814472334E-03   9.2206738930E-03   7.2723584233E-03
    1      9.4545946896E-03   1.2848866113E-03   2.7444634973E-03   1.3224208853E-03  -6.6412756452E-05
    2     -4.2174232011E-03   8.6872165911E-03  -2.7420396815E-03  -3.9674042245E-04   1.5048767854E-03
    3      5.2442828204E-03  -3.7424463229E-02  -4.8021653723E-02  -2.0105909726E-02  -1.6487449450E-02
    4     -8.2009087624E-02  -7.6366961841E-03  -3.0923662291E-02   4.5292977897E-03   3.9480136527E-03
    5     -1.2205218534E-03  -5.3724366459E-02  -2.2502614086E-02  -3.2142565259E-03  -1.0900298253E-02
    6      1.6321212072E-02  -1.7735564177E-02  -1.1065694159E-03   4.4489622550E-03  -1.4611180201E-04
    7     -8.3698585542E-03   1.1834111137E-02  -2.9180868136E-03  -1.6909185064E-03  -3.0267624412E-03
    8      7.4632352121E-03  -5.6825044315E-03  -5.7166099007E-04   2.7923233440E-03   1.2096937385E-03
    9      7.1115123535E-02   8.6592215055E-02  -9.0315626182E-02  -4.1281107632E-02  -3.0211150492E-02
   10      3.0149875180E-01   9.7325722320E-02  -2.4003999036E-02  -1.7692099495E-01  -6.7605819652E-02
   11      9.7325722320E-02   1.5610830998E-01  -1.8884479729E-02  -6.3701824196E-02  -9.9977888577E-02
   12     -2.4003999036E-02  -1.8884479729E-02   5.6345450378E-01  -3.7802275238E-02  -2.6989743021E-02
   13     -1.7692099495E-01  -6.3701824196E-02  -3.7802275238E-02   5.4982111492E-01  -3.1250814131E-02
   14     -6.7605819652E-02  -9.9977888577E-02  -2.6989743021E-02  -3.1250814131E-02   5.7718645401E-01
   15     -3.2324823324E-03  -6.7692305453E-03  -2.4340108267E-01   2.5426066064E-02  -1.6063051106E-02
   16      1.7068272886E-03  -8.8001161746E-03   4.2284471818E-02  -9.6570913881E-02  -2.3869305476E-03
   17     -3.5715599015E-04  -2.8281895305E-03  -7.3120337400E-03  -5.7237560204E-03  -8.4015074122E-02
   18      1.8351463589E-03   8.8700552794E-04  -1.7841381505E-02   3.1159312492E-02   1.2177113980E-02
   19     -4.8481120568E-04  -2.1692726872E-04   8.8764358399E-03  -1.9153811014E-05  -2.2977362656E-03
   20     -3.0446034577E-04   3.6353637909E-04   1.4327522913E-04   1.8835043051E-03   8.3608060281E-03
   21      9.5953775161E-04   1.0565063780E-03  -3.5998366347E-05  -3.9772725274E-04  -2.1065751210E-04
   22      2.9043572846E-04  -5.0624814121E-03  -8.4353354230E-04  -8.3398773331E-04  -9.0019663078E-05
   23     -3.9610989617E-03  -5.1624042234E-03  -4.7020788328E-04  -4.6202618388E-04   3.5108807775E-04
   24     -3.7288401392E-03  -8.4306927568E-04  -3.2058739521E-04   2.6378362834E-04   9.7787450626E-04
   25      6.6602258609E-04   6.5405962840E-03   9.2275215663E-04   1.4991743873E-03   7.1926870348E-04
   26      6.1731865613E-03   8.8626145596E-03   1.8929325127E-03   6.4634214038E-04  -7.2842808713E-05
   27     -2.0392581086E-02   3.4611865739E-03  -5.7989962363E-02   3.9809930830E-02  -2.4570961098E-02
   28     -3.4910447455E-02   2.5216071975E-03   3.2755559099E-02  -2.3147136676E-01   1.1675842243E-01
   29     -2.2455012289E-02   1.0209666638E-02  -2.1883006132E-02   1.2244995274E-01  -1.3076533875E-01
   30     -9.4355540327E-03  -2.1612236008E-02  -1.0212378401E-01   9.9336278838E-03   1.0798837469E-01
   31     -1.3254883507E-02  -3.5632250051E-02   6.6992025925E-03  -5.1686792208E-02  -1.1983336198E-02
   32     -1.2743133394E-02  -1.7658469506E-02   1.0057930616E-01  -1.6009876078E-02  -2.6677132808E-01
   33      1.5718942512E-03  -1.0528018531E-03  -7.7375808378E-03  -2.2782395480E-02  -1.4149810241E-02
   34      7.1227089374E-04   5.0538164755E-04   3.9152012246E-03   4.8927107145E-03   2.3431594533E-03
   35      3.8816362504E-04   9.9806405196E-04   4.3049076636E-04  -2.6384883465E-03   5.4662330161E-04
   36      1.6004488132E-04   3.8535031683E-05   1.5451631565E-03   2.3725975381E-03  -8.7170570449E-04
   37      8.7807451107E-04   2.8949107536E-04   9.9248912500E-04  -1.0016245524E-03  -7.8160421602E-03
   38      3.8514471944E-04   1.3356956156E-04  -1.6179625331E-03  -7.4817157156E-03   9.4459008623E-03
   39      1.1186776910E-03   4.8263506521E-04   1.3112302047E-05  -2.6552975999E-04   1.2684466228E-03
   40      7.4310579321E-04   7.4787868212E-04  -2.6990279298E-03  -1.8689663013E-03   2.7388590567E-03
   41      1.1297935812E-03  -3.2915503556E-04  -5.5784671115E-05   3.1235256065E-03  -6.1026722081E-03
                   15                 16                 17                 18                 19        
    0      7.3382791942E-05  -1.8934323964E-03  -1.0791116682E-03  -2.3761269806E-04   3.4827803509E-04
    1      3.3689817895E-04   4.2887736786E-04   2.2957587350E-05  -1.1778987704E-04   6.0965028607E-05
    2     -2.1381238882E-04  -4.3859187590E-04   1.5465256295E-04  -1.1572030285E-04  -7.7422115404E-05
    3     -2.2846903524E-03   1.3626765043E-03  -3.8623179565E-04   1.7644838936E-03  -1.9441025902E-03
    4     -1.1446414712E-03  -6.2245550241E-03  -2.5761405381E-03   6.0542122079E-04   3.8286073579E-06
    5     -5.5294897869E-04  -1.1267490694E-03  -1.1096199474E-03   5.6112909026E-04  -2.4557336174E-04
    6      4.0489808068E-04   9.5387502689E-08  -2.0216443220E-04  -3.4164935210E-04   1.0653563641E-04
    7     -1.4188088152E-04   8.3955819298E-04   1.2496379121E-04  -6.3396564107E-05  -1.0747990380E-04
    8      2.1650198735E-04  -1.1895932960E-04  -1.9727114709E-04  -2.0793391075E-04   1.0794053400E-04
    9     -2.3579309426E-02  -4.2778420155E-02  -2.6382344742E-02  -4.9332427241E-04   1.9345351628E-03
   10     -3.2324823324E-03   1.7068272886E-03  -3.5715599015E-04   1.8351463589E-03  -4.8481120568E-04
   11     -6.7692305453E-03  -8.8001161746E-03  -2.8281895305E-03   8.8700552794E-04  -2.1692726872E-04
   12     -2.4340108267E-01   4.2284471818E-02  -7.3120337400E-03  -1.7841381505E-02   8.8764358399E-03
   13      2.5426066064E-02  -9.6570913881E-02  -5.7237560204E-03   3.1159312492E-02  -1.9153811014E-05
   14     -1.6063051106E-02  -2.3869305476E-03  -8.4015074122E-02   1.2177113980E-02  -2.2977362656E-03
   15      6.4948310257E-01  -1.3229653817E-01   1.8732956461E-02  -2.2653145643E-01   1.8954453374E-01
   16     -1.3229653817E-01   7.4307759677E-01   2.9558854632E-01   1.9240255608E-01  -4.2459314676E-01
   17      1.8732956461E-02   2.9558854632E-01   3.1409011103E-01   7.2873721298E-02  -1.6643304034E-01
   18     -2.2653145643E-01   1.9240255608E-01   7.2873721298E-02   7.2474935242E-01  -1.3108022385E-01
   19      1.8954453374E-01  -4.2459314676E-01  -1.6643304034E-01  -1.3108022385E-01   7.0498029107E-01
   20      7.1539854369E-02  -1.6622964655E-01  -1.3015005979E-01   3.8771170543E-02   2.9720942804E-01
   21      6.9383750854E-05   1.2584910873E-04   3.8585612835E-05  -1.3845447788E-05   6.5257860813E-06
   22     -8.5708690652E-05  -2.9063967752E-05  -1.2482950693E-04   8.1671666710E-05   1.4865008460E-06
   23     -9.5831461348E-05  -1.7996301877E-04  -1.3147998900E-04   5.3979647180E-05   5.5794966670E-05
   24     -4.1754406313E-05  -2.4903012993E-04  -1.0833483927E-04   9.3278210689E-07   4.6456338755E-06
   25     -4.8230257252E-05  -2.5441929461E-05  -5.3403812913E-05  -3.1120665612E-05   4.1508748548E-06
   26      8.7869370159E-05   4.5753984553E-04   2.3750647736E-04  -3.4144159343E-05  -1.9832426710E-05
   27     -6.0890696134E-03   3.0680543685E-02  -1.6786749453E-02  -3.4867835639E-03  -1.0291180979E-03
   28      4.0406972393E-03  -2.8887698764E-03   2.8858911643E-03  -2.1182657375E-04   1.2065871088E-03
   29      9.2056832955E-04  -4.2055271908E-04   1.3555351442E-03   4.1583700214E-05  -4.2475214986E-04
   30     -1.3920194702E-02   5.0542288595E-03   3.0682411703E-02  -3.5369164916E-03  -9.4013652091E-04
   31      6.1774334637E-03  -2.4613637527E-04  -6.7669155114E-03   3.8914247980E-04   5.8586606087E-04
   32     -1.0140384728E-03   1.0420280187E-03   6.7390551176E-03  -9.2295005080E-04   9.4212665589E-04
   33     -1.3692014368E-01  -1.0543110106E-01  -7.4424348356E-02   1.2014352114E-02   1.4563442775E-02
   34     -1.0361168262E-01  -2.0114144733E-01  -1.0560595494E-01  -1.5016247455E-02  -1.5003194388E-02
   35     -7.3363249542E-02  -1.0576014042E-01  -1.0990363914E-01  -7.2078720123E-03  -9.2730048500E-03
   36     -1.0649325594E-02  -1.3806350317E-03  -3.3153103034E-03  -3.5253701047E-01   2.8709230477E-02
   37      2.9151906929E-02  -5.5288770622E-05   3.1350621549E-03   2.3764785142E-02  -5.5567312574E-02
   38      1.3075724345E-02  -2.2343098298E-03   4.9265694980E-03  -4.3532752043E-02  -5.8202082843E-03
   39      1.3386259685E-02   1.2136430479E-02   7.6876628389E-03  -1.3350914098E-01  -1.0907946380E-01
   40     -1.4134066175E-02  -1.4278095702E-02  -1.4122182960E-02  -1.0373854869E-01  -2.1106807661E-01
   41     -6.5200209498E-03  -9.3861960414E-03   8.3190383545E-04  -7.3350745189E-02  -1.1349914940E-01
                   20                 21                 22                 23                 24        
    0      1.2223671957E-04  -9.7206703371E-02   7.7872926552E-02  -6.3692481486E-02  -3.5901381981E-01
    1     -4.5876314966E-05   8.2303686795E-02  -2.1627847476E-01   1.3738687546E-01   1.1324268587E-02
    2     -3.4957394213E-06  -6.6422156370E-02   1.3781772707E-01  -1.3519139338E-01  -6.1494308847E-02
    3     -6.4149938959E-04   6.9989764827E-03   8.5861163686E-03  -5.4568238643E-03  -1.3065617946E-02
    4      3.9635737972E-04  -1.5893040619E-02  -9.6142631920E-03   1.3160316401E-02   6.3467785621E-03
    5     -3.0453912577E-04   1.0137187981E-02   1.6068997506E-02   2.1694605418E-03  -5.7595937009E-03
    6      1.0456369833E-04   1.7071940196E-04  -1.1133778258E-03   3.3120545342E-04   7.8826889051E-04
    7     -1.7519076785E-04  -2.2369281931E-03  -6.0515211757E-04   2.6959660470E-03   8.5309647371E-04
    8      1.4602411569E-04   8.2111472274E-04   3.5386591275E-03   3.2420860028E-03  -2.2844631766E-05
    9      7.6133959408E-04   1.1149031405E-03   2.6748201544E-03   9.8466129702E-05  -1.2139680491E-04
   10     -3.0446034577E-04   9.5953775161E-04   2.9043572846E-04  -3.9610989617E-03  -3.7288401392E-03
   11      3.6353637909E-04   1.0565063780E-03  -5.0624814121E-03  -5.1624042234E-03  -8.4306927568E-04
   12      1.4327522913E-04  -3.5998366347E-05  -8.4353354230E-04  -4.7020788328E-04  -3.2058739521E-04
   13      1.8835043051E-03  -3.9772725274E-04  -8.3398773331E-04  -4.6202618388E-04   2.6378362834E-04
   14      8.3608060281E-03  -2.1065751210E-04  -9.0019663078E-05   3.5108807775E-04   9.7787450626E-04
   15      7.1539854369E-02   6.9383750854E-05  -8.5708690652E-05  -9.5831461348E-05  -4.1754406313E-05
   16     -1.6622964655E-01   1.2584910873E-04  -2.9063967752E-05  -1.7996301877E-04  -2.4903012993E-04
   17     -1.3015005979E-01   3.8585612835E-05  -1.2482950693E-04  -1.3147998900E-04  -1.0833483927E-04
   18      3.8771170543E-02  -1.3845447788E-05   8.1671666710E-05   5.3979647180E-05   9.3278210689E-07
   19      2.9720942804E-01   6.5257860813E-06   1.4865008460E-06   5.5794966670E-05   4.6456338755E-06
   20      2.7995666376E-01  -7.6457847339E-05  -2.2321385902E-05   3.3131041433E-05   5.2342912645E-06
   21     -7.6457847339E-05   9.1339867302E-02  -8.4765872109E-02   6.8660445771E-02  -2.5095886188E-03
   22     -2.2321385902E-05  -8.4765872109E-02   2.2361107365E-01  -1.5087103073E-01  -2.3837606698E-03
   23      3.3131041433E-05   6.8660445771E-02  -1.5087103073E-01   1.3431542561E-01   7.6237308262E-04
   24      5.2342912645E-06  -2.5095886188E-03  -2.3837606698E-03   7.6237308262E-04   3.7449340213E-01
   25     -3.0488688440E-05   1.9811553796E-02   3.4479023858E-03   2.3998621152E-03  -1.2344231906E-02
   26     -9.1203548956E-06  -1.4070449843E-02  -1.4070197122E-03   4.7340255701E-04   6.6674637243E-02
   27     -7.6585628547E-04   2.2769345081E-05   1.2562767244E-04  -8.6967488170E-05  -1.4580897057E-04
   28      6.0615897133E-04   8.6581237878E-05   1.3057067845E-04  -1.4044648369E-04  -1.3050470979E-04
   29     -1.3279684319E-04  -1.8034489592E-05   9.3244614423E-06  -1.3049588713E-04  -1.2956250157E-04
   30     -1.5725055351E-03   6.6690977032E-05  -1.1534623378E-04  -1.1737743920E-04  -7.4035625519E-06
   31      3.4172213574E-04  -1.9438572956E-05  -1.4719990916E-04  -1.1435717117E-04   1.1038447094E-05
   32      2.5181804382E-04  -2.4824207225E-05   7.2606512100E-05   1.6760036523E-05  -4.5456841101E-05
   33      8.7543040932E-03   3.9907923983E-05  -6.2319597788E-07  -5.7041390840E-05  -6.8211307608E-05
   34     -1.4573084670E-02  -3.1804398476E-06  -4.9050412217E-06  -5.5407504615E-07   3.1814913702E-05
   35      7.4817654383E-04   1.8783351332E-05   2.0731006707E-05   4.6943591436E-06  -1.6671235338E-05
   36     -4.0962734504E-02   7.3884302978E-06   1.8002652539E-05  -6.8888252774E-07  -8.5259180739E-06
   37     -6.6541370735E-03   1.9365547530E-05  -6.6032838959E-08  -1.5496451456E-05   2.4700753997E-06
   38     -4.6455152447E-02   1.8931958338E-05   2.0772989021E-05  -7.9439110580E-07   1.9684756426E-06
   39     -7.6176511093E-02  -6.4470949772E-05  -3.3644954782E-05   6.6021225166E-05   2.0110938469E-05
   40     -1.1240960878E-01  -1.4210680716E-05   3.1643809282E-05   3.7408315071E-05  -4.9138493095E-06
   41     -1.1280499161E-01   7.5953080963E-05   3.7633504071E-05   1.0519644157E-05   1.7181287133E-06
                   25                 26                 27                 28                 29        
    0      1.8518281760E-02  -6.7784426889E-02  -8.1997791619E-04  -1.6238550007E-03  -5.8553309851E-04
    1     -4.8672890994E-02   1.4010295091E-02   2.7517817950E-04   6.8903444947E-05   1.2538202527E-04
    2      1.5657909595E-02  -5.1499812636E-02  -2.9423607704E-04  -1.8690334770E-04  -1.6581557770E-04
    3     -2.1416384882E-02   1.3331872641E-02   5.9919555254E-03   6.8167915312E-03   3.6401959438E-03
    4      1.3495611080E-03  -2.5236096686E-03  -3.3142937442E-03  -1.9091830387E-03  -1.4564564385E-03
    5     -7.3606885978E-03  -7.5404540621E-04   2.4430019942E-03   1.8472865669E-03   1.8204301319E-03
    6     -4.4392058298E-04   8.7229958995E-04  -1.8600240644E-03   3.9142593858E-04  -1.4511161965E-03
    7     -1.5215578102E-03  -3.6185793915E-04   9.4566555655E-04   1.3985218080E-03   3.1252894762E-04
    8     -8.0733632947E-04  -2.1574168429E-03  -1.6403725893E-03   7.4755696676E-05  -1.4438444257E-03
    9     -5.1114468080E-03  -1.2724324388E-03  -4.0085644628E-03  -9.1671937067E-03  -2.0699234187E-03
   10      6.6602258609E-04   6.1731865613E-03  -2.0392581086E-02  -3.4910447455E-02  -2.2455012289E-02
   11      6.5405962840E-03   8.8626145596E-03   3.4611865739E-03   2.5216071975E-03   1.0209666638E-02
   12      9.2275215663E-04   1.8929325127E-03  -5.7989962363E-02   3.2755559099E-02  -2.1883006132E-02
   13      1.4991743873E-03   6.4634214038E-04   3.9809930830E-02  -2.3147136676E-01   1.2244995274E-01
   14      7.1926870348E-04  -7.2842808713E-05  -2.4570961098E-02   1.1675842243E-01  -1.3076533875E-01
   15     -4.8230257252E-05   8.7869370159E-05  -6.0890696134E-03   4.0406972393E-03   9.2056832955E-04
   16     -2.5441929461E-05   4.5753984553E-04   3.0680543685E-02  -2.8887698764E-03  -4.2055271908E-04
   17     -5.3403812913E-05   2.3750647736E-04  -1.6786749453E-02   2.8858911643E-03   1.3555351442E-03
   18     -3.1120665612E-05  -3.4144159343E-05  -3.4867835639E-03  -2.1182657375E-04   4.1583700214E-05
   19      4.1508748548E-06  -1.9832426710E-05  -1.0291180979E-03   1.2065871088E-03  -4.2475214986E-04
   20     -3.0488688440E-05  -9.1203548956E-06  -7.6585628547E-04   6.0615897133E-04  -1.3279684319E-04
   21      1.9811553796E-02  -1.4070449843E-02   2.2769345081E-05   8.6581237878E-05  -1.8034489592E-05
   22      3.4479023858E-03  -1.4070197122E-03   1.2562767244E-04   1.3057067845E-04   9.3244614423E-06
   23      2.3998621152E-03   4.7340255701E-04  -8.6967488170E-05  -1.4044648369E-04  -1.3049588713E-04
   24     -1.2344231906E-02   6.6674637243E-02  -1.4580897057E-04  -1.3050470979E-04  -1.2956250157E-04
   25      4.3557029615E-02  -1.6950549908E-02   6.4979510922E-06  -1.2445664164E-04   7.2835846306E-05
   26     -1.6950549908E-02   4.5147031445E-02  -5.6443066008E-06   5.4954815405E-05  -1.8114924286E-05
   27      6.4979510922E-06  -5.6443066008E-06   6.4419604052E-02  -3.4065329470E-02   2.7637922757E-02
   28     -1.2445664164E-04   5.4954815405E-05  -3.4065329470E-02   2.6414327061E-01  -1.2315716023E-01
   29      7.2835846306E-05  -1.8114924286E-05   2.7637922757E-02  -1.2315716023E-01   1.3323345871E-01
   30      1.4997127127E-04   1.5910658624E-04   3.8139127015E-03   7.0094265120E-04  -5.5996501810E-03
   31     -1.2243995933E-04   2.5026557554E-05  -1.1875285985E-02   4.2244958681E-03   2.4886797773E-02
   32     -1.7765491048E-04  -1.6897347444E-04   8.8073328425E-03  -1.2388116454E-03  -1.4124113324E-02
   33     -1.7828800811E-05   1.3486170748E-04   6.1428290854E-04   6.5098127127E-04  -4.4611290650E-04
   34      4.6694843105E-07  -4.6795171857E-05  -1.1423323827E-03   2.4969891094E-04   1.0256585888E-04
   35     -2.1618900761E-05  -4.9251569019E-07   3.8233357989E-04  -1.3312290025E-04   6.9885157012E-05
   36     -1.0574253326E-05  -4.9291378068E-06  -7.4231732205E-04   1.1536136529E-04   4.5320967736E-05
   37     -6.5618885235E-06  -2.1576130533E-05  -6.0013405916E-04   6.6413147259E-05   8.4990069286E-05
   38     -1.1735714358E-05  -1.4809419435E-05   2.4884185399E-03  -2.6387067662E-04  -7.7311002051E-05
   39      1.8066304019E-05   1.4483268355E-05   2.7998374363E-04  -3.6886546482E-04  -1.0568048644E-04
   40     -5.0958683035E-05  -3.6002209019E-05   5.8486554242E-04  -1.8423780697E-04  -1.2471963728E-04
   41      2.2902473804E-05  -2.4926655733E-05  -1.0663812782E-03   3.6551417356E-04   1.6885495173E-04
                   30                 31                 32                 33                 34        
    0      1.8782836673E-06  -8.7481338479E-04  -1.5639052556E-03  -7.3513077077E-04   1.8643134385E-04
    1     -2.0961528457E-04  -3.1050218361E-04  -2.5272564504E-04   7.2575364274E-05  -4.4953535599E-05
    2      1.1048649073E-03   8.3469623593E-04   1.6805239697E-04  -1.3505758379E-04   4.3117934737E-05
    3      5.6223772586E-03   5.8687749552E-03   5.2811539855E-03   1.1514305125E-03   1.8138306221E-04
    4      3.4107468175E-05   6.9048130187E-04  -6.2496785483E-04  -1.6704031771E-03   6.6172768758E-04
    5     -2.2810347459E-03  -1.3381457556E-04   1.5252613855E-03  -2.4045025338E-04  -4.3648066311E-05
    6     -1.3089612434E-04  -2.4903240079E-04  -4.2099086513E-04  -1.5362288259E-04  -9.1950359823E-06
    7      4.0738206507E-04   2.9939577133E-05   5.3632147749E-04   2.1233711088E-04  -2.4774945009E-05
    8     -1.0180999664E-04  -1.3234054694E-04  -5.3288115150E-04  -1.2435314969E-04   1.2903797642E-05
    9      1.5749468274E-03   6.6273805251E-04  -4.6278236017E-03  -8.2595607958E-03   2.5108176392E-03
   10     -9.4355540327E-03  -1.3254883507E-02  -1.2743133394E-02   1.5718942512E-03   7.1227089374E-04
   11     -2.1612236008E-02  -3.5632250051E-02  -1.7658469506E-02  -1.0528018531E-03   5.0538164755E-04
   12     -1.0212378401E-01   6.6992025925E-03   1.0057930616E-01  -7.7375808378E-03   3.9152012246E-03
   13      9.9336278838E-03  -5.1686792208E-02  -1.6009876078E-02  -2.2782395480E-02   4.8927107145E-03
   14      1.0798837469E-01  -1.1983336198E-02  -2.6677132808E-01  -1.4149810241E-02   2.3431594533E-03
   15     -1.3920194702E-02   6.1774334637E-03  -1.0140384728E-03  -1.3692014368E-01  -1.0361168262E-01
   16      5.0542288595E-03  -2.4613637527E-04   1.0420280187E-03  -1.0543110106E-01  -2.0114144733E-01
   17      3.0682411703E-02  -6.7669155114E-03   6.7390551176E-03  -7.4424348356E-02  -1.0560595494E-01
   18     -3.5369164916E-03   3.8914247980E-04  -9.2295005080E-04   1.2014352114E-02  -1.5016247455E-02
   19     -9.4013652091E-04   5.8586606087E-04   9.4212665589E-04   1.4563442775E-02  -1.5003194388E-02
   20     -1.5725055351E-03   3.4172213574E-04   2.5181804382E-04   8.7543040932E-03  -1.4573084670E-02
   21      6.6690977032E-05  -1.9438572956E-05  -2.4824207225E-05   3.9907923983E-05  -3.1804398476E-06
   22     -1.1534623378E-04  -1.4719990916E-04   7.2606512100E-05  -6.2319597788E-07  -4.9050412217E-06
   23     -1.1737743920E-04  -1.1435717117E-04   1.6760036523E-05  -5.7041390840E-05  -5.5407504615E-07
   24     -7.4035625519E-06   1.1038447094E-05  -4.5456841101E-05  -6.8211307608E-05   3.1814913702E-05
   25      1.4997127127E-04  -1.2243995933E-04  -1.7765491048E-04  -1.7828800811E-05   4.6694843105E-07
   26      1.5910658624E-04   2.5026557554E-05  -1.6897347444E-04   1.3486170748E-04  -4.6795171857E-05
   27      3.8139127015E-03  -1.1875285985E-02   8.8073328425E-03   6.1428290854E-04  -1.1423323827E-03
   28      7.0094265120E-04   4.2244958681E-03  -1.2388116454E-03   6.5098127127E-04   2.4969891094E-04
   29     -5.5996501810E-03   2.4886797773E-02  -1.4124113324E-02  -4.4611290650E-04   1.0256585888E-04
   30      1.0814926010E-01  -6.4980642308E-03  -1.0684111798E-01   5.5425264025E-04  -3.5741105272E-04
   31     -6.4980642308E-03   6.0151040136E-02   2.8415951014E-02  -1.4457812099E-04   1.8721264260E-04
   32     -1.0684111798E-01   2.8415951014E-02   2.9073194940E-01   9.4611442863E-04  -2.5982554770E-04
   33      5.5425264025E-04  -1.4457812099E-04   9.4611442863E-04   1.3944037103E-01   1.1023497713E-01
   34     -3.5741105272E-04   1.8721264260E-04  -2.5982554770E-04   1.1023497713E-01   2.1060097678E-01
   35     -9.8802906027E-04   3.2590581853E-04   1.4257328857E-04   7.9875544248E-02   1.1929057691E-01
   36      2.4253387437E-05   2.2126607087E-05   1.8212477108E-05   8.9552759541E-04  -5.6740711715E-04
   37      1.8342030729E-03  -4.0113073658E-04   3.0477836676E-04  -8.4109381115E-04  -8.6945460496E-04
   38     -1.8777442474E-03   5.0073735949E-04  -3.6820432531E-04   1.2500120263E-03   4.0679727680E-03
   39     -8.8377285338E-05  -1.6319128704E-04  -1.7384336428E-04  -8.3587444999E-04   3.6476403571E-03
   40     -5.6438853193E-04   3.0004929167E-04  -1.2827688357E-06   3.5810061696E-03  -2.1633473024E-04
   41      1.0595780541E-03  -5.7335703947E-04   4.8500190735E-05  -3.3094892543E-04  -5.8358121642E-03
                   35                 36                 37                 38                 39        
    0     -1.1552595999E-04  -1.5193235252E-04  -4.9561013717E-05  -7.8744345736E-05   2.9105085464E-04
    1      8.3611749833E-05  -1.8172842309E-05  -2.8646299229E-05   1.7520675378E-05  -5.2117931707E-05
    2     -1.1995171748E-04  -1.2580296180E-05   6.4626884954E-05  -6.5918021029E-05   4.2457752643E-06
    3      2.1606609412E-04   6.8034196851E-04   2.5363333912E-04   2.7703107346E-04  -1.1476185070E-03
    4     -4.8014066993E-04  -3.0601101749E-05   2.2817416491E-04  -1.1891977902E-04   1.8241177635E-04
    5      5.5927652194E-04   1.4456712679E-04   8.6790267754E-05   3.1258769441E-04  -4.3143198827E-04
    6     -4.3953495269E-06  -1.0350401977E-04  -7.1540147613E-05   5.1268316935E-05   1.5492994665E-04
    7      5.0338102825E-05   5.0094656400E-05   4.9724584286E-05   1.0937895805E-04  -2.0538281473E-04
    8     -3.8198908441E-05  -7.8225093292E-05  -6.3395372820E-05   7.6200778848E-06   1.4464507787E-04
    9     -3.0201895083E-04  -2.4532773333E-04  -1.0198936091E-03  -6.0490606943E-04  -1.7735106450E-03
   10      3.8816362504E-04   1.6004488132E-04   8.7807451107E-04   3.8514471944E-04   1.1186776910E-03
   11      9.9806405196E-04   3.8535031683E-05   2.8949107536E-04   1.3356956156E-04   4.8263506521E-04
   12      4.3049076636E-04   1.5451631565E-03   9.9248912500E-04  -1.6179625331E-03   1.3112302047E-05
   13     -2.6384883465E-03   2.3725975381E-03  -1.0016245524E-03  -7.4817157156E-03  -2.6552975999E-04
   14      5.4662330161E-04  -8.7170570449E-04  -7.8160421602E-03   9.4459008623E-03   1.2684466228E-03
   15     -7.3363249542E-02  -1.0649325594E-02   2.9151906929E-02   1.3075724345E-02   1.3386259685E-02
   16     -1.0576014042E-01  -1.3806350317E-03  -5.5288770622E-05  -2.2343098298E-03   1.2136430479E-02
   17     -1.0990363914E-01  -3.3153103034E-03   3.1350621549E-03   4.9265694980E-03   7.6876628389E-03
   18     -7.2078720123E-03  -3.5253701047E-01   2.3764785142E-02  -4.3532752043E-02  -1.3350914098E-01
   19     -9.2730048500E-03   2.8709230477E-02  -5.5567312574E-02  -5.8202082843E-03  -1.0907946380E-01
   20      7.4817654383E-04  -4.0962734504E-02  -6.6541370735E-03  -4.6455152447E-02  -7.6176511093E-02
   21      1.8783351332E-05   7.3884302978E-06   1.9365547530E-05   1.8931958338E-05  -6.4470949772E-05
   22      2.0731006707E-05   1.8002652539E-05  -6.6032838959E-08   2.0772989021E-05  -3.3644954782E-05
   23      4.6943591436E-06  -6.8888252774E-07  -1.5496451456E-05  -7.9439110580E-07   6.6021225166E-05
   24     -1.6671235338E-05  -8.5259180739E-06   2.4700753997E-06   1.9684756426E-06   2.0110938469E-05
   25     -2.1618900761E-05  -1.0574253326E-05  -6.5618885235E-06  -1.1735714358E-05   1.8066304019E-05
   26     -4.9251569019E-07  -4.9291378068E-06  -2.1576130533E-05  -1.4809419435E-05   1.4483268355E-05
   27      3.8233357989E-04  -7.4231732205E-04  -6.0013405916E-04   2.4884185399E-03   2.7998374363E-04
   28     -1.3312290025E-04   1.1536136529E-04   6.6413147259E-05  -2.6387067662E-04  -3.6886546482E-04
   29      6.9885157012E-05   4.5320967736E-05   8.4990069286E-05  -7.7311002051E-05  -1.0568048644E-04
   30     -9.8802906027E-04   2.4253387437E-05   1.8342030729E-03  -1.8777442474E-03  -8.8377285338E-05
   31      3.2590581853E-04   2.2126607087E-05  -4.0113073658E-04   5.0073735949E-04  -1.6319128704E-04
   32      1.4257328857E-04   1.8212477108E-05   3.0477836676E-04  -3.6820432531E-04  -1.7384336428E-04
   33      7.9875544248E-02   8.9552759541E-04  -8.4109381115E-04   1.2500120263E-03  -8.3587444999E-04
   34      1.1929057691E-01  -5.6740711715E-04  -8.6945460496E-04   4.0679727680E-03   3.6476403571E-03
   35      1.0457304554E-01   1.3878434844E-03   4.0320677162E-03  -6.1844665223E-03  -3.1321125640E-04
   36      1.3878434844E-03   3.6906233614E-01  -3.3523024722E-02   4.3201648940E-02  -7.7770672702E-03
   37      4.0320677162E-03  -3.3523024722E-02   5.0941162136E-02   8.2826261911E-03  -1.9917438642E-02
   38     -6.1844665223E-03   4.3201648940E-02   8.2826261911E-03   3.6791144997E-02  -1.2652859744E-02
   39     -3.1321125640E-04  -7.7770672702E-03  -1.9917438642E-02  -1.2652859744E-02   1.3105061262E-01
   40     -5.8848825864E-03   4.0867896652E-03   5.7665369154E-03   2.5467249042E-03   1.1301222045E-01
   41      8.6044100372E-03   4.1001120077E-04  -1.7099041029E-03   1.5492634371E-03   8.0199051244E-02
                   40                 41        
     0     -2.3207586761E-04  -3.8052563696E-05
     1     -9.8186396719E-05  -4.5299125363E-05
     2     -2.1261071126E-05   2.4852194542E-05
     3      8.7618725903E-04   2.8513405589E-04
     4      2.8858109145E-04   1.4586833578E-04
     5      4.1264001670E-04   8.2803864364E-05
     6     -8.4250004806E-05  -1.3593652872E-04
     7      1.1131970303E-04   7.8947424544E-05
     8     -4.5922122665E-05  -1.4364935636E-04
     9     -6.9939975659E-04  -5.4722884207E-04
    10      7.4310579321E-04   1.1297935812E-03
    11      7.4787868212E-04  -3.2915503556E-04
    12     -2.6990279298E-03  -5.5784671115E-05
    13     -1.8689663013E-03   3.1235256065E-03
    14      2.7388590567E-03  -6.1026722081E-03
    15     -1.4134066175E-02  -6.5200209498E-03
    16     -1.4278095702E-02  -9.3861960414E-03
    17     -1.4122182960E-02   8.3190383545E-04
    18     -1.0373854869E-01  -7.3350745189E-02
    19     -2.1106807661E-01  -1.1349914940E-01
    20     -1.1240960878E-01  -1.1280499161E-01
    21     -1.4210680716E-05   7.5953080963E-05
    22      3.1643809282E-05   3.7633504071E-05
    23      3.7408315071E-05   1.0519644157E-05
    24     -4.9138493095E-06   1.7181287133E-06
    25     -5.0958683035E-05   2.2902473804E-05
    26     -3.6002209019E-05  -2.4926655733E-05
    27      5.8486554242E-04  -1.0663812782E-03
    28     -1.8423780697E-04   3.6551417356E-04
    29     -1.2471963728E-04   1.6885495173E-04
    30     -5.6438853193E-04   1.0595780541E-03
    31      3.0004929167E-04  -5.7335703947E-04
    32     -1.2827688357E-06   4.8500190735E-05
    33      3.5810061696E-03  -3.3094892543E-04
    34     -2.1633473024E-04  -5.8358121642E-03
    35     -5.8848825864E-03   8.6044100372E-03
    36      4.0867896652E-03   4.1001120077E-04
    37      5.7665369154E-03  -1.7099041029E-03
    38      2.5467249042E-03   1.5492634371E-03
    39      1.1301222045E-01   8.0199051244E-02
    40      2.2052361962E-01   1.2615394196E-01
    41      1.2615394196E-01   1.0808428671E-01

$vibrational_frequencies
42
    0        0.0000000000000000
    1        0.0000000000000000
    2        0.0000000000000000
    3        0.0000000000000000
    4        0.0000000000000000
    5        0.0000000000000000
    6       28.3472905088228586
    7       83.6921274409111930
    8      152.4078767190948156
    9      182.7877321125749290
   10      206.8490278497855286
   11      323.1633771245499815
   12      371.3025334331262002
   13      529.2089874229218367
   14      551.9020804155629776
   15      580.3961570611412526
   16      627.4351539513993430
   17      755.3357391155129790
   18      906.1209619052350490
   19      955.3758944311425694
   20      978.0551656385983961
   21      981.9646069268573001
   22     1033.9754021938417736
   23     1062.2244745450877872
   24     1079.3119485889699263
   25     1171.4502813087001414
   26     1222.2842088465658890
   27     1307.1579838285751975
   28     1346.1276979597046193
   29     1432.1983994595450440
   30     1458.4777163489172835
   31     1478.4428650267682315
   32     1528.5938860046055652
   33     1757.4830341345511897
   34     1781.1400523838437948
   35     3087.6252927743753389
   36     3142.7317774277862554
   37     3222.3031699795010354
   38     3236.0369231006734481
   39     3238.5977368045068943
   40     3327.9304543148359699
   41     3357.1583730345914773

$normal_modes
42 42
                    0                  1                  2                  3                  4        
    0      0.0000000000E+00   0.0000000000E+00   0.0000000000E+00   0.0000000000E+00   0.0000000000E+00
    1      0.0000000000E+00   0.0000000000E+00   0.0000000000E+00   0.0000000000E+00   0.0000000000E+00
    2      0.0000000000E+00   0.0000000000E+00   0.0000000000E+00   0.0000000000E+00   0.0000000000E+00
    3      0.0000000000E+00   0.0000000000E+00   0.0000000000E+00   0.0000000000E+00   0.0000000000E+00
    4      0.0000000000E+00   0.0000000000E+00   0.0000000000E+00   0.0000000000E+00   0.0000000000E+00
