
$orca_hessian_file

$act_atom
  0

$act_coord
  0

$act_energy
        0.000000

$multiplicity
  1

$hessian
42
                    0                  1                  2                  3                  4        
    0      1.5233531013E-01  -4.7517752236E-02   1.7803659480E-01  -5.7561782956E-02   6.5981822347E-02
    1     -4.7517752236E-02   8.3379958521E-01   2.1587081259E-03   9.5580506836E-02  -4.6328039224E-01
    2      1.7803659480E-01   2.1587081259E-03   6.3326242892E-01  -3.4686586102E-02   8.4634046485E-02
    3     -5.7561782956E-02   9.5580506836E-02  -3.4686586102E-02   2.4207999413E-01  -2.0941208539E-02
    4      6.5981822347E-02  -4.6328039224E-01   8.4634046485E-02  -2.0941208539E-02   7.8250759683E-01
    5     -4.7519390717E-02   7.9221844564E-02  -9.7591754783E-02   1.0985284596E-01   2.5994285455E-02
    6     -3.2941382187E-03   4.3099378958E-03  -1.1233136151E-02  -2.1806007734E-02   9.4717693782E-03
    7      7.5413995093E-03  -4.7255623596E-03   2.1737727313E-02   6.9576006221E-03  -3.1418125081E-02
    8     -6.9024280529E-03   5.2116908361E-03  -2.0572528717E-02  -1.9691015916E-02   3.7461405161E-02
    9      3.2896612421E-02  -1.3466671775E-02  -2.9442973951E-03  -8.7637234237E-02  -4.8542726693E-02
   10      1.7009744873E-02  -7.1573904656E-02  -4.1272818609E-02  -3.7763807148E-02  -2.3502799627E-01
   11      1.3553667442E-02  -2.4730087844E-02   4.8254394577E-03  -3.0714987558E-02  -1.3865324856E-01
   12     -4.2025075347E-02   2.7825944355E-02   3.4695531801E-03  -3.2137182390E-02  -9.0725991293E-02
   13      5.4056183301E-03  -9.5138815646E-04  -1.0797424979E-03  -2.8753519130E-02  -1.5000582937E-02
   14     -1.4506002980E-03   1.0606442997E-03  -1.1588501943E-03  -2.0469181791E-02  -1.1346580908E-02
   15     -8.7030296991E-03  -2.6435408757E-03  -2.8550362692E-03  -1.6816306399E-02   4.3408968194E-03
   16     -5.0372046147E-02   1.4307291357E-02  -8.0236287018E-04  -8.4557993131E-04  -4.5968480357E-02
   17     -1.6190665611E-02   8.7007177841E-03   1.1019913373E-04  -3.6999723609E-03  -1.5298850969E-02
   18      4.2117183066E-02  -2.1884016915E-02   4.7281102644E-03  -2.5101136280E-02   5.6492597697E-02
   19      3.0964659639E-02  -1.6025742803E-02   8.2094570819E-04  -9.3184434229E-03   2.5779113481E-02
   20      1.5923537439E-02  -4.7742365003E-03  -1.0335715623E-02  -1.4284821036E-03   1.3231671134E-02
   21     -4.2345027300E-02   1.7791799700E-02  -7.8309103110E-02   7.2536698238E-04   1.3026244307E-02
   22      2.4264143605E-02  -7.8850108111E-02   7.2436593988E-02   6.7296266106E-03  -4.8249955416E-03
   23     -8.3997970206E-02   7.9613422074E-02  -3.2381393450E-01  -1.4339314948E-03  -5.0156037776E-03
   24     -5.5435479776E-02  -6.2902358010E-02  -6.0829885631E-02   6.8390831637E-04   1.1774059469E-02
   25     -5.0565221796E-02  -2.1423439927E-01  -1.4014735811E-01  -1.2617030012E-02  -1.3305193337E-02
   26     -5.7745992704E-02  -1.4525766828E-01  -1.8426140515E-01   2.9426097491E-03   6.5103211734E-03
   27      2.3129249842E-03  -2.5480595371E-03  -1.1160719270E-03   3.6518380421E-03   7.9563041431E-03
   28      3.6334479446E-04  -4.1526809665E-04  -3.5267423428E-04  -6.4661042942E-04   1.4691373407E-03
   29     -3.2936755349E-04   1.4592963964E-04   2.2650010357E-04  -8.0437203015E-04  -1.4192672248E-03
   30     -4.7607421442E-04  -4.6367168884E-04  -8.1506693620E-04  -4.4492078637E-03  -1.3527291396E-03
   31      4.9283238718E-04   1.4680630596E-04  -2.5700751370E-04  -1.2486149238E-03   7.5131053425E-04
   32     -2.1384671272E-04   2.6284191105E-04   2.0930710061E-04   1.3979753236E-03   5.8096950739E-04
   33      1.0121548240E-03  -4.2440952297E-04  -3.2155500093E-04   7.8051447412E-04   1.6735742087E-03
   34      1.5371765338E-04   2.8218334444E-04  -1.6641557698E-05  -4.0206448300E-04  -7.0954003120E-04
   35      8.1469876061E-05   2.2990657770E-04  -8.8340235038E-05   3.6933952751E-04  -1.4759010125E-04
   36     -5.0219034785E-03   3.4073528264E-03  -7.4717329028E-04   9.5271624104E-04  -9.4123136200E-04
   37     -2.0047043464E-03   1.1052807426E-03   3.6408349551E-04   6.5458779459E-04  -6.5529055797E-04
   38      2.9352139591E-03  -1.6109833725E-03   5.1191951321E-04  -2.2363353237E-04   1.1444811471E-03
   39     -1.5811674439E-02   2.9171389439E-03   7.6191870942E-03  -3.3654803213E-03  -8.2270693779E-03
   40     -1.6997586080E-03   4.1561873723E-04   1.7806373287E-03   2.6282441923E-03  -3.1656183207E-04
   41      3.8242448205E-03  -2.3686686657E-04  -1.3232650252E-03  -1.4300787529E-03   2.3228645981E-03
                    5                  6                  7                  8                  9        
    0     -4.7519390717E-02  -3.2941382187E-03   7.5413995093E-03  -6.9024280529E-03   3.2896612421E-02
    1      7.9221844564E-02   4.3099378958E-03  -4.7255623596E-03   5.2116908361E-03  -1.3466671775E-02
    2     -9.7591754783E-02  -1.1233136151E-02   2.1737727313E-02  -2.0572528717E-02  -2.9442973951E-03
    3      1.0985284596E-01  -2.1806007734E-02   6.9576006221E-03  -1.9691015916E-02  -8.7637234237E-02
    4      2.5994285455E-02   9.4717693782E-03  -3.1418125081E-02   3.7461405161E-02  -4.8542726693E-02
    5      3.1531852511E-01  -1.1977078640E-02   1.6202836370E-02  -5.6238948504E-02  -3.0389854811E-02
    6     -1.1977078640E-02   2.5399658840E-02  -1.1381021073E-02   4.4098361008E-02  -5.3839839986E-03
    7      1.6202836370E-02  -1.1381021073E-02   3.1440822983E-02  -2.9457407892E-02  -4.9051993168E-03
    8     -5.6238948504E-02   4.4098361008E-02  -2.9457407892E-02   1.1694540162E-01  -1.9520334102E-02
    9     -3.0389854811E-02  -5.3839839986E-03  -4.9051993168E-03  -1.9520334102E-02   1.9255656280E-01
   10     -1.1835379390E-01  -5.8671417065E-03   6.8295038816E-03  -1.8175417934E-02   5.9876144605E-02
   11     -1.6313324229E-01  -1.6699550655E-02  -9.3408983669E-03  -3.9693698547E-02   1.0456666027E-02
   12     -5.0368581254E-02   1.6802150671E-03   2.1659116312E-04   6.0821851594E-03  -7.6203072583E-03
   13      9.3207878794E-04   5.6359305217E-04  -3.0373798780E-04   3.3944501987E-03  -1.8431026222E-02
   14      8.4785603069E-04  -2.2617883567E-03  -1.2696687091E-03  -3.0330147273E-03   2.8640307298E-02
   15      1.4697053197E-03   1.1463192370E-03   3.8413312025E-04  -1.7153145457E-03  -4.9838559139E-02
   16     -1.5203634525E-02  -3.7898117750E-04   6.8625766121E-04  -1.1681277400E-03   5.4119524798E-02
   17     -1.8054895598E-03  -6.4322018107E-04  -2.5766386945E-07   1.4332301776E-03   1.9742706133E-02
   18      1.3605116899E-02   2.1716726497E-03  -1.2474152815E-03   1.5471907687E-03  -3.2274053434E-02
   19      3.4093289158E-03   2.0512886864E-03  -5.0184054185E-04   6.4844635021E-04  -1.8025915261E-02
   20      3.1613162799E-03  -1.1565168787E-03   7.1073128892E-04  -1.7036647774E-03  -1.5497156118E-02
   21     -9.7368935312E-03   2.9679766799E-03   1.9153619891E-03  -2.8230056845E-03  -8.4703665533E-03
   22      2.5709442457E-02   1.4967336518E-03  -2.2824431940E-03   2.4748644026E-03   1.5371671249E-04
   23     -3.0398670726E-03  -1.2247066153E-03   5.2412270798E-04   1.3514066801E-03   3.3759286314E-03
   24      8.6334646626E-03  -1.7989240327E-03   2.7415274807E-04   1.0417236298E-03   7.2412387207E-03
   25     -2.0908686452E-02   1.5795424144E-04   8.7870754071E-05   5.3422487964E-04   2.2460767884E-03
   26      3.1939816217E-03   4.9035599728E-04   1.6728559676E-03  -8.2443954935E-04  -2.6634661646E-03
   27      8.9667922613E-03  -4.7104704475E-04   3.8019098703E-04  -1.3772723167E-03  -2.6456092457E-02
   28      4.2106625910E-03   5.8848483357E-05  -1.9473153181E-05  -3.9577717692E-04  -9.4455753537E-03
   29     -1.9039835507E-04   2.1254138568E-04  -1.9046090282E-05   7.8994533705E-04   5.7121618220E-03
   30      3.2415097804E-03  -1.1675281190E-05   1.9192016344E-05  -2.5308265888E-04  -1.7702626504E-02
   31      1.8687006933E-03   9.8814343569E-05   4.3993105332E-05  -1.0991997487E-04  -5.0869874292E-03
   32     -4.2465558045E-04  -2.0620788754E-04  -9.1818837781E-05   1.8115831477E-04   4.8430485005E-03
   33     -5.6600003071E-05  -5.2814866638E-04   3.9431078873E-05  -3.0704804480E-04  -1.3827530020E-03
   34     -5.7831466447E-04  -1.5195850728E-04   8.4106759718E-05  -4.3556922136E-05   7.3263058434E-04
   35      4.0358672566E-05   9.8338668613E-05  -6.3717069033E-05   1.8232225236E-04  -1.6513520246E-04
   36      3.4966771751E-04  -3.9997244702E-04  -4.1939751679E-05  -7.0493923082E-06   1.2307789322E-03
   37     -6.9877922705E-04  -1.3431632491E-04   9.6283068016E-05  -1.9139596846E-04   5.2766935007E-04
   38     -8.5270195871E-04  -2.5400125294E-04   2.9736896687E-05   2.9792078010E-04  -1.3937745258E-03
   39      3.9487674445E-03   3.2805495019E-04  -1.4450235609E-04  -1.6700642376E-04   2.8407837090E-03
   40     -1.8048741861E-03  -3.0349639803E-04  -1.7655896057E-05  -1.7854732018E-04   2.1944548723E-04
   41      7.1502038369E-04   7.5070612931E-04  -6.4012681364E-04   8.8490965815E-04  -2.0555187835E-04
                   10                 11                 12                 13                 14        
    0      1.7009744873E-02   1.3553667442E-02  -4.2025075347E-02   5.4056183301E-03  -1.4506002980E-03
    1     -7.1573904656E-02  -2.4730087844E-02   2.7825944355E-02  -9.5138815646E-04   1.0606442997E-03
    2     -4.1272818609E-02   4.8254394577E-03   3.4695531801E-03  -1.0797424979E-03  -1.1588501943E-03
    3     -3.7763807148E-02  -3.0714987558E-02  -3.2137182390E-02  -2.8753519130E-02  -2.0469181791E-02
    4     -2.3502799627E-01  -1.3865324856E-01  -9.0725991293E-02  -1.5000582937E-02  -1.1346580908E-02
    5     -1.1835379390E-01  -1.6313324229E-01  -5.0368581254E-02   9.3207878794E-04   8.4785603069E-04
    6     -5.8671417065E-03  -1.6699550655E-02   1.6802150671E-03   5.6359305217E-04  -2.2617883567E-03
    7      6.8295038816E-03  -9.3408983669E-03   2.1659116312E-04  -3.0373798780E-04  -1.2696687091E-03
    8     -1.8175417934E-02  -3.9693698547E-02   6.0821851594E-03   3.3944501987E-03  -3.0330147273E-03
    9      5.9876144605E-02   1.0456666027E-02  -7.6203072583E-03  -1.8431026222E-02   2.8640307298E-02
   10      3.5163237655E-01   1.7889928072E-01   4.4958441280E-02  -6.1240352694E-02  -4.0389523214E-03
   11      1.7889928072E-01   2.4852243919E-01   3.9745253299E-02  -1.4194342764E-02  -6.2349152857E-02
   12      4.4958441280E-02   3.9745253299E-02   2.2494855286E-01  -3.8841494103E-02   6.0763790054E-02
   13     -6.1240352694E-02  -1.4194342764E-02  -3.8841494103E-02   6.4913616385E-01   4.7021637292E-02
   14     -4.0389523214E-03  -6.2349152857E-02   6.0763790054E-02   4.7021637292E-02   6.6615932209E-01
   15      9.6709055719E-03  -1.6656110543E-03  -1.0986130766E-01   9.1538777627E-02  -3.1006545821E-02
   16      3.9068302827E-02   1.3920128020E-02   5.1437185431E-02  -2.2517322698E-01   2.4647040632E-02
   17      1.9342601933E-03   5.1889331004E-03  -4.2586820799E-02   3.0909242793E-02  -1.1170523264E-01
   18     -3.4623019492E-02  -1.5800561637E-02   4.5206901270E-02   8.5500118144E-03   1.2259069578E-02
   19     -1.7378142741E-02  -6.7893121434E-03   2.3684244115E-02  -3.7443303591E-02  -2.1417732259E-02
   20     -1.0713436603E-02  -3.4358033966E-03   1.8613074614E-02  -2.3724707538E-03   9.8247123192E-03
   21     -5.2012071448E-03  -2.0403539873E-04   5.3329127002E-03  -1.6200381950E-03   3.0726262716E-04
   22      2.9921657032E-03  -1.0155414163E-03  -5.8693802497E-04  -5.2843267385E-04   4.4424345305E-04
   23      3.7862283960E-04   9.0615349290E-04  -1.9712203229E-03   9.2638219921E-04   1.1711878298E-04
   24     -9.9617926984E-04  -5.0124326365E-03   9.6208973823E-04   2.1191527980E-03  -2.8771209412E-04
   25     -6.0433772711E-03   3.2659805328E-04   1.4738923292E-03   4.5208034468E-04  -1.5484753681E-04
   26      3.0382006635E-03   4.0023660178E-03  -9.3414052130E-04  -6.0648511398E-04   6.7341973289E-05
   27     -2.1402072303E-02   2.5712747593E-02  -3.6200359329E-02  -2.6510295568E-04  -5.6029106720E-03
   28     -4.4183195645E-03   6.6963618580E-03   4.0877510361E-03  -8.9656199339E-02   8.4195396850E-02
   29      2.2262597558E-03  -3.7242101486E-04  -5.2132474884E-04   8.7576497360E-02  -3.0789976267E-01
   30     -2.7913875278E-02  -2.0674475710E-02  -4.7414474716E-02  -2.4004718364E-02  -2.4448660719E-02
   31     -6.4750003217E-03  -5.4851049182E-03  -2.7029102054E-02  -2.1488817776E-01  -1.4165781713E-01
   32      7.2516078671E-03   5.9273693202E-03  -3.2701107997E-02  -1.4788347031E-01  -1.8918289132E-01
   33     -2.6831533730E-03   9.5817203527E-05   4.3795854145E-04   2.9242849118E-03  -1.4689056056E-02
   34      2.1921095699E-04  -6.1197712846E-04   7.2974299743E-03  -3.7655585715E-03   2.7327023694E-02
   35      5.2998284995E-04   3.0406887752E-04   7.8835029875E-04  -1.5636961418E-03  -1.0661088735E-03
   36     -7.3242978540E-04  -1.0464480228E-04   6.9141608257E-03   2.1534032471E-03  -4.2536987561E-03
   37      9.0251792329E-04   6.0980418202E-04  -1.1533160342E-03  -2.2601682309E-03  -4.7732482224E-03
   38     -2.4745391304E-04  -2.2588711995E-04  -2.2819175229E-03  -4.2928765778E-03  -1.1174991180E-03
   39      5.6965428976E-03   1.3208996728E-03  -1.0224084308E-02  -1.3480594676E-03   2.4701026505E-03
   40      5.1301566830E-04   3.8150773632E-04  -2.6355215185E-03   1.6228847267E-03  -3.5668195900E-05
   41     -1.4695090477E-03  -4.6656423366E-04   1.9325289157E-03   1.2313245816E-03   4.9616120321E-04
                   15                 16                 17                 18                 19        
    0     -8.7030296991E-03  -5.0372046147E-02  -1.6190665611E-02   4.2117183066E-02   3.0964659639E-02
    1     -2.6435408757E-03   1.4307291357E-02   8.7007177841E-03  -2.1884016915E-02  -1.6025742803E-02
    2     -2.8550362692E-03  -8.0236287018E-04   1.1019913373E-04   4.7281102644E-03   8.2094570819E-04
    3     -1.6816306399E-02  -8.4557993131E-04  -3.6999723609E-03  -2.5101136280E-02  -9.3184434229E-03
    4      4.3408968194E-03  -4.5968480357E-02  -1.5298850969E-02   5.6492597697E-02   2.5779113481E-02
    5      1.4697053197E-03  -1.5203634525E-02  -1.8054895598E-03   1.3605116899E-02   3.4093289158E-03
    6      1.1463192370E-03  -3.7898117750E-04  -6.4322018107E-04   2.1716726497E-03   2.0512886864E-03
    7      3.8413312025E-04   6.8625766121E-04  -2.5766386945E-07  -1.2474152815E-03  -5.0184054185E-04
    8     -1.7153145457E-03  -1.1681277400E-03   1.4332301776E-03   1.5471907687E-03   6.4844635021E-04
    9     -4.9838559139E-02   5.4119524798E-02   1.9742706133E-02  -3.2274053434E-02  -1.8025915261E-02
   10      9.6709055719E-03   3.9068302827E-02   1.9342601933E-03  -3.4623019492E-02  -1.7378142741E-02
   11     -1.6656110543E-03   1.3920128020E-02   5.1889331004E-03  -1.5800561637E-02  -6.7893121434E-03
   12     -1.0986130766E-01   5.1437185431E-02  -4.2586820799E-02   4.5206901270E-02   2.3684244115E-02
   13      9.1538777627E-02  -2.2517322698E-01   3.0909242793E-02   8.5500118144E-03  -3.7443303591E-02
   14     -3.1006545821E-02   2.4647040632E-02  -1.1170523264E-01   1.2259069578E-02  -2.1417732259E-02
   15      3.0536590657E-01  -1.1908303496E-01   1.7851641346E-01  -6.2243383608E-02  -1.0667018956E-02
   16     -1.1908303496E-01   6.3528402465E-01   1.3753929781E-01   2.2950848951E-02  -3.2653549440E-01
   17      1.7851641346E-01   1.3753929781E-01   6.9745357145E-01  -3.3604473986E-02  -2.0177379810E-01
   18     -6.2243383608E-02   2.2950848951E-02  -3.3604473986E-02   1.7903704462E-01  -1.4525677417E-01
   19     -1.0667018956E-02  -3.2653549440E-01  -2.0177379810E-01  -1.4525677417E-01   7.2780918927E-01
   20     -4.2518491743E-02  -1.9343451932E-01  -2.8420363039E-01   1.3234837084E-01   1.1627512828E-01
   21     -2.0517876991E-03   4.0565931548E-03   4.2604430339E-03  -1.2809643757E-02  -9.0096007250E-03
   22     -1.3467319956E-03  -3.6332128774E-04   1.1177888330E-03  -2.4986901067E-03  -1.0357396974E-03
   23     -1.7224922191E-03  -2.9564165553E-03   1.3263410633E-03   1.9688841609E-03   1.2486457998E-03
   24     -1.1479292861E-03   3.2640121780E-04   9.5661915449E-04  -1.6784945587E-03  -2.8295185589E-03
   25     -5.4094148618E-04   1.1061025224E-04   4.9545837244E-04  -2.6689153558E-05  -1.6630749949E-04
   26      7.0601148294E-05  -4.5367884251E-04  -2.6066579044E-04   1.4444522131E-03   1.3792921735E-03
   27      6.1280869582E-05   1.1097104749E-02  -1.8561026639E-02  -3.9933879460E-03  -3.3411628230E-03
   28      1.0603611661E-03  -4.8555157782E-03   2.5868878731E-02  -1.8525788182E-04   1.1809089628E-03
   29     -1.5063089757E-03  -2.7294894909E-05  -1.9489077965E-03   3.2194605737E-04  -7.5219084599E-04
   30      6.8354859945E-03   1.4920759156E-02   1.5033308435E-02  -1.2813718524E-03   5.0484963928E-03
   31     -5.2411510914E-03  -1.3716963172E-02  -1.8240416904E-02   2.7875565370E-03  -4.1980775247E-03
   32      1.3109109538E-03   6.9734774778E-03   6.0939644521E-03  -5.3425083347E-04   7.6495456939E-04
   33     -7.2465067807E-02   2.4539885410E-02  -9.3462407760E-02   1.9622862395E-03   1.6656756263E-03
   34      2.7337831139E-02  -6.3709486187E-02   4.6167117657E-02  -8.2358206990E-03   7.3873438983E-03
   35     -1.0257219203E-01   4.1971445309E-02  -3.0697088262E-01  -6.3007893231E-03   5.5206995079E-03
   36      8.4972740108E-03  -6.0087821538E-03   6.2418588242E-04  -8.4624807842E-02   1.1179174716E-01
   37      1.2779130190E-02  -1.6209382893E-02   8.8218718467E-03   1.0425180363E-01  -2.9193399642E-01
   38      9.3786576024E-03  -1.8436864952E-02   8.2178650636E-03  -3.3155480049E-02   5.9513941663E-02
   39      1.2211046139E-03  -6.7721206915E-03  -1.0381945112E-02  -4.6488808566E-02   2.3255618883E-02
   40     -7.5773740670E-03   7.0753843014E-03  -2.6247101558E-02   1.8911568497E-02  -6.6937910392E-02
   41     -5.1874394729E-03   7.4373016206E-03  -1.2929295636E-02  -7.8837479664E-02   4.1189315426E-02
                   20                 21                 22                 23                 24        
    0      1.5923537439E-02  -4.2345027300E-02   2.4264143605E-02  -8.3997970206E-02  -5.5435479776E-02
    1     -4.7742365003E-03   1.7791799700E-02  -7.8850108111E-02   7.9613422074E-02  -6.2902358010E-02
    2     -1.0335715623E-02  -7.8309103110E-02   7.2436593988E-02  -3.2381393450E-01  -6.0829885631E-02
    3     -1.4284821036E-03   7.2536698238E-04   6.7296266106E-03  -1.4339314948E-03   6.8390831637E-04
    4      1.3231671134E-02   1.3026244307E-02  -4.8249955416E-03  -5.0156037776E-03   1.1774059469E-02
    5      3.1613162799E-03  -9.7368935312E-03   2.5709442457E-02  -3.0398670726E-03   8.6334646626E-03
    6     -1.1565168787E-03   2.9679766799E-03   1.4967336518E-03  -1.2247066153E-03  -1.7989240327E-03
    7      7.1073128892E-04   1.9153619891E-03  -2.2824431940E-03   5.2412270798E-04   2.7415274807E-04
    8     -1.7036647774E-03  -2.8230056845E-03   2.4748644026E-03   1.3514066801E-03   1.0417236298E-03
    9     -1.5497156118E-02  -8.4703665533E-03   1.5371671249E-04   3.3759286314E-03   7.2412387207E-03
   10     -1.0713436603E-02  -5.2012071448E-03   2.9921657032E-03   3.7862283960E-04  -9.9617926984E-04
   11     -3.4358033966E-03  -2.0403539873E-04  -1.0155414163E-03   9.0615349290E-04  -5.0124326365E-03
   12      1.8613074614E-02   5.3329127002E-03  -5.8693802497E-04  -1.9712203229E-03   9.6208973823E-04
   13     -2.3724707538E-03  -1.6200381950E-03  -5.2843267385E-04   9.2638219921E-04   2.1191527980E-03
   14      9.8247123192E-03   3.0726262716E-04   4.4424345305E-04   1.1711878298E-04  -2.8771209412E-04
   15     -4.2518491743E-02  -2.0517876991E-03  -1.3467319956E-03  -1.7224922191E-03  -1.1479292861E-03
   16     -1.9343451932E-01   4.0565931548E-03  -3.6332128774E-04  -2.9564165553E-03   3.2640121780E-04
   17     -2.8420363039E-01   4.2604430339E-03   1.1177888330E-03   1.3263410633E-03   9.5661915449E-04
   18      1.3234837084E-01  -1.2809643757E-02  -2.4986901067E-03   1.9688841609E-03  -1.6784945587E-03
   19      1.1627512828E-01  -9.0096007250E-03  -1.0357396974E-03   1.2486457998E-03  -2.8295185589E-03
   20      7.0629013559E-01   4.6416325764E-03   9.1884872534E-04  -8.9227716667E-04  -3.1651940668E-03
   21      4.6416325764E-03   5.6664450313E-02  -2.3506602184E-02   8.7213082343E-02   1.8556253080E-04
   22      9.1884872534E-04  -2.3506602184E-02   7.5332526844E-02  -8.2100118708E-02  -5.3376613811E-03
   23     -8.9227716667E-04   8.7213082343E-02  -8.2100118708E-02   3.3346854669E-01  -2.8099631016E-03
   24     -3.1651940668E-03   1.8556253080E-04  -5.3376613811E-03  -2.8099631016E-03   5.0118467771E-02
   25     -7.9995443653E-04   2.7710949846E-03   9.4695913874E-03   7.5505124172E-03   5.7414237521E-02
   26      1.2606481092E-03  -4.9713414332E-03  -1.9352131506E-02  -9.5498292658E-03   6.1804525230E-02
   27     -7.5924359268E-04  -6.4312866357E-04   6.1644229930E-05   1.4876495522E-04   1.8252840335E-04
   28      2.6797853228E-04  -1.0672378919E-04   5.9128002597E-05  -2.0944262255E-05   9.8453810016E-05
   29      1.1103339263E-03  -2.4338117236E-05  -9.3485808134E-05  -5.0603602973E-05  -4.8399895502E-05
   30     -2.2483554253E-03  -1.9376493326E-04   4.0899860955E-05   1.1284684860E-04   2.1240486953E-04
   31      1.9199969128E-03  -1.3161577060E-04  -1.4815754827E-05  -2.0288570228E-05   1.1799877865E-04
   32      5.0983822055E-04   1.0406509937E-04   2.3021345947E-06  -2.9559400239E-05  -1.0526687500E-04
   33     -2.4012313853E-03   2.5867764202E-07  -3.7809730349E-05   3.6347465276E-04  -1.1833811830E-04
   34     -2.7029452706E-02  -1.0520773168E-04   1.0852689975E-04   1.7224588285E-04   9.5063976552E-05
   35     -1.5791766228E-02  -2.8877970951E-04  -1.5478053407E-04  -5.5625021943E-05   1.1786203483E-04
   36     -3.0159946860E-02   3.8427838291E-04   4.2477316867E-04   1.6859820601E-04  -3.2548534544E-05
   37      5.7702896843E-02   2.7807233680E-05   1.5853054100E-04  -1.8795152398E-04   1.4196524813E-04
   38     -7.3813213507E-02   2.7717611604E-05  -2.9806632767E-04   1.2956838171E-04  -3.2394500352E-04
   39     -7.2182102590E-02   2.5291263902E-04   1.4571061019E-04  -1.9391442143E-04   6.2551395637E-04
   40      4.8059153558E-02   8.9279144192E-05  -2.2061311796E-04  -1.1559091696E-04  -2.9763453584E-04
   41     -3.3198091335E-01  -1.9408772318E-04  -8.6999299066E-05   1.3256093101E-04   3.0296787980E-05
                   25                 26                 27                 28                 29        
    0     -5.0565221796E-02  -5.7745992704E-02   2.3129249842E-03   3.6334479446E-04  -3.2936755349E-04
    1     -2.1423439927E-01  -1.4525766828E-01  -2.5480595371E-03  -4.1526809665E-04   1.4592963964E-04
    2     -1.4014735811E-01  -1.8426140515E-01  -1.1160719270E-03  -3.5267423428E-04   2.2650010357E-04
    3     -1.2617030012E-02   2.9426097491E-03   3.6518380421E-03  -6.4661042942E-04  -8.0437203015E-04
    4     -1.3305193337E-02   6.5103211734E-03   7.9563041431E-03   1.4691373407E-03  -1.4192672248E-03
    5     -2.0908686452E-02   3.1939816217E-03   8.9667922613E-03   4.2106625910E-03  -1.9039835507E-04
    6      1.5795424144E-04   4.9035599728E-04  -4.7104704475E-04   5.8848483357E-05   2.1254138568E-04
    7      8.7870754071E-05   1.6728559676E-03   3.8019098703E-04  -1.9473153181E-05  -1.9046090282E-05
    8      5.3422487964E-04  -8.2443954935E-04  -1.3772723167E-03  -3.9577717692E-04   7.8994533705E-04
    9      2.2460767884E-03  -2.6634661646E-03  -2.6456092457E-02  -9.4455753537E-03   5.7121618220E-03
   10     -6.0433772711E-03   3.0382006635E-03  -2.1402072303E-02  -4.4183195645E-03   2.2262597558E-03
   11      3.2659805328E-04   4.0023660178E-03   2.5712747593E-02   6.6963618580E-03  -3.7242101486E-04
   12      1.4738923292E-03  -9.3414052130E-04  -3.6200359329E-02   4.0877510361E-03  -5.2132474884E-04
   13      4.5208034468E-04  -6.0648511398E-04  -2.6510295568E-04  -8.9656199339E-02   8.7576497360E-02
   14     -1.5484753681E-04   6.7341973289E-05  -5.6029106720E-03   8.4195396850E-02  -3.0789976267E-01
   15     -5.4094148618E-04   7.0601148294E-05   6.1280869582E-05   1.0603611661E-03  -1.5063089757E-03
   16      1.1061025224E-04  -4.5367884251E-04   1.1097104749E-02  -4.8555157782E-03  -2.7294894909E-05
   17      4.9545837244E-04  -2.6066579044E-04  -1.8561026639E-02   2.5868878731E-02  -1.9489077965E-03
   18     -2.6689153558E-05   1.4444522131E-03  -3.9933879460E-03  -1.8525788182E-04   3.2194605737E-04
   19     -1.6630749949E-04   1.3792921735E-03  -3.3411628230E-03   1.1809089628E-03  -7.5219084599E-04
   20     -7.9995443653E-04   1.2606481092E-03  -7.5924359268E-04   2.6797853228E-04   1.1103339263E-03
   21      2.7710949846E-03  -4.9713414332E-03  -6.4312866357E-04  -1.0672378919E-04  -2.4338117236E-05
   22      9.4695913874E-03  -1.9352131506E-02   6.1644229930E-05   5.9128002597E-05  -9.3485808134E-05
   23      7.5505124172E-03  -9.5498292658E-03   1.4876495522E-04  -2.0944262255E-05  -5.0603602973E-05
   24      5.7414237521E-02   6.1804525230E-02   1.8252840335E-04   9.8453810016E-05  -4.8399895502E-05
   25      2.2378176200E-01   1.5294652137E-01  -1.5073352434E-04  -6.3702975122E-05   4.2729603617E-06
   26      1.5294652137E-01   1.8620782274E-01  -5.5106624206E-06  -2.4534320962E-05  -1.9802215140E-05
   27     -1.5073352434E-04  -5.5106624206E-06   5.8423327003E-02   1.7701165652E-03  -3.1325832733E-03
   28     -6.3702975122E-05  -2.4534320962E-05   1.7701165652E-03   8.9483759358E-02  -9.7116897290E-02
   29      4.2729603617E-06  -1.9802215140E-05  -3.1325832733E-03  -9.7116897290E-02   3.2179217343E-01
   30     -7.5263269640E-05  -3.5840878916E-05   1.7789988900E-03   1.0087220978E-03  -3.3545645511E-04
   31     -1.7687738859E-05  -1.8525817788E-05   2.5928391383E-03   1.0865956589E-02   8.4555035287E-03
   32      3.5267022194E-05   1.5282552550E-05  -4.0857489221E-03  -2.2578608789E-02  -1.4547686585E-02
   33     -6.9853777189E-05   1.3151946855E-04   5.6328598152E-04   1.6624751491E-03   1.6937691108E-04
   34     -6.1142982147E-06   4.3564340490E-05   4.0439779696E-03  -3.5691015059E-03   5.0926680406E-04
   35     -2.5583602879E-06   8.3818447536E-05  -9.5420684094E-04   3.4111343553E-04   8.8374894627E-04
   36     -1.6487859937E-05  -2.4028894783E-04  -4.2901153383E-04   4.2708588340E-04  -3.1786399826E-04
   37      4.8106929466E-05   7.5237194997E-06  -2.3355670941E-04   2.8589632491E-04  -7.7329624723E-05
   38      5.2868836771E-05  -4.7382050272E-05   1.9640169018E-04  -5.0583887070E-04   1.8310737764E-04
   39      8.3120341916E-07  -2.8917468917E-04   1.2188428003E-03  -1.5763021715E-04   6.0526586603E-04
   40     -1.1323928298E-04   1.0804049727E-04   4.3148756437E-05  -3.4720616522E-04   5.8409696151E-04
   41      7.4384951316E-05   1.3226256256E-04   5.6859135158E-04  -5.8143228497E-04   4.3773114185E-05
                   30                 31                 32                 33                 34        
    0     -4.7607421442E-04   4.9283238718E-04  -2.1384671272E-04   1.0121548240E-03   1.5371765338E-04
    1     -4.6367168884E-04   1.4680630596E-04   2.6284191105E-04  -4.2440952297E-04   2.8218334444E-04
    2     -8.1506693620E-04  -2.5700751370E-04   2.0930710061E-04  -3.2155500093E-04  -1.6641557698E-05
    3     -4.4492078637E-03  -1.2486149238E-03   1.3979753236E-03   7.8051447412E-04  -4.0206448300E-04
    4     -1.3527291396E-03   7.5131053425E-04   5.8096950739E-04   1.6735742087E-03  -7.0954003120E-04
    5      3.2415097804E-03   1.8687006933E-03  -4.2465558045E-04  -5.6600003071E-05  -5.7831466447E-04
    6     -1.1675281190E-05   9.8814343569E-05  -2.0620788754E-04  -5.2814866638E-04  -1.5195850728E-04
    7      1.9192016344E-05   4.3993105332E-05  -9.1818837781E-05   3.9431078873E-05   8.4106759718E-05
    8     -2.5308265888E-04  -1.0991997487E-04   1.8115831477E-04  -3.0704804480E-04  -4.3556922136E-05
    9     -1.7702626504E-02  -5.0869874292E-03   4.8430485005E-03  -1.3827530020E-03   7.3263058434E-04
   10     -2.7913875278E-02  -6.4750003217E-03   7.2516078671E-03  -2.6831533730E-03   2.1921095699E-04
   11     -2.0674475710E-02  -5.4851049182E-03   5.9273693202E-03   9.5817203527E-05  -6.1197712846E-04
   12     -4.7414474716E-02  -2.7029102054E-02  -3.2701107997E-02   4.3795854145E-04   7.2974299743E-03
   13     -2.4004718364E-02  -2.1488817776E-01  -1.4788347031E-01   2.9242849118E-03  -3.7655585715E-03
   14     -2.4448660719E-02  -1.4165781713E-01  -1.8918289132E-01  -1.4689056056E-02   2.7327023694E-02
   15      6.8354859945E-03  -5.2411510914E-03   1.3109109538E-03  -7.2465067807E-02   2.7337831139E-02
   16      1.4920759156E-02  -1.3716963172E-02   6.9734774778E-03   2.4539885410E-02  -6.3709486187E-02
   17      1.5033308435E-02  -1.8240416904E-02   6.0939644521E-03  -9.3462407760E-02   4.6167117657E-02
   18     -1.2813718524E-03   2.7875565370E-03  -5.3425083347E-04   1.9622862395E-03  -8.2358206990E-03
   19      5.0484963928E-03  -4.1980775247E-03   7.6495456939E-04   1.6656756263E-03   7.3873438983E-03
   20     -2.2483554253E-03   1.9199969128E-03   5.0983822055E-04  -2.4012313853E-03  -2.7029452706E-02
   21     -1.9376493326E-04  -1.3161577060E-04   1.0406509937E-04   2.5867764202E-07  -1.0520773168E-04
   22      4.0899860955E-05  -1.4815754827E-05   2.3021345947E-06  -3.7809730349E-05   1.0852689975E-04
   23      1.1284684860E-04  -2.0288570228E-05  -2.9559400239E-05   3.6347465276E-04   1.7224588285E-04
   24      2.1240486953E-04   1.1799877865E-04  -1.0526687500E-04  -1.1833811830E-04   9.5063976552E-05
   25     -7.5263269640E-05  -1.7687738859E-05   3.5267022194E-05  -6.9853777189E-05  -6.1142982147E-06
   26     -3.5840878916E-05  -1.8525817788E-05   1.5282552550E-05   1.3151946855E-04   4.3564340490E-05
   27      1.7789988900E-03   2.5928391383E-03  -4.0857489221E-03   5.6328598152E-04   4.0439779696E-03
   28      1.0087220978E-03   1.0865956589E-02  -2.2578608789E-02   1.6624751491E-03  -3.5691015059E-03
   29     -3.3545645511E-04   8.4555035287E-03  -1.4547686585E-02   1.6937691108E-04   5.0926680406E-04
   30      6.4018231327E-02   3.3205473408E-02   2.9756402011E-02  -9.2655905576E-04  -1.2432261810E-03
   31      3.3205473408E-02   2.2722849947E-01   1.5431884053E-01  -4.2929994834E-04   1.0296148028E-03
   32      2.9756402011E-02   1.5431884053E-01   1.8997725830E-01   6.0267001928E-04  -1.5322187261E-04
   33     -9.2655905576E-04  -4.2929994834E-04   6.0267001928E-04   6.8285094830E-02  -2.8913476951E-02
   34     -1.2432261810E-03   1.0296148028E-03  -1.5322187261E-04  -2.8913476951E-02   6.4639752962E-02
   35      3.3843733511E-04   2.7596631359E-04   6.5762567888E-04   1.0936442359E-01  -4.3591561861E-02
   36     -5.7521098340E-04  -1.5901769020E-04  -1.2229483362E-04  -5.9075076411E-03  -1.9135518800E-03
   37      9.0598512730E-04  -7.5139376695E-04   2.8171567581E-04  -1.9908317508E-03   6.3831679726E-04
   38      6.4631133668E-04  -9.7900715768E-04   3.5220420430E-04   2.2701002184E-03   9.9718988746E-04
   39      1.8584432255E-04   3.1197758390E-05  -4.6260998786E-05   8.2868207221E-03   1.3033499381E-03
   40     -9.6967581743E-05  -4.0647684889E-06   2.3372231454E-04   2.0448138674E-03  -2.6292558273E-03
   41     -3.1796381033E-04  -6.9499195326E-05   2.6078473537E-04  -1.7611427379E-03  -3.2029687636E-03
                   35                 36                 37                 38                 39        
    0      8.1469876061E-05  -5.0219034785E-03  -2.0047043464E-03   2.9352139591E-03  -1.5811674439E-02
    1      2.2990657770E-04   3.4073528264E-03   1.1052807426E-03  -1.6109833725E-03   2.9171389439E-03
    2     -8.8340235038E-05  -7.4717329028E-04   3.6408349551E-04   5.1191951321E-04   7.6191870942E-03
    3      3.6933952751E-04   9.5271624104E-04   6.5458779459E-04  -2.2363353237E-04  -3.3654803213E-03
    4     -1.4759010125E-04  -9.4123136200E-04  -6.5529055797E-04   1.1444811471E-03  -8.2270693779E-03
    5      4.0358672566E-05   3.4966771751E-04  -6.9877922705E-04  -8.5270195871E-04   3.9487674445E-03
    6      9.8338668613E-05  -3.9997244702E-04  -1.3431632491E-04  -2.5400125294E-04   3.2805495019E-04
    7     -6.3717069033E-05  -4.1939751679E-05   9.6283068016E-05   2.9736896687E-05  -1.4450235609E-04
    8      1.8232225236E-04  -7.0493923082E-06  -1.9139596846E-04   2.9792078010E-04  -1.6700642376E-04
    9     -1.6513520246E-04   1.2307789322E-03   5.2766935007E-04  -1.3937745258E-03   2.8407837090E-03
   10      5.2998284995E-04  -7.3242978540E-04   9.0251792329E-04  -2.4745391304E-04   5.6965428976E-03
   11      3.0406887752E-04  -1.0464480228E-04   6.0980418202E-04  -2.2588711995E-04   1.3208996728E-03
   12      7.8835029875E-04   6.9141608257E-03  -1.1533160342E-03  -2.2819175229E-03  -1.0224084308E-02
   13     -1.5636961418E-03   2.1534032471E-03  -2.2601682309E-03  -4.2928765778E-03  -1.3480594676E-03
   14     -1.0661088735E-03  -4.2536987561E-03  -4.7732482224E-03  -1.1174991180E-03   2.4701026505E-03
   15     -1.0257219203E-01   8.4972740108E-03   1.2779130190E-02   9.3786576024E-03   1.2211046139E-03
   16      4.1971445309E-02  -6.0087821538E-03  -1.6209382893E-02  -1.8436864952E-02  -6.7721206915E-03
   17     -3.0697088262E-01   6.2418588242E-04   8.8218718467E-03   8.2178650636E-03  -1.0381945112E-02
   18     -6.3007893231E-03  -8.4624807842E-02   1.0425180363E-01  -3.3155480049E-02  -4.6488808566E-02
   19      5.5206995079E-03   1.1179174716E-01  -2.9193399642E-01   5.9513941663E-02   2.3255618883E-02
   20     -1.5791766228E-02  -3.0159946860E-02   5.7702896843E-02  -7.3813213507E-02  -7.2182102590E-02
   21     -2.8877970951E-04   3.8427838291E-04   2.7807233680E-05   2.7717611604E-05   2.5291263902E-04
   22     -1.5478053407E-04   4.2477316867E-04   1.5853054100E-04  -2.9806632767E-04   1.4571061019E-04
   23     -5.5625021943E-05   1.6859820601E-04  -1.8795152398E-04   1.2956838171E-04  -1.9391442143E-04
   24      1.1786203483E-04  -3.2548534544E-05   1.4196524813E-04  -3.2394500352E-04   6.2551395637E-04
   25     -2.5583602879E-06  -1.6487859937E-05   4.8106929466E-05   5.2868836771E-05   8.3120341916E-07
   26      8.3818447536E-05  -2.4028894783E-04   7.5237194997E-06  -4.7382050272E-05  -2.8917468917E-04
   27     -9.5420684094E-04  -4.2901153383E-04  -2.3355670941E-04   1.9640169018E-04   1.2188428003E-03
   28      3.4111343553E-04   4.2708588340E-04   2.8589632491E-04  -5.0583887070E-04  -1.5763021715E-04
   29      8.8374894627E-04  -3.1786399826E-04  -7.7329624723E-05   1.8310737764E-04   6.0526586603E-04
   30      3.3843733511E-04  -5.7521098340E-04   9.0598512730E-04   6.4631133668E-04   1.8584432255E-04
   31      2.7596631359E-04  -1.5901769020E-04  -7.5139376695E-04  -9.7900715768E-04   3.1197758390E-05
   32      6.5762567888E-04  -1.2229483362E-04   2.8171567581E-04   3.5220420430E-04  -4.6260998786E-05
   33      1.0936442359E-01  -5.9075076411E-03  -1.9908317508E-03   2.2701002184E-03   8.2868207221E-03
   34     -4.3591561861E-02  -1.9135518800E-03   6.3831679726E-04   9.9718988746E-04   1.3033499381E-03
   35      3.2145444581E-01   2.3817777829E-03   5.4848596338E-04   4.1523263020E-04  -3.2572370788E-03
   36      2.3817777829E-03   7.9083217691E-02  -1.1435460050E-01   3.2729983128E-02  -7.1463623490E-05
   37      5.4848596338E-04  -1.1435460050E-01   3.0913926967E-01  -6.0348992386E-02   5.8761099715E-04
   38      4.1523263020E-04   3.2729983128E-02  -6.0348992386E-02   6.7200425601E-02  -1.0552942502E-02
   39     -3.2572370788E-03  -7.1463623490E-05   5.8761099715E-04  -1.0552942502E-02   6.1001633544E-02
   40     -3.8824086812E-03   5.9584447909E-03  -5.6397012291E-04   2.4987563987E-02  -1.7286405574E-02
   41     -4.8898336531E-05  -2.9994299421E-04  -2.0643836331E-03  -1.2515597977E-03   8.1116840058E-02
                   40                 41        
     0     -1.6997586080E-03   3.8242448205E-03
     1      4.1561873723E-04  -2.3686686657E-04
     2      1.7806373287E-03  -1.3232650252E-03
     3      2.6282441923E-03  -1.4300787529E-03
     4     -3.1656183207E-04   2.3228645981E-03
     5     -1.8048741861E-03   7.1502038369E-04
     6     -3.0349639803E-04   7.5070612931E-04
     7     -1.7655896057E-05  -6.4012681364E-04
     8     -1.7854732018E-04   8.8490965815E-04
     9      2.1944548723E-04  -2.0555187835E-04
    10      5.1301566830E-04  -1.4695090477E-03
    11      3.8150773632E-04  -4.6656423366E-04
    12     -2.6355215185E-03   1.9325289157E-03
    13      1.6228847267E-03   1.2313245816E-03
    14     -3.5668195900E-05   4.9616120321E-04
    15     -7.5773740670E-03  -5.1874394729E-03
    16      7.0753843014E-03   7.4373016206E-03
    17     -2.6247101558E-02  -1.2929295636E-02
    18      1.8911568497E-02  -7.8837479664E-02
    19     -6.6937910392E-02   4.1189315426E-02
    20      4.8059153558E-02  -3.3198091335E-01
    21      8.9279144192E-05  -1.9408772318E-04
    22     -2.2061311796E-04  -8.6999299066E-05
    23     -1.1559091696E-04   1.3256093101E-04
    24     -2.9763453584E-04   3.0296787980E-05
    25     -1.1323928298E-04   7.4384951316E-05
    26      1.0804049727E-04   1.3226256256E-04
    27      4.3148756437E-05   5.6859135158E-04
    28     -3.4720616522E-04  -5.8143228497E-04
    29      5.8409696151E-04   4.3773114185E-05
    30     -9.6967581743E-05  -3.1796381033E-04
    31     -4.0647684889E-06  -6.9499195326E-05
    32      2.3372231454E-04   2.6078473537E-04
    33      2.0448138674E-03  -1.7611427379E-03
    34     -2.6292558273E-03  -3.2029687636E-03
    35     -3.8824086812E-03  -4.8898336531E-05
    36      5.9584447909E-03  -2.9994299421E-04
    37     -5.6397012291E-04  -2.0643836331E-03
    38      2.4987563987E-02  -1.2515597977E-03
    39     -1.7286405574E-02   8.1116840058E-02
    40      6.1523573971E-02  -4.3886968399E-02
    41     -4.3886968399E-02   3.4533502379E-01

$vibrational_frequencies
42
    0        0.0000000000000000
    1        0.0000000000000000
    2        0.0000000000000000
    3        0.0000000000000000
    4        0.0000000000000000
    5        0.0000000000000000
    6     -201.4982898393846824
    7       69.2635406701884619
    8      154.4696063638082535
    9      304.5410705342169990
   10      326.5362998355786317
   11      352.5573584924970305
   12      390.4951977668302447
   13      510.7692768692816117
   14      569.9911086200600039
   15      632.8904618185420077
   16      697.2739673696814862
   17      788.6945970671575878
   18      846.9655254479320092
   19      930.2817201706756123
   20      949.9185987881695610
   21     1016.3237988029101189
   22     1033.9156316357268679
   23     1050.3798979899645474
   24     1087.2756144796835542
   25     1178.9948858087984718
   26     1198.4258009894965653
   27     1272.3214182590581913
   28     1323.4408276978006143
   29     1367.9410993711139781
   30     1449.2179272028699870
   31     1478.8228277621331017
   32     1539.7736813943311063
   33     1645.6609970094700657
   34     1703.7536518113606689
   35     3159.9021597450073386
   36     3203.5699200785907124
   37     3236.6583125289239433
   38     3241.1497359187751499
   39     3262.3064293596639800
   40     3300.5539707578368507
   41     3343.3890557323588837

$normal_modes
42 42
                    0                  1                  2                  3                  4        
    0      0.0000000000E+00   0.0000000000E+00   0.0000000000E+00   0.0000000000E+00   0.0000000000E+00
    1      0.0000000000E+00   0.0000000000E+00   0.0000000000E+00   0.0000000000E+00   0.0000000000E+00
    2      0.0000000000E+00   0.0000000000E+00   0.0000000000E+00   0.0000000000E+00   0.0000000000E+00
    3      0.0000000000E+00   0.0000000000E+00   0.0000000000E+00   0.0000000000E+00   0.0000000000E+00
    4      0.0000000000E+00   0.0000000000E+00   0.0000000000E+00   0.0000000000E+00   0.0000000000E+00
