
$orca_hessian_file

$act_atom
  0

$act_coord
  0

$act_energy
        0.000000

$multiplicity
  1

$hessian
42
                    0                  1                  2                  3                  4        
    0      1.1228881574E-01  -2.6496065553E-02   1.6194349699E-01  -5.9139257666E-02   2.0146440010E-02
    1     -2.6496065553E-02   7.7668661856E-01   2.1061258466E-02   8.3028789141E-02  -3.8582612060E-01
    2      1.6194349699E-01   2.1061258466E-02   6.4200181854E-01  -2.9836244056E-02   7.2530753863E-02
    3     -5.9139257666E-02   8.3028789141E-02  -2.9836244056E-02   2.2140830987E-01  -3.6498794558E-04
    4      2.0146440010E-02  -3.8582612060E-01   7.2530753863E-02  -3.6498794558E-04   7.7608391553E-01
    5     -5.0307988470E-02   7.6283714570E-02  -9.3756291484E-02   9.5793707511E-02   9.6930838930E-02
    6     -7.6822060196E-04   2.9611635979E-03  -1.0963052017E-02  -2.0996707990E-02   1.0618608483E-02
    7      7.2043493993E-03  -3.9737991328E-03   2.0528493070E-02   3.9677851686E-03  -2.9100379167E-02
    8     -7.7061266756E-03   4.3046212120E-03  -2.2303503915E-02  -8.6279222592E-03   3.6125344782E-02
    9      4.9765234384E-02  -2.4299314196E-02   4.8256138320E-04  -8.5001954569E-02  -1.5291453386E-02
   10      4.1684592364E-02  -8.7260740967E-02  -4.0777920507E-02  -5.3155363839E-02  -3.1381750840E-01
   11      2.5227428137E-02  -3.1739799360E-02   7.1708854773E-03  -4.4885582957E-02  -2.0028598490E-01
   12     -5.9788630074E-02   4.0525349247E-02   1.8203616344E-03  -2.3544319979E-02  -1.3026797182E-01
   13      1.5008450851E-02  -6.0064778055E-03  -1.0938804325E-03  -1.4687360308E-02   6.8295179282E-03
   14     -3.7929821576E-03   1.4313169456E-03  -1.4355596975E-03  -1.1076278999E-02  -1.0013086064E-02
   15     -3.7519179294E-04  -6.7858881088E-03  -3.9217229022E-03  -1.3575404471E-02   1.6566662720E-02
   16     -6.7754040025E-02   2.5686983492E-02  -1.5141888179E-03  -4.4619001521E-03  -8.6218506839E-02
   17     -1.8860999039E-02   1.0353167845E-02   1.8918185696E-03  -3.0782829551E-03  -2.3711701533E-02
   18      5.8614953480E-02  -2.0984147107E-02   9.7960279555E-05  -1.8563657924E-02   7.5172819534E-02
   19      4.4828453628E-02  -2.8690119475E-02   3.2297930951E-04  -6.4216982522E-03   5.0528260627E-02
   20      1.5088180532E-02  -8.1037433419E-03  -1.6323291480E-02  -9.3102102286E-04   2.2769040977E-02
   21     -3.4084721292E-02   1.1179779164E-02  -6.1828294671E-02   1.5884406275E-03   1.4591120805E-02
   22      1.7960145213E-02  -7.7436819783E-02   7.0150798852E-02   4.3694273067E-03  -5.1614758337E-03
   23     -6.8637434626E-02   7.6581159601E-02  -3.2888709196E-01  -1.6493376985E-03  -4.4889569897E-03
   24     -5.0357722087E-02  -6.3038162099E-02  -6.2079154215E-02  -6.8879144729E-04   1.3067704852E-02
   25     -5.0402025938E-02  -2.1434880004E-01  -1.4245975278E-01  -1.2257662243E-02  -1.3749841867E-02
   26     -5.8337494605E-02  -1.4825493852E-01  -1.8791605767E-01   3.8745446247E-03   6.6200910436E-03
   27      3.5560081621E-03  -3.3988193600E-03  -9.7265767507E-04   1.7503573584E-03   9.1245697322E-03
   28      1.0087712759E-03  -1.0189493394E-03  -2.8639367181E-04  -7.9593380296E-04   2.6608919589E-03
   29     -5.1030092749E-04   2.3532885588E-04  -1.1727627880E-04  -3.8110410142E-04  -8.1173904124E-04
   30      3.5209386242E-04  -6.0589913233E-04  -6.2101582319E-04  -3.2846398241E-03   1.6713979324E-04
   31      5.3723999975E-04   1.9984253743E-06  -1.9496012412E-04  -1.1016734941E-03   5.5480381398E-04
   32     -3.9755041379E-04   4.7518482982E-04   3.0786979469E-04   8.8652870662E-04  -3.9135767968E-04
   33      8.5234605606E-04  -1.6902964756E-04  -3.6956597355E-04   4.9806295039E-04   7.2897398522E-04
   34      1.4626373684E-04   2.8231242119E-04   1.0224799195E-04  -5.2233923344E-05  -4.7364389458E-04
   35     -1.8982499756E-04   2.5408047617E-04  -3.7315850208E-05   2.1914925945E-04  -4.6350355837E-04
   36     -8.4155010535E-03   5.8129736872E-03  -8.9998715348E-04   1.2367884684E-03  -4.2139866488E-03
   37     -2.7413214665E-03   2.0131052796E-03   9.0707447307E-05   4.8301973594E-04  -1.6171412799E-03
   38      4.1040152067E-03  -2.5688491966E-03   4.1828835054E-04   7.8634137189E-06   2.9136144222E-03
   39     -1.2500207120E-02   2.2590441307E-03   7.1409140580E-03  -1.6872254039E-03  -1.0061514926E-02
   40     -1.1210272588E-03  -1.0919103219E-04   1.5488989628E-03   1.4656674216E-03  -6.9277197366E-04
   41      2.3839811961E-03  -3.2154400674E-04  -1.0142924093E-03  -3.2019977212E-04   2.2836202135E-03
                    5                  6                  7                  8                  9        
    0     -5.0307988470E-02  -7.6822060196E-04   7.2043493993E-03  -7.7061266756E-03   4.9765234384E-02
    1      7.6283714570E-02   2.9611635979E-03  -3.9737991328E-03   4.3046212120E-03  -2.4299314196E-02
    2     -9.3756291484E-02  -1.0963052017E-02   2.0528493070E-02  -2.2303503915E-02   4.8256138320E-04
    3      9.5793707511E-02  -2.0996707990E-02   3.9677851686E-03  -8.6279222592E-03  -8.5001954569E-02
    4      9.6930838930E-02   1.0618608483E-02  -2.9100379167E-02   3.6125344782E-02  -1.5291453386E-02
    5      3.3873893940E-01  -2.9855310341E-03   9.0239255527E-03  -3.1587357574E-02  -2.4421387871E-02
    6     -2.9855310341E-03   2.0789777714E-02  -8.6477882934E-03   3.5235529627E-02  -2.4836031033E-03
    7      9.0239255527E-03  -8.6477882934E-03   2.7509845461E-02  -2.1187116062E-02  -4.6468410223E-03
    8     -3.1587357574E-02   3.5235529627E-02  -2.1187116062E-02   1.0266920266E-01  -2.0467529377E-02
    9     -2.4421387871E-02  -2.4836031033E-03  -4.6468410223E-03  -2.0467529377E-02   6.7216122653E-02
   10     -1.7706724003E-01  -9.3109579009E-03   7.7242355330E-03  -2.4943299694E-02   1.5488666489E-02
   11     -2.1402695335E-01  -1.7672632511E-02  -1.0567121132E-02  -4.8541543631E-02   2.4526659937E-02
   12     -5.9752636600E-02   2.7804727178E-03   8.5631494256E-04   5.8975038967E-03   8.6614603888E-02
   13      4.2328817781E-03  -7.7928600663E-05  -5.1792818983E-04   1.7069792973E-03  -1.0592572050E-02
   14      2.4883201656E-03  -1.2285903586E-03  -4.7972935511E-04  -1.3880520905E-03   1.3444542209E-02
   15      6.4745418206E-03   5.8519989664E-04   2.8940157804E-05  -1.4444322361E-03  -4.5282129022E-02
   16     -2.7820194060E-02   1.1812760979E-03   1.2947622377E-03  -3.2633562155E-04   7.9318017912E-02
   17     -6.7793625350E-03  -1.8449085264E-04   6.4208380370E-05   1.6735232547E-03   2.4753301579E-02
   18      1.9323155475E-02   3.7251422322E-04  -1.4652198870E-03   1.7542487742E-03  -4.3505344390E-02
   19      1.0715435332E-02   1.2998139858E-03  -1.0508597177E-03   1.5832498686E-03  -3.3914928316E-02
   20      7.6306120422E-03  -1.1251923480E-03   3.6380635894E-04  -1.8803742864E-03  -2.2962679810E-02
   21     -7.6243676355E-03   2.1543555712E-03   1.8903337692E-03  -2.7844235317E-03  -9.0913867925E-03
   22      2.6564348581E-02   1.6663401466E-03  -2.1668068142E-03   2.8370033706E-03   2.9812662723E-05
   23     -4.4129694085E-03  -8.9333167557E-04   8.1066564003E-04   9.1468402299E-04   3.1036703789E-03
   24      9.9585107541E-03  -1.3192140179E-03   3.5400239890E-04   4.9963742226E-04   5.6140751289E-03
   25     -2.2032895970E-02   3.5542632325E-04   1.9307488115E-04   7.4247645208E-04   2.7793739138E-03
   26      3.0331767531E-03   1.9053233485E-04   1.7816630540E-03  -9.1702203320E-04  -2.1818840524E-03
   27      8.4171771822E-03  -4.9297660888E-04   3.0404541758E-04  -1.3059478552E-03  -2.1111640326E-02
   28      3.6982726337E-03   1.7003624605E-05  -3.3379699309E-05  -4.6154694740E-04  -7.4598747433E-03
   29      7.1205167240E-04   1.5736321023E-04   8.2700189885E-05   2.5690612729E-04   2.7403747764E-03
   30      2.7492372193E-03   4.2448574303E-05   1.3630926726E-06   9.7610480872E-06  -8.6584314759E-03
   31      1.5795063692E-03   1.5115580225E-04   6.5143562078E-05   2.1836621778E-05  -2.6351463241E-03
   32     -1.4881101745E-03  -2.2153234010E-04  -1.3843894725E-04   2.1635430696E-04   3.2119211674E-03
   33     -4.3570475635E-04  -3.8462191658E-04   1.1270951277E-05  -1.0842663769E-04  -1.0312939078E-04
   34     -2.4982682913E-04  -1.1647326633E-04   8.6936866866E-05  -2.3613212296E-05  -5.0035527157E-05
   35     -1.7669613077E-04   2.1872399112E-05  -3.1906997321E-05   1.5341009583E-04   1.9779742656E-04
   36     -1.5993242967E-05  -4.9854334522E-04   9.7956475301E-05  -4.3700699484E-04   1.9591041176E-03
   37     -5.3991857909E-04  -9.0170809812E-05   6.7489027017E-05  -2.6885852259E-04   5.3536206067E-04
   38     -8.5606954211E-04  -3.9011809305E-04   1.0903036937E-05   3.2562280674E-04  -1.7782862694E-03
   39      2.8314599551E-03   2.1911888648E-04   4.5452611937E-05  -5.1006514317E-04   4.0684788981E-03
   40     -1.3258227375E-03  -9.4343722901E-06  -9.8334848107E-05  -1.0296092206E-04   7.2257708366E-04
   41      4.8071015863E-04   5.4373600597E-05  -2.6983341131E-04   4.0815025861E-04  -6.6765379424E-04
                   10                 11                 12                 13                 14        
    0      4.1684592364E-02   2.5227428137E-02  -5.9788630074E-02   1.5008450851E-02  -3.7929821576E-03
    1     -8.7260740967E-02  -3.1739799360E-02   4.0525349247E-02  -6.0064778055E-03   1.4313169456E-03
    2     -4.0777920507E-02   7.1708854773E-03   1.8203616344E-03  -1.0938804325E-03  -1.4355596975E-03
    3     -5.3155363839E-02  -4.4885582957E-02  -2.3544319979E-02  -1.4687360308E-02  -1.1076278999E-02
    4     -3.1381750840E-01  -2.0028598490E-01  -1.3026797182E-01   6.8295179282E-03  -1.0013086064E-02
    5     -1.7706724003E-01  -2.1402695335E-01  -5.9752636600E-02   4.2328817781E-03   2.4883201656E-03
    6     -9.3109579009E-03  -1.7672632511E-02   2.7804727178E-03  -7.7928600663E-05  -1.2285903586E-03
    7      7.7242355330E-03  -1.0567121132E-02   8.5631494256E-04  -5.1792818983E-04  -4.7972935511E-04
    8     -2.4943299694E-02  -4.8541543631E-02   5.8975038967E-03   1.7069792973E-03  -1.3880520905E-03
    9      1.5488666489E-02   2.4526659937E-02   8.6614603888E-02  -1.0592572050E-02   1.3444542209E-02
   10      4.1347249862E-01   2.4422727859E-01   9.0900601712E-02  -3.7036706577E-02  -6.0711421945E-04
   11      2.4422727859E-01   2.7634906240E-01   4.6985763320E-02  -1.2105991836E-02  -2.9604139575E-02
   12      9.0900601712E-02   4.6985763320E-02   1.0628444130E-01  -1.2317385705E-01   9.3207779438E-02
   13     -3.7036706577E-02  -1.2105991836E-02  -1.2317385705E-01   7.0609083095E-01   3.4499949200E-02
   14     -6.0711421945E-04  -2.9604139575E-02   9.3207779438E-02   3.4499949200E-02   6.8341155492E-01
   15     -1.0360071360E-02  -7.2099694040E-03  -9.9970619893E-02   1.2782951140E-01  -3.9391983424E-02
   16      6.1975021342E-02   2.6859556768E-02   4.7884832295E-02  -3.0922203685E-01   4.3315606115E-02
   17      1.1272650449E-02   8.1639636447E-03  -6.2156483463E-02   5.6307330706E-02  -1.2581141363E-01
   18     -4.5286129322E-02  -2.2399711290E-02   5.7670894427E-02  -4.5730528196E-03   1.4060927890E-02
   19     -3.6595718905E-02  -1.6913214844E-02   4.7656618132E-02  -5.0055483026E-02  -2.3088051606E-02
   20     -1.7475422140E-02  -7.1839958027E-03   3.0514040204E-02  -1.0435264435E-02   1.0372160761E-02
   21     -7.6214670521E-03  -2.0222817009E-03   7.0288436135E-03  -2.3816832065E-03   3.5382576687E-04
   22      2.9300724655E-03  -1.2808792737E-03  -7.3005962807E-05  -4.0989731006E-04   2.9487017341E-04
   23      3.4872651128E-04   1.7851573708E-03  -2.1245511835E-03   1.0460246765E-03  -2.2507236273E-05
   24     -4.3926605782E-04  -4.0042617759E-03   1.0736462938E-03   6.9303848792E-04  -7.1929277637E-04
   25     -5.4747589779E-03   1.2857281874E-03   7.4332214180E-04   3.8192891932E-04  -1.4093385439E-04
   26      2.6070680781E-03   3.5999048527E-03  -1.0922692211E-03   8.4314549430E-05   2.1266385335E-04
   27     -1.5722121253E-02   9.9941925518E-03  -3.2580613706E-02   1.1656413303E-02  -3.9424557306E-02
   28     -4.8692394120E-03   2.5196233444E-03   2.1044262655E-02  -8.7802730579E-02   8.1740504817E-02
   29      5.1975323440E-04  -2.7942463073E-04  -4.0703438144E-02   8.5829807673E-02  -3.2833623972E-01
   30     -1.3915462364E-02  -1.1164018140E-02  -3.8551524235E-02  -4.7764440563E-03  -1.0278090473E-02
   31     -3.6918675084E-03  -2.9859306591E-03  -1.5696940630E-04  -2.1659313640E-01  -1.5192957419E-01
   32      4.6943707243E-03   3.4504208425E-03  -1.3756546110E-02  -1.5596477250E-01  -2.0759804850E-01
   33     -7.5524175439E-04  -1.9762206178E-05  -6.2518512980E-05   3.1689310074E-03  -1.3131005678E-02
   34      3.7769216047E-04  -3.6343414200E-04   7.6560959278E-03  -5.0558596283E-03   3.0044055135E-02
   35      3.9143813975E-04   4.2439428793E-04  -5.4803886166E-05  -1.0825311012E-03  -1.3877125013E-03
   36      2.5328004711E-03   1.1217165041E-03   3.9018045768E-03   7.5657159582E-04  -3.5730764503E-03
   37      1.5487885955E-03   8.7984735028E-04  -8.7323665789E-04  -2.4747860891E-03  -4.6544525504E-03
   38     -1.7968787897E-03  -6.6239334193E-04  -5.1594245308E-04  -3.8911983463E-03  -2.0166499278E-03
   39      5.9757753077E-03   1.5410518486E-03  -1.0856480414E-02   1.1618089544E-03   1.5340154489E-03
   40      7.1823203003E-04   4.7054533884E-04  -2.7341836766E-03   1.8727646581E-03  -4.2015007171E-04
   41     -1.3936337662E-03  -6.4533855208E-04   1.7459894395E-03   8.7314028891E-04   1.1156231726E-03
                   15                 16                 17                 18                 19        
    0     -3.7519179294E-04  -6.7754040025E-02  -1.8860999039E-02   5.8614953480E-02   4.4828453628E-02
    1     -6.7858881088E-03   2.5686983492E-02   1.0353167845E-02  -2.0984147107E-02  -2.8690119475E-02
    2     -3.9217229022E-03  -1.5141888179E-03   1.8918185696E-03   9.7960279555E-05   3.2297930951E-04
    3     -1.3575404471E-02  -4.4619001521E-03  -3.0782829551E-03  -1.8563657924E-02  -6.4216982522E-03
    4      1.6566662720E-02  -8.6218506839E-02  -2.3711701533E-02   7.5172819534E-02   5.0528260627E-02
    5      6.4745418206E-03  -2.7820194060E-02  -6.7793625350E-03   1.9323155475E-02   1.0715435332E-02
    6      5.8519989664E-04   1.1812760979E-03  -1.8449085264E-04   3.7251422322E-04   1.2998139858E-03
    7      2.8940157804E-05   1.2947622377E-03   6.4208380370E-05  -1.4652198870E-03  -1.0508597177E-03
    8     -1.4444322361E-03  -3.2633562155E-04   1.6735232547E-03   1.7542487742E-03   1.5832498686E-03
    9     -4.5282129022E-02   7.9318017912E-02   2.4753301579E-02  -4.3505344390E-02  -3.3914928316E-02
   10     -1.0360071360E-02   6.1975021342E-02   1.1272650449E-02  -4.5286129322E-02  -3.6595718905E-02
   11     -7.2099694040E-03   2.6859556768E-02   8.1639636447E-03  -2.2399711290E-02  -1.6913214844E-02
   12     -9.9970619893E-02   4.7884832295E-02  -6.2156483463E-02   5.7670894427E-02   4.7656618132E-02
   13      1.2782951140E-01  -3.0922203685E-01   5.6307330706E-02  -4.5730528196E-03  -5.0055483026E-02
   14     -3.9391983424E-02   4.3315606115E-02  -1.2581141363E-01   1.4060927890E-02  -2.3088051606E-02
   15      2.7689938493E-01  -1.3753074682E-01   1.7603249254E-01  -6.7833113887E-02  -1.9118565491E-02
   16     -1.3753074682E-01   6.5302739240E-01   6.4307309770E-02   3.8909999791E-02  -2.5769594230E-01
   17      1.7603249254E-01   6.4307309770E-02   7.0169603199E-01  -2.7829648351E-02  -1.6798357178E-01
   18     -6.7833113887E-02   3.8909999791E-02  -2.7829648351E-02   1.4472997092E-01  -1.5531299459E-01
   19     -1.9118565491E-02  -2.5769594230E-01  -1.6798357178E-01  -1.5531299459E-01   6.9957661551E-01
   20     -4.4088351703E-02  -1.5295124265E-01  -2.7070604861E-01   1.1219053788E-01   7.4274980484E-02
   21     -9.2947137434E-04   6.6336654133E-03   3.2969659342E-03  -9.3068576480E-03  -7.9450839812E-03
   22     -6.3920379114E-04  -4.2759529054E-05   6.6497226401E-04  -1.2265900136E-03  -7.7798849831E-04
   23     -7.4770063342E-04  -2.7180311739E-03   6.0573567027E-04   1.1301041906E-03   1.2151559218E-03
   24     -1.6453039003E-03   2.5408892106E-04   1.1669466594E-03  -1.5662316855E-03  -4.1557824700E-03
   25     -4.8482868259E-04   1.2830820225E-05   3.6919985193E-04   1.4652862476E-04  -2.1127859145E-04
   26      4.6368058103E-04  -5.0866984999E-04  -5.2662018323E-04   1.2153929365E-03   1.8199736500E-03
   27     -9.4538964068E-04   1.3662849385E-02  -1.5243293264E-02  -6.7511215038E-03  -5.4356485554E-03
   28      2.7131480844E-03  -4.8225349368E-04   2.6967416684E-02  -1.7971529243E-03   3.2464340514E-04
   29     -6.4286287941E-04  -1.6436286952E-03  -7.6629512814E-04   9.0103286983E-04  -3.9729295894E-04
   30      7.4365800002E-03   1.3809499846E-02   1.3194112815E-02   1.5354941271E-03   4.6587216513E-03
   31     -3.6365224648E-03  -1.0965674057E-02  -1.9343844378E-02   3.5052549435E-03  -4.0922938832E-03
   32      2.2735719486E-04   6.8600883519E-03   7.7574827200E-03  -7.8716160702E-04   1.0073677914E-03
   33     -6.5520112420E-02   2.4075728106E-02  -8.1815770630E-02   1.6797382743E-03   6.2530595659E-04
   34      2.6032643504E-02  -7.0658709798E-02   5.7180196551E-02  -7.0268436954E-03   7.9740409420E-03
   35     -8.9983709803E-02   5.5275455292E-02  -3.1207765135E-01  -5.0589939789E-03   6.7976524000E-03
   36      8.5202510769E-03  -8.4294640724E-03   4.6480406640E-04  -7.6020766751E-02   1.0909603059E-01
   37      1.0264688260E-02  -1.4957420678E-02   8.7224567592E-03   1.0090537285E-01  -3.0686902491E-01
   38      8.9258708760E-03  -1.7897854556E-02   8.7775139576E-03  -2.9720001176E-02   5.4783802930E-02
   39      2.6353204947E-03  -7.5746075092E-03  -9.7499649485E-03  -4.1056471660E-02   2.4151388327E-02
   40     -4.8589666087E-03   8.2463132468E-03  -2.5180990203E-02   1.9020523999E-02  -7.2364851177E-02
   41     -4.6829001083E-03   8.7733277685E-03  -1.3898678376E-02  -6.4891182687E-02   5.5878693096E-02
                   20                 21                 22                 23                 24        
    0      1.5088180532E-02  -3.4084721292E-02   1.7960145213E-02  -6.8637434626E-02  -5.0357722087E-02
    1     -8.1037433419E-03   1.1179779164E-02  -7.7436819783E-02   7.6581159601E-02  -6.3038162099E-02
    2     -1.6323291480E-02  -6.1828294671E-02   7.0150798852E-02  -3.2888709196E-01  -6.2079154215E-02
    3     -9.3102102286E-04   1.5884406275E-03   4.3694273067E-03  -1.6493376985E-03  -6.8879144729E-04
    4      2.2769040977E-02   1.4591120805E-02  -5.1614758337E-03  -4.4889569897E-03   1.3067704852E-02
    5      7.6306120422E-03  -7.6243676355E-03   2.6564348581E-02  -4.4129694085E-03   9.9585107541E-03
    6     -1.1251923480E-03   2.1543555712E-03   1.6663401466E-03  -8.9333167557E-04  -1.3192140179E-03
    7      3.6380635894E-04   1.8903337692E-03  -2.1668068142E-03   8.1066564003E-04   3.5400239890E-04
    8     -1.8803742864E-03  -2.7844235317E-03   2.8370033706E-03   9.1468402299E-04   4.9963742226E-04
    9     -2.2962679810E-02  -9.0913867925E-03   2.9812662723E-05   3.1036703789E-03   5.6140751289E-03
   10     -1.7475422140E-02  -7.6214670521E-03   2.9300724655E-03   3.4872651128E-04  -4.3926605782E-04
   11     -7.1839958027E-03  -2.0222817009E-03  -1.2808792737E-03   1.7851573708E-03  -4.0042617759E-03
   12      3.0514040204E-02   7.0288436135E-03  -7.3005962807E-05  -2.1245511835E-03   1.0736462938E-03
   13     -1.0435264435E-02  -2.3816832065E-03  -4.0989731006E-04   1.0460246765E-03   6.9303848792E-04
   14      1.0372160761E-02   3.5382576687E-04   2.9487017341E-04  -2.2507236273E-05  -7.1929277637E-04
   15     -4.4088351703E-02  -9.2947137434E-04  -6.3920379114E-04  -7.4770063342E-04  -1.6453039003E-03
   16     -1.5295124265E-01   6.6336654133E-03  -4.2759529054E-05  -2.7180311739E-03   2.5408892106E-04
   17     -2.7070604861E-01   3.2969659342E-03   6.6497226401E-04   6.0573567027E-04   1.1669466594E-03
   18      1.1219053788E-01  -9.3068576480E-03  -1.2265900136E-03   1.1301041906E-03  -1.5662316855E-03
   19      7.4274980484E-02  -7.9450839812E-03  -7.7798849831E-04   1.2151559218E-03  -4.1557824700E-03
   20      6.9871979626E-01   4.9705792455E-03   6.4594455354E-04  -8.1538041575E-04  -4.0818622863E-03
   21      4.9705792455E-03   4.3630691039E-02  -1.8955675212E-02   7.0816093736E-02  -5.0244768167E-05
   22      6.4594455354E-04  -1.8955675212E-02   7.3483493544E-02  -8.0195759856E-02  -3.3767765809E-03
   23     -8.1538041575E-04   7.0816093736E-02  -8.0195759856E-02   3.4001454559E-01  -1.5526213268E-03
   24     -4.0818622863E-03  -5.0244768167E-05  -3.3767765809E-03  -1.5526213268E-03   4.7889820270E-02
   25     -4.6913796759E-04   2.9938564882E-03   9.5525898394E-03   7.5727453332E-03   5.6365097670E-02
   26      1.4822547835E-03  -4.9254032936E-03  -1.9278592313E-02  -9.2620828129E-03   6.1236956590E-02
   27     -1.3828835918E-03  -7.8603812411E-04   1.9860509577E-05   1.6530044536E-04   1.3479496792E-04
   28      4.4961140584E-04  -1.7304879685E-04   3.6546930268E-05   2.6616470122E-05   6.8090456925E-05
   29      1.3949370038E-03  -1.1052940558E-05  -2.3765633246E-05  -6.5025704929E-05  -3.1918117846E-05
   30     -3.0057634544E-03  -1.5918212934E-04   3.1599649999E-05   6.8460627039E-05  -7.2509093505E-06
   31      1.2338307966E-03  -1.0329878881E-04  -9.7461344760E-06  -1.2180625298E-05   6.4007483494E-05
   32      6.9250803765E-04   1.1579448317E-04  -1.1909283318E-05  -1.7449788206E-05  -4.4326678689E-05
   33     -1.9472903171E-03  -1.4002186053E-04  -1.5004560734E-04   2.1410601429E-04  -7.2003052494E-05
   34     -2.6356150350E-02  -2.1770537860E-04   3.5611040398E-05   1.1021546659E-04   1.1743213547E-04
   35     -1.6607709983E-02  -2.6938146158E-04  -1.1062804084E-04   3.0902518497E-05   9.3959526433E-05
   36     -2.5358768414E-02   7.3164699288E-04   2.8772663192E-04   1.1049263703E-04   2.9136686815E-04
   37      5.3628599650E-02   2.3922609073E-04   1.2888464199E-04  -1.8646553527E-04   2.7904993407E-04
   38     -7.1628642681E-02  -8.3433791820E-05  -2.4561440162E-04   7.6842682800E-05  -4.9537749412E-04
   39     -5.7866186116E-02  -5.8605385524E-04   6.0539628390E-05  -7.8785952149E-06   7.0305833859E-04
   40      6.2407987072E-02  -1.3417389615E-04  -1.6170455889E-04  -1.0881400939E-04  -2.5209057695E-04
   41     -3.3514682562E-01   7.5701011510E-09  -1.1890422304E-05   5.4639471230E-05   5.7259953569E-05
                   25                 26                 27                 28                 29        
    0     -5.0402025938E-02  -5.8337494605E-02   3.5560081621E-03   1.0087712759E-03  -5.1030092749E-04
    1     -2.1434880004E-01  -1.4825493852E-01  -3.3988193600E-03  -1.0189493394E-03   2.3532885588E-04
    2     -1.4245975278E-01  -1.8791605767E-01  -9.7265767507E-04  -2.8639367181E-04  -1.1727627880E-04
    3     -1.2257662243E-02   3.8745446247E-03   1.7503573584E-03  -7.9593380296E-04  -3.8110410142E-04
    4     -1.3749841867E-02   6.6200910436E-03   9.1245697322E-03   2.6608919589E-03  -8.1173904124E-04
    5     -2.2032895970E-02   3.0331767531E-03   8.4171771822E-03   3.6982726337E-03   7.1205167240E-04
    6      3.5542632325E-04   1.9053233485E-04  -4.9297660888E-04   1.7003624605E-05   1.5736321023E-04
    7      1.9307488115E-04   1.7816630540E-03   3.0404541758E-04  -3.3379699309E-05   8.2700189885E-05
    8      7.4247645208E-04  -9.1702203320E-04  -1.3059478552E-03  -4.6154694740E-04   2.5690612729E-04
    9      2.7793739138E-03  -2.1818840524E-03  -2.1111640326E-02  -7.4598747433E-03   2.7403747764E-03
   10     -5.4747589779E-03   2.6070680781E-03  -1.5722121253E-02  -4.8692394120E-03   5.1975323440E-04
   11      1.2857281874E-03   3.5999048527E-03   9.9941925518E-03   2.5196233444E-03  -2.7942463073E-04
   12      7.4332214180E-04  -1.0922692211E-03  -3.2580613706E-02   2.1044262655E-02  -4.0703438144E-02
   13      3.8192891932E-04   8.4314549430E-05   1.1656413303E-02  -8.7802730579E-02   8.5829807673E-02
   14     -1.4093385439E-04   2.1266385335E-04  -3.9424557306E-02   8.1740504817E-02  -3.2833623972E-01
   15     -4.8482868259E-04   4.6368058103E-04  -9.4538964068E-04   2.7131480844E-03  -6.4286287941E-04
   16      1.2830820225E-05  -5.0866984999E-04   1.3662849385E-02  -4.8225349368E-04  -1.6436286952E-03
   17      3.6919985193E-04  -5.2662018323E-04  -1.5243293264E-02   2.6967416684E-02  -7.6629512814E-04
   18      1.4652862476E-04   1.2153929365E-03  -6.7511215038E-03  -1.7971529243E-03   9.0103286983E-04
   19     -2.1127859145E-04   1.8199736500E-03  -5.4356485554E-03   3.2464340514E-04  -3.9729295894E-04
   20     -4.6913796759E-04   1.4822547835E-03  -1.3828835918E-03   4.4961140584E-04   1.3949370038E-03
   21      2.9938564882E-03  -4.9254032936E-03  -7.8603812411E-04  -1.7304879685E-04  -1.1052940558E-05
   22      9.5525898394E-03  -1.9278592313E-02   1.9860509577E-05   3.6546930268E-05  -2.3765633246E-05
   23      7.5727453332E-03  -9.2620828129E-03   1.6530044536E-04   2.6616470122E-05  -6.5025704929E-05
   24      5.6365097670E-02   6.1236956590E-02   1.3479496792E-04   6.8090456925E-05  -3.1918117846E-05
   25      2.2373862102E-01   1.5508435479E-01  -6.7558930379E-05  -1.6928219390E-05  -3.9195818484E-05
   26      1.5508435479E-01   1.9009584553E-01   7.0164478009E-05   1.1824386486E-05  -1.2667711075E-05
   27     -6.7558930379E-05   7.0164478009E-05   4.9223147528E-02  -1.6248251598E-02   4.1445953813E-02
   28     -1.6928219390E-05   1.1824386486E-05  -1.6248251598E-02   8.4379922948E-02  -9.2390061445E-02
   29     -3.9195818484E-05  -1.2667711075E-05   4.1445953813E-02  -9.2390061445E-02   3.3770069669E-01
   30      1.5361110567E-05   1.7800172390E-05   2.9563905991E-03  -1.6293979411E-03  -2.8173246928E-03
   31     -6.5116288346E-07   3.8651968626E-06   1.6394396727E-03   1.0441472273E-02   8.3395243929E-03
   32      2.1297783067E-05  -9.3797663527E-06  -9.8833387148E-04  -2.1195859189E-02  -1.2002811755E-02
   33     -5.0601801048E-05   1.3184399438E-04   3.7843508284E-03   2.7713172558E-03  -3.7843798419E-04
   34     -2.2522512003E-05   2.9088494106E-06   4.5364785591E-03  -3.4415770997E-03  -7.2768207206E-05
   35     -2.0189905988E-05   7.3781721593E-05  -1.4343220055E-03  -6.4493230672E-05   1.2371528135E-03
   36     -2.8890461518E-05  -3.6758055901E-04  -4.7871571715E-05   2.9654844132E-04  -3.0553431711E-04
   37      5.9741667219E-05  -8.1465316592E-05  -1.1877163254E-04   2.4024309907E-04  -1.0633277775E-04
   38      4.7149446070E-05   7.2574411628E-05   3.0873971781E-06  -4.3729817529E-04   1.6115652476E-04
   39     -1.0783277128E-04  -3.0074021514E-04   1.3106020369E-03   1.8494601156E-04   5.4232871991E-04
   40     -1.1400578122E-04   9.8605827882E-05   4.7086750322E-05  -4.1866277261E-04   4.7584789697E-04
   41      4.8151021967E-05   7.3628262700E-05   6.5104041759E-04  -5.7639474936E-04   1.1684010042E-04
                   30                 31                 32                 33                 34        
    0      3.5209386242E-04   5.3723999975E-04  -3.9755041379E-04   8.5234605606E-04   1.4626373684E-04
    1     -6.0589913233E-04   1.9984253743E-06   4.7518482982E-04  -1.6902964756E-04   2.8231242119E-04
    2     -6.2101582319E-04  -1.9496012412E-04   3.0786979469E-04  -3.6956597355E-04   1.0224799195E-04
    3     -3.2846398241E-03  -1.1016734941E-03   8.8652870662E-04   4.9806295039E-04  -5.2233923344E-05
    4      1.6713979324E-04   5.5480381398E-04  -3.9135767968E-04   7.2897398522E-04  -4.7364389458E-04
    5      2.7492372193E-03   1.5795063692E-03  -1.4881101745E-03  -4.3570475635E-04  -2.4982682913E-04
    6      4.2448574303E-05   1.5115580225E-04  -2.2153234010E-04  -3.8462191658E-04  -1.1647326633E-04
    7      1.3630926726E-06   6.5143562078E-05  -1.3843894725E-04   1.1270951277E-05   8.6936866866E-05
    8      9.7610480872E-06   2.1836621778E-05   2.1635430696E-04  -1.0842663769E-04  -2.3613212296E-05
    9     -8.6584314759E-03  -2.6351463241E-03   3.2119211674E-03  -1.0312939078E-04  -5.0035527157E-05
   10     -1.3915462364E-02  -3.6918675084E-03   4.6943707243E-03  -7.5524175439E-04   3.7769216047E-04
   11     -1.1164018140E-02  -2.9859306591E-03   3.4504208425E-03  -1.9762206178E-05  -3.6343414200E-04
   12     -3.8551524235E-02  -1.5696940630E-04  -1.3756546110E-02  -6.2518512980E-05   7.6560959278E-03
   13     -4.7764440563E-03  -2.1659313640E-01  -1.5596477250E-01   3.1689310074E-03  -5.0558596283E-03
   14     -1.0278090473E-02  -1.5192957419E-01  -2.0759804850E-01  -1.3131005678E-02   3.0044055135E-02
   15      7.4365800002E-03  -3.6365224648E-03   2.2735719486E-04  -6.5520112420E-02   2.6032643504E-02
   16      1.3809499846E-02  -1.0965674057E-02   6.8600883519E-03   2.4075728106E-02  -7.0658709798E-02
   17      1.3194112815E-02  -1.9343844378E-02   7.7574827200E-03  -8.1815770630E-02   5.7180196551E-02
   18      1.5354941271E-03   3.5052549435E-03  -7.8716160702E-04   1.6797382743E-03  -7.0268436954E-03
   19      4.6587216513E-03  -4.0922938832E-03   1.0073677914E-03   6.2530595659E-04   7.9740409420E-03
   20     -3.0057634544E-03   1.2338307966E-03   6.9250803765E-04  -1.9472903171E-03  -2.6356150350E-02
   21     -1.5918212934E-04  -1.0329878881E-04   1.1579448317E-04  -1.4002186053E-04  -2.1770537860E-04
   22      3.1599649999E-05  -9.7461344760E-06  -1.1909283318E-05  -1.5004560734E-04   3.5611040398E-05
   23      6.8460627039E-05  -1.2180625298E-05  -1.7449788206E-05   2.1410601429E-04   1.1021546659E-04
   24     -7.2509093505E-06   6.4007483494E-05  -4.4326678689E-05  -7.2003052494E-05   1.1743213547E-04
   25      1.5361110567E-05  -6.5116288346E-07   2.1297783067E-05  -5.0601801048E-05  -2.2522512003E-05
   26      1.7800172390E-05   3.8651968626E-06  -9.3797663527E-06   1.3184399438E-04   2.9088494106E-06
   27      2.9563905991E-03   1.6394396727E-03  -9.8833387148E-04   3.7843508284E-03   4.5364785591E-03
   28     -1.6293979411E-03   1.0441472273E-02  -2.1195859189E-02   2.7713172558E-03  -3.4415770997E-03
   29     -2.8173246928E-03   8.3395243929E-03  -1.2002811755E-02  -3.7843798419E-04  -7.2768207206E-05
   30      4.1849382225E-02   3.2893841459E-03   1.0819165690E-02  -2.9001108978E-03  -1.6597115323E-03
   31      3.2893841459E-03   2.2421388848E-01   1.6408765318E-01  -1.1759533274E-03   7.6294056826E-04
   32      1.0819165690E-02   1.6408765318E-01   2.0740125363E-01   1.0258477136E-03  -3.7539315966E-05
   33     -2.9001108978E-03  -1.1759533274E-03   1.0258477136E-03   5.9821380998E-02  -2.8926606536E-02
   34     -1.6597115323E-03   7.6294056826E-04  -3.7539315966E-05  -2.8926606536E-02   7.2252047275E-02
   35      8.3492630307E-04   3.6698352817E-04   5.7537743513E-04   9.6607119204E-02  -5.8197516662E-02
   36     -7.6935745915E-04  -4.5672822440E-04  -1.0959216265E-06  -4.5134425174E-03  -1.1031036758E-03
   37      6.4971586009E-04  -6.9109453152E-04   3.6523014521E-04  -1.5158710388E-03   7.0536390013E-04
   38      5.8458818882E-04  -1.0180732645E-03   4.0364852675E-04   1.4783417785E-03   8.4596426589E-04
   39      1.5810754212E-04   8.1956619879E-05  -8.8012198245E-05   7.0600814618E-03   6.6346701602E-04
   40     -3.8016761201E-05   4.2165544145E-06   2.3763451502E-04   1.3621551067E-03  -2.8246322420E-03
   41     -3.9389529554E-04  -1.5758725029E-04   3.1088468443E-04  -1.2480995186E-03  -2.9941237842E-03
                   35                 36                 37                 38                 39        
    0     -1.8982499756E-04  -8.4155010535E-03  -2.7413214665E-03   4.1040152067E-03  -1.2500207120E-02
    1      2.5408047617E-04   5.8129736872E-03   2.0131052796E-03  -2.5688491966E-03   2.2590441307E-03
    2     -3.7315850208E-05  -8.9998715348E-04   9.0707447307E-05   4.1828835054E-04   7.1409140580E-03
    3      2.1914925945E-04   1.2367884684E-03   4.8301973594E-04   7.8634137189E-06  -1.6872254039E-03
    4     -4.6350355837E-04  -4.2139866488E-03  -1.6171412799E-03   2.9136144222E-03  -1.0061514926E-02
    5     -1.7669613077E-04  -1.5993242967E-05  -5.3991857909E-04  -8.5606954211E-04   2.8314599551E-03
    6      2.1872399112E-05  -4.9854334522E-04  -9.0170809812E-05  -3.9011809305E-04   2.1911888648E-04
    7     -3.1906997321E-05   9.7956475301E-05   6.7489027017E-05   1.0903036937E-05   4.5452611937E-05
    8      1.5341009583E-04  -4.3700699484E-04  -2.6885852259E-04   3.2562280674E-04  -5.1006514317E-04
    9      1.9779742656E-04   1.9591041176E-03   5.3536206067E-04  -1.7782862694E-03   4.0684788981E-03
   10      3.9143813975E-04   2.5328004711E-03   1.5487885955E-03  -1.7968787897E-03   5.9757753077E-03
   11      4.2439428793E-04   1.1217165041E-03   8.7984735028E-04  -6.6239334193E-04   1.5410518486E-03
   12     -5.4803886166E-05   3.9018045768E-03  -8.7323665789E-04  -5.1594245308E-04  -1.0856480414E-02
   13     -1.0825311012E-03   7.5657159582E-04  -2.4747860891E-03  -3.8911983463E-03   1.1618089544E-03
   14     -1.3877125013E-03  -3.5730764503E-03  -4.6544525504E-03  -2.0166499278E-03   1.5340154489E-03
   15     -8.9983709803E-02   8.5202510769E-03   1.0264688260E-02   8.9258708760E-03   2.6353204947E-03
   16      5.5275455292E-02  -8.4294640724E-03  -1.4957420678E-02  -1.7897854556E-02  -7.5746075092E-03
   17     -3.1207765135E-01   4.6480406640E-04   8.7224567592E-03   8.7775139576E-03  -9.7499649485E-03
   18     -5.0589939789E-03  -7.6020766751E-02   1.0090537285E-01  -2.9720001176E-02  -4.1056471660E-02
   19      6.7976524000E-03   1.0909603059E-01  -3.0686902491E-01   5.4783802930E-02   2.4151388327E-02
   20     -1.6607709983E-02  -2.5358768414E-02   5.3628599650E-02  -7.1628642681E-02  -5.7866186116E-02
   21     -2.6938146158E-04   7.3164699288E-04   2.3922609073E-04  -8.3433791820E-05  -5.8605385524E-04
   22     -1.1062804084E-04   2.8772663192E-04   1.2888464199E-04  -2.4561440162E-04   6.0539628390E-05
   23      3.0902518497E-05   1.1049263703E-04  -1.8646553527E-04   7.6842682800E-05  -7.8785952149E-06
   24      9.3959526433E-05   2.9136686815E-04   2.7904993407E-04  -4.9537749412E-04   7.0305833859E-04
   25     -2.0189905988E-05  -2.8890461518E-05   5.9741667219E-05   4.7149446070E-05  -1.0783277128E-04
   26      7.3781721593E-05  -3.6758055901E-04  -8.1465316592E-05   7.2574411628E-05  -3.0074021514E-04
   27     -1.4343220055E-03  -4.7871571715E-05  -1.1877163254E-04   3.0873971781E-06   1.3106020369E-03
   28     -6.4493230672E-05   2.9654844132E-04   2.4024309907E-04  -4.3729817529E-04   1.8494601156E-04
   29      1.2371528135E-03  -3.0553431711E-04  -1.0633277775E-04   1.6115652476E-04   5.4232871991E-04
   30      8.3492630307E-04  -7.6935745915E-04   6.4971586009E-04   5.8458818882E-04   1.5810754212E-04
   31      3.6698352817E-04  -4.5672822440E-04  -6.9109453152E-04  -1.0180732645E-03   8.1956619879E-05
   32      5.7537743513E-04  -1.0959216265E-06   3.6523014521E-04   4.0364852675E-04  -8.8012198245E-05
   33      9.6607119204E-02  -4.5134425174E-03  -1.5158710388E-03   1.4783417785E-03   7.0600814618E-03
   34     -5.8197516662E-02  -1.1031036758E-03   7.0536390013E-04   8.4596426589E-04   6.6346701602E-04
   35      3.2743283801E-01   1.5405951537E-03   3.7542026431E-04   6.8544918437E-04  -2.5275781439E-03
   36      1.5405951537E-03   7.2569312191E-02  -1.0866202141E-01   2.7903226277E-02   1.0552084062E-03
   37      3.7542026431E-04  -1.0866202141E-01   3.2320633968E-01  -5.5958329538E-02   6.4586913086E-04
   38      6.8544918437E-04   2.7903226277E-02  -5.5958329538E-02   6.4149295995E-02  -1.0022177624E-02
   39     -2.5275781439E-03   1.0552084062E-03   6.4586913086E-04  -1.0022177624E-02   4.9476462388E-02
   40     -3.4808763616E-03   4.0126756896E-03  -1.3604884032E-03   2.5212666420E-02  -1.7484542716E-02
   41     -3.2622025103E-04  -1.8344782142E-04  -2.2664430492E-03   9.3363053183E-05   6.7488779887E-02
                   40                 41        
     0     -1.1210272588E-03   2.3839811961E-03
     1     -1.0919103219E-04  -3.2154400674E-04
     2      1.5488989628E-03  -1.0142924093E-03
     3      1.4656674216E-03  -3.2019977212E-04
     4     -6.9277197366E-04   2.2836202135E-03
     5     -1.3258227375E-03   4.8071015863E-04
     6     -9.4343722901E-06   5.4373600597E-05
     7     -9.8334848107E-05  -2.6983341131E-04
     8     -1.0296092206E-04   4.0815025861E-04
     9      7.2257708366E-04  -6.6765379424E-04
    10      7.1823203003E-04  -1.3936337662E-03
    11      4.7054533884E-04  -6.4533855208E-04
    12     -2.7341836766E-03   1.7459894395E-03
    13      1.8727646581E-03   8.7314028891E-04
    14     -4.2015007171E-04   1.1156231726E-03
    15     -4.8589666087E-03  -4.6829001083E-03
    16      8.2463132468E-03   8.7733277685E-03
    17     -2.5180990203E-02  -1.3898678376E-02
    18      1.9020523999E-02  -6.4891182687E-02
    19     -7.2364851177E-02   5.5878693096E-02
    20      6.2407987072E-02  -3.3514682562E-01
    21     -1.3417389615E-04   7.5701011510E-09
    22     -1.6170455889E-04  -1.1890422304E-05
    23     -1.0881400939E-04   5.4639471230E-05
    24     -2.5209057695E-04   5.7259953569E-05
    25     -1.1400578122E-04   4.8151021967E-05
    26      9.8605827882E-05   7.3628262700E-05
    27      4.7086750322E-05   6.5104041759E-04
    28     -4.1866277261E-04  -5.7639474936E-04
    29      4.7584789697E-04   1.1684010042E-04
    30     -3.8016761201E-05  -3.9389529554E-04
    31      4.2165544145E-06  -1.5758725029E-04
    32      2.3763451502E-04   3.1088468443E-04
    33      1.3621551067E-03  -1.2480995186E-03
    34     -2.8246322420E-03  -2.9941237842E-03
    35     -3.4808763616E-03  -3.2622025103E-04
    36      4.0126756896E-03  -1.8344782142E-04
    37     -1.3604884032E-03  -2.2664430492E-03
    38      2.5212666420E-02   9.3363053183E-05
    39     -1.7484542716E-02   6.7488779887E-02
    40      6.7303116300E-02  -5.9849026839E-02
    41     -5.9849026839E-02   3.4837751605E-01

$vibrational_frequencies
42
    0        0.0000000000000000
    1        0.0000000000000000
    2        0.0000000000000000
    3        0.0000000000000000
    4        0.0000000000000000
    5        0.0000000000000000
    6     -561.6542224078683603
    7       93.5108911907114191
    8      139.3029255865337177
    9      274.0493673744848024
   10      319.1334729209667671
   11      338.7885318248689828
   12      357.1616170823692755
   13      420.0908073216855314
   14      488.7962417005775251
   15      577.1234299268365930
   16      671.1645385464024685
   17      759.5713870309218692
   18      807.8517753123476268
   19      877.1042286450733627
   20      924.9833197074449345
   21      984.3676198651322693
   22     1035.5510148482524073
   23     1044.9380773204845809
   24     1070.6523174392066267
   25     1086.4439580791784010
   26     1137.4733909708431838
   27     1258.8474708796152299
   28     1281.7361306464752033
   29     1326.2270371182130475
   30     1450.0821185647323546
   31     1491.9668538188452658
   32     1556.0939031064485789
   33     1584.7552375898217178
   34     1701.2923035068481568
   35     3214.3768762287891150
   36     3218.9851024493068508
   37     3229.1813095241977862
   38     3250.1816654013982770
   39     3317.0044008835416207
   40     3325.7809928757733360
   41     3344.5531741595268613

$normal_modes
42 42
                    0                  1                  2                  3                  4        
    0      0.0000000000E+00   0.0000000000E+00   0.0000000000E+00   0.0000000000E+00   0.0000000000E+00
    1      0.0000000000E+00   0.0000000000E+00   0.0000000000E+00   0.0000000000E+00   0.0000000000E+00
    2      0.0000000000E+00   0.0000000000E+00   0.0000000000E+00   0.0000000000E+00   0.0000000000E+00
    3      0.0000000000E+00   0.0000000000E+00   0.0000000000E+00   0.0000000000E+00   0.0000000000E+00
    4      0.0000000000E+00   0.0000000000E+00   0.0000000000E+00   0.0000000000E+00   0.0000000000E+00
