
$orca_hessian_file

$act_atom
  0

$act_coord
  0

$act_energy
        0.000000

$multiplicity
  1

$hessian
42
                    0                  1                  2                  3                  4        
    0      7.7855096405E-01   3.5979265190E-02   1.1924727402E-01  -2.6577174006E-01  -1.8612064150E-01
    1      3.5979265190E-02   6.4780820337E-01   3.3421272000E-01  -1.8152508568E-01  -3.0706034495E-01
    2      1.1924727402E-01   3.3421272000E-01   3.0048194199E-01  -1.3265172833E-01  -1.7160956016E-01
    3     -2.6577174006E-01  -1.8152508568E-01  -1.3265172833E-01   7.4734344926E-01   1.5984509292E-01
    4     -1.8612064150E-01  -3.0706034495E-01  -1.7160956016E-01   1.5984509292E-01   6.4631766122E-01
    5     -1.3754580071E-01  -1.7016655720E-01  -1.7777707050E-01   1.7907198357E-01   2.7017212572E-01
    6      1.5582478132E-02  -9.8898886182E-03  -5.1241672336E-03  -1.0108902526E-01   5.7481130500E-02
    7      2.1598156068E-02  -4.4364491307E-02  -2.8908382819E-02   4.7252901649E-02  -2.2902969727E-01
    8      1.1515504153E-02  -3.4833538768E-02  -6.8387948053E-03   1.9876705121E-02  -9.0619930404E-02
    9     -5.1696664697E-02  -4.4992430894E-03  -1.8015389331E-02  -3.3260946067E-01   1.3790062740E-02
   10     -3.1767105919E-02   1.3044118785E-02  -6.7401747430E-03  -7.3596793523E-03  -1.0333887237E-01
   11     -2.6737629949E-02  -2.9332389902E-03   3.5935786329E-03  -5.7842810925E-02   7.3279571527E-03
   12      4.4460902895E-03   3.5451365321E-03   3.5101563322E-03  -5.6250948793E-02  -2.9917436381E-02
   13      8.8705919655E-03   1.9120777743E-03   4.1706720288E-03  -2.4501353711E-02   9.2042326737E-03
   14     -4.5326134446E-03   1.1557986265E-03   1.3147009399E-03   9.9990596213E-04  -1.0466108887E-02
   15     -1.0985223635E-04   4.9386660283E-04   1.9857227064E-05  -2.2353593692E-03  -3.0835517449E-03
   16     -1.9465975364E-03   4.0584366146E-04  -3.6036392393E-04   1.0900019175E-03  -7.8855072421E-03
   17      7.7414423531E-04   7.6311302444E-05   5.2838266268E-04  -1.7834756736E-04   8.7100555695E-04
   18     -2.7315190215E-04  -3.1704006323E-04  -2.9754263303E-05   1.7854077692E-03   1.7324522860E-03
   19      3.5559978327E-04   1.3717493320E-04   2.1355819169E-04  -2.1866771177E-03  -1.2635721267E-04
   20     -9.8023151168E-05  -3.0937348928E-05   3.0671610843E-05   6.7634875621E-04  -1.6740885348E-04
   21     -1.1387029473E-01   1.1419555508E-01   5.3819143422E-02   9.5413987085E-03  -1.4716448617E-02
   22      1.0699307993E-01  -2.5560397089E-01  -1.1816292947E-01   1.2347537248E-02  -1.1709336420E-02
   23      4.9736840524E-02  -1.1605560972E-01  -8.6048451629E-02   8.9467322106E-03  -1.0494125675E-02
   24     -3.6490324229E-01   4.1795181166E-02  -1.9611095424E-02  -1.3053205361E-02   7.2174229657E-03
   25      4.8385131677E-02  -5.5819100667E-02  -1.1251370838E-02  -2.0099489714E-02   5.4359372647E-03
   26     -1.3888851391E-02  -1.1568325041E-02  -3.5183644621E-02  -1.5829395479E-02   4.1101082787E-03
   27     -3.6427692913E-04  -1.6444852019E-04  -1.3028662607E-03   6.1908818114E-03  -9.4221638441E-04
   28     -8.5455903408E-04  -3.9167177161E-04  -1.2797385141E-03   6.1589747649E-03   5.9991129880E-04
   29      1.3264924344E-03   7.8339509619E-05   1.0240309206E-04  -2.8174210132E-03   1.7611059802E-03
   30     -9.5616888287E-04   4.1519008888E-04   1.8563237568E-04   5.3151098248E-03  -3.9140147771E-03
   31     -1.4382422272E-03   1.1978479369E-04  -1.8969596140E-04   7.2474671322E-03  -3.6429347108E-03
   32      2.0667281686E-04   1.0609103472E-04  -8.7180254958E-06   1.0953413636E-04  -1.2446450470E-03
   33     -7.2666884104E-04   2.2298513135E-05  -1.2996548156E-04   1.1735399984E-03  -1.6679519232E-03
   34      2.0492915100E-04  -4.7102707231E-05   1.1740056760E-05   1.7922404169E-04   7.8002171924E-04
   35     -5.2380009763E-05  -6.5869431503E-05  -1.3964061897E-04   1.1820654336E-04   1.2474684185E-04
   36     -1.7265556413E-04  -6.3182159607E-05  -5.4803433565E-05   8.1103274265E-04   7.5178912873E-05
   37     -2.8572483308E-05  -6.8832495866E-06  -5.5185125713E-05   3.4717926162E-04   3.3709096543E-05
   38     -2.9184316037E-07  -1.8394425485E-05  -5.8896640694E-05  -6.4603648185E-05   2.0624487189E-04
   39      2.6518365411E-04   1.5856961211E-05   1.3129064955E-04  -1.1510806079E-03   1.9518117603E-04
   40     -2.3449707074E-04  -1.3363777011E-04  -5.8804132476E-05   1.2296464604E-03   4.2157690134E-04
   41      5.5078054224E-05   5.0725858039E-05   3.5379131168E-06  -4.1783113486E-04   4.6757210237E-05
                    5                  6                  7                  8                  9        
    0     -1.3754580071E-01   1.5582478132E-02   2.1598156068E-02   1.1515504153E-02  -5.1696664697E-02
    1     -1.7016655720E-01  -9.8898886182E-03  -4.4364491307E-02  -3.4833538768E-02  -4.4992430894E-03
    2     -1.7777707050E-01  -5.1241672336E-03  -2.8908382819E-02  -6.8387948053E-03  -1.8015389331E-02
    3      1.7907198357E-01  -1.0108902526E-01   4.7252901649E-02   1.9876705121E-02  -3.3260946067E-01
    4      2.7017212572E-01   5.7481130500E-02  -2.2902969727E-01  -9.0619930404E-02   1.3790062740E-02
    5      3.5600721806E-01   2.2617479278E-02  -9.1671653511E-02  -9.7576956400E-02  -6.9178004881E-02
    6      2.2617479278E-02   1.3277829649E-01  -1.0174666949E-01  -3.6990490039E-02  -4.7443650284E-02
    7     -9.1671653511E-02  -1.0174666949E-01   2.8800676952E-01   1.2889398708E-01   4.1560643479E-02
    8     -9.7576956400E-02  -3.6990490039E-02   1.2889398708E-01   9.0030894084E-02   8.8307723894E-03
    9     -6.9178004881E-02  -4.7443650284E-02   4.1560643479E-02   8.8307723894E-03   5.8795441599E-01
   10     -2.3975345420E-03   5.0373779373E-02  -1.2704925013E-02   1.0187904809E-04   7.0933711553E-02
   11     -7.3862278233E-02   2.2342647711E-02  -8.3148088480E-03   1.0731920709E-02   4.3585086993E-02
   12      6.3233087989E-03   3.4461755145E-03  -7.7202648473E-03  -1.7620523978E-03  -1.0659286217E-01
   13     -4.0162237107E-03   6.4367614751E-03  -7.5580026978E-03  -1.8582468092E-03  -6.0165170063E-02
   14     -3.8338698463E-03  -2.9859881177E-03   2.3977560155E-03   1.0017834420E-03   2.0411317222E-02
   15      2.6174367147E-05   4.1469474165E-04   9.4423783685E-04   2.1425587672E-04  -3.1195540878E-02
   16      1.6105314562E-03  -5.5819191176E-05   2.2573105584E-03   2.6933827428E-04  -4.5605152287E-02
   17     -1.4209315878E-03   4.9375055427E-04   2.9613230530E-04   2.8221749323E-04   1.2940903260E-02
   18      4.0526542450E-04  -6.1077939732E-04  -5.8989758811E-04  -1.1009606182E-04   1.0221514101E-04
   19     -4.2274674125E-04   3.6758996906E-04  -1.7643383049E-04  -9.9364836962E-05   1.8834963500E-03
   20     -2.0121313437E-04  -2.3142175408E-04   2.4764725845E-04   1.7487217874E-04  -4.3237239193E-04
   21     -7.1171467252E-03  -6.7104085801E-04  -4.0600691620E-03  -4.0087535892E-03   8.8438828606E-05
   22     -4.8490236528E-03  -1.4227999958E-03   3.7878183392E-05  -6.5512711362E-03   1.2877096491E-03
   23     -4.6155885163E-03  -2.9358336040E-03  -5.6378351028E-03   7.2858677660E-03   1.3949532352E-04
   24      2.4873712405E-03   1.1893312247E-03   5.4493476780E-04   1.3116015284E-03  -7.7878335067E-04
   25      2.7018034631E-04  -1.6806121246E-04  -3.4893593948E-04   3.4007720291E-03  -4.3216035837E-03
   26      6.1542004978E-04   1.0820712140E-03   2.9556461773E-03  -4.2081538904E-03  -5.1966932803E-04
   27      3.7443070053E-03  -5.0005336601E-04   7.8273825146E-04  -6.6446153355E-06  -5.6288189393E-03
   28      2.0150866923E-03  -5.7884244313E-04   2.3677585109E-04   2.3210219134E-04  -8.2260605515E-03
   29      1.1124653992E-03   6.5591108182E-04  -1.0970470681E-03  -3.0178462855E-04   6.0653278458E-03
   30     -1.5247413311E-03  -2.8496540646E-03   1.2751882314E-03   1.1189061825E-03  -2.2951820186E-03
   31     -5.7797810231E-04  -2.8748065269E-04   3.2921769615E-03   9.8994249150E-04  -8.3033914434E-03
   32      5.2783288701E-04   9.2294003908E-04   1.3129648209E-03  -2.8485888787E-04  -2.6328719519E-03
   33      6.4802336912E-04  -3.1593164258E-04   4.1925974377E-04   5.2986273319E-05  -7.8204499153E-03
   34      4.9318381192E-05  -3.4029282469E-05  -9.3012414140E-05  -1.9810199623E-05   3.1011436346E-03
   35      7.3082464151E-04  -7.7344839731E-05  -1.6636381419E-05  -6.8335010529E-05  -1.5170446453E-03
   36      9.3605258003E-05  -2.0943965192E-04   9.9675347274E-05   3.3331022155E-05  -2.8297724580E-04
   37     -4.5386827433E-05  -1.7014292356E-04   2.2643252988E-04   7.6753307019E-05  -9.8624408077E-04
   38      2.9827538314E-04  -8.9058943397E-05  -2.1372091670E-04  -8.5160727068E-05   2.4285511405E-04
   39     -4.9102870952E-05   2.7859842097E-04  -3.3378890371E-04  -7.1014158731E-05  -1.8006797978E-03
   40      1.1589110141E-05  -3.3257289600E-04   2.1815487221E-04   4.2236426770E-05  -4.4557550122E-04
   41     -4.1282029005E-06   3.1449296757E-04  -2.6889770376E-04  -1.4351132248E-04   8.2873835674E-05
                   10                 11                 12                 13                 14        
    0     -3.1767105919E-02  -2.6737629949E-02   4.4460902895E-03   8.8705919655E-03  -4.5326134446E-03
    1      1.3044118785E-02  -2.9332389902E-03   3.5451365321E-03   1.9120777743E-03   1.1557986265E-03
    2     -6.7401747430E-03   3.5935786329E-03   3.5101563322E-03   4.1706720288E-03   1.3147009399E-03
    3     -7.3596793523E-03  -5.7842810925E-02  -5.6250948793E-02  -2.4501353711E-02   9.9990596213E-04
    4     -1.0333887237E-01   7.3279571527E-03  -2.9917436381E-02   9.2042326737E-03  -1.0466108887E-02
    5     -2.3975345420E-03  -7.3862278233E-02   6.3233087989E-03  -4.0162237107E-03  -3.8338698463E-03
    6      5.0373779373E-02   2.2342647711E-02   3.4461755145E-03   6.4367614751E-03  -2.9859881177E-03
    7     -1.2704925013E-02  -8.3148088480E-03  -7.7202648473E-03  -7.5580026978E-03   2.3977560155E-03
    8      1.0187904809E-04   1.0731920709E-02  -1.7620523978E-03  -1.8582468092E-03   1.0017834420E-03
    9      7.0933711553E-02   4.3585086993E-02  -1.0659286217E-01  -6.0165170063E-02   2.0411317222E-02
   10      3.3533509874E-01  -4.8286684687E-02  -4.0261420165E-02  -1.8493967021E-01   4.1320920211E-02
   11     -4.8286684687E-02   1.1987145700E-01   1.0384400064E-02   3.6994487701E-02  -7.4469335815E-02
   12     -4.0261420165E-02   1.0384400064E-02   5.4813719974E-01  -4.7379178071E-02   1.7494642306E-02
   13     -1.8493967021E-01   3.6994487701E-02  -4.7379178071E-02   5.5229109550E-01   2.1171386542E-02
   14      4.1320920211E-02  -7.4469335815E-02   1.7494642306E-02   2.1171386542E-02   5.9673832790E-01
   15     -2.8020580824E-03  -8.8933139155E-04  -2.3831763764E-01   3.0708574533E-02  -1.7264022503E-02
   16      2.8007370408E-03  -2.8058079316E-03   4.8473853948E-02  -1.0239953216E-01   1.0556425063E-02
   17     -2.9268092383E-04   3.7714474764E-03  -2.3750675399E-02   8.9750873600E-03  -8.3920331999E-02
   18      1.6143990787E-03  -8.4798800933E-04  -1.2408643227E-02   3.3311761480E-02  -1.2001072901E-02
   19     -7.4494938222E-04   7.8697905471E-04   9.2176485507E-03  -2.4211694522E-03   3.6145333786E-03
   20      4.4716572915E-04   6.7677934959E-05  -3.9315285265E-03   4.7986945371E-03   5.5101354663E-03
   21      2.6113328345E-05   7.3688591873E-04   2.6638706937E-05  -1.1846119850E-04   7.4279312633E-05
   22      3.5451940628E-04   3.5590878682E-03  -6.8237524715E-04  -5.9868703183E-04   1.8816757453E-05
   23      2.6161467051E-03  -4.1094274444E-03   5.1454124148E-04   4.4786188897E-04   2.5065424325E-04
   24     -2.1051706909E-03  -1.5622679657E-03   4.7024870767E-04   6.5133162300E-04  -9.0484856693E-04
   25     -4.6821784669E-04  -6.3836130578E-03   8.9603430315E-04   1.2583780762E-03  -7.7626223596E-04
   26     -6.1392227920E-03   7.7960119890E-03  -1.6967115136E-03  -6.2933788861E-04  -4.2428574896E-04
   27     -1.5988926116E-02   2.3481592509E-02  -6.2682149672E-02   1.4109259276E-02  -5.4996626341E-02
   28     -1.8862144102E-02   3.2128015547E-02   1.0177053530E-02  -6.3561216845E-02   5.1355716113E-02
   29      8.1316585019E-03  -3.6059324996E-03  -4.7647167323E-02   5.5828138469E-02  -2.9582705418E-01
   30     -2.6147912401E-02  -1.0665192816E-02  -7.0589591868E-02   6.0901538270E-02   4.6910102954E-02
   31     -3.2987750961E-02  -1.1036737013E-02   5.1703567844E-02  -2.0483643389E-01  -1.2240773727E-01
   32      1.2031397215E-02   9.8860291472E-03   4.2177749710E-02  -1.2695748036E-01  -1.5381418543E-01
   33      1.6156184189E-03  -1.3307455910E-03  -1.0983686305E-02  -2.3876133937E-02   7.4268498176E-03
   34      6.0986795795E-04   1.9424691191E-04   5.2272489394E-03   5.9133108056E-03  -1.1497864816E-03
   35      1.2705498317E-05   8.1000352519E-04  -2.3802158886E-03  -2.4541806104E-03   2.5843411570E-03
   36      2.1436124962E-04  -2.0522782167E-04   1.3561895997E-03   5.7309237062E-04  -8.1471729393E-04
   37      1.0275135660E-03  -4.2813360607E-04  -9.4788623427E-04  -3.3455909144E-03   5.5884930131E-03
   38     -2.3296698812E-04   1.3149640839E-04  -2.7884287837E-04   5.7268087945E-03   1.1865884811E-02
   39      1.6499629196E-03  -4.5269818365E-04  -5.7022888446E-05   4.6101855962E-04   1.8528142431E-04
   40      8.7467438525E-04  -7.9346396939E-04  -2.3156152731E-03  -9.1879163779E-04  -2.3983554245E-03
   41     -5.8089436652E-04  -6.1264882631E-04   1.0399056425E-03  -2.1792633567E-03  -6.9767649473E-03
                   15                 16                 17                 18                 19        
    0     -1.0985223635E-04  -1.9465975364E-03   7.7414423531E-04  -2.7315190215E-04   3.5559978327E-04
    1      4.9386660283E-04   4.0584366146E-04   7.6311302444E-05  -3.1704006323E-04   1.3717493320E-04
    2      1.9857227064E-05  -3.6036392393E-04   5.2838266268E-04  -2.9754263303E-05   2.1355819169E-04
    3     -2.2353593692E-03   1.0900019175E-03  -1.7834756736E-04   1.7854077692E-03  -2.1866771177E-03
    4     -3.0835517449E-03  -7.8855072421E-03   8.7100555695E-04   1.7324522860E-03  -1.2635721267E-04
    5      2.6174367147E-05   1.6105314562E-03  -1.4209315878E-03   4.0526542450E-04  -4.2274674125E-04
    6      4.1469474165E-04  -5.5819191176E-05   4.9375055427E-04  -6.1077939732E-04   3.6758996906E-04
    7      9.4423783685E-04   2.2573105584E-03   2.9613230530E-04  -5.8989758811E-04  -1.7643383049E-04
    8      2.1425587672E-04   2.6933827428E-04   2.8221749323E-04  -1.1009606182E-04  -9.9364836962E-05
    9     -3.1195540878E-02  -4.5605152287E-02   1.2940903260E-02   1.0221514101E-04   1.8834963500E-03
   10     -2.8020580824E-03   2.8007370408E-03  -2.9268092383E-04   1.6143990787E-03  -7.4494938222E-04
   11     -8.8933139155E-04  -2.8058079316E-03   3.7714474764E-03  -8.4798800933E-04   7.8697905471E-04
   12     -2.3831763764E-01   4.8473853948E-02  -2.3750675399E-02  -1.2408643227E-02   9.2176485507E-03
   13      3.0708574533E-02  -1.0239953216E-01   8.9750873600E-03   3.3311761480E-02  -2.4211694522E-03
   14     -1.7264022503E-02   1.0556425063E-02  -8.3920331999E-02  -1.2001072901E-02   3.6145333786E-03
   15      6.3604211352E-01  -6.2866372591E-02   4.4771813577E-02  -1.8032510371E-01   1.4940075368E-01
   16     -6.2866372591E-02   8.4151047602E-01  -2.3034813602E-01   1.5246952802E-01  -4.9398301772E-01
   17      4.4771813577E-02  -2.3034813602E-01   2.2946585302E-01  -5.6917587429E-02   1.5308084335E-01
   18     -1.8032510371E-01   1.5246952802E-01  -5.6917587429E-02   7.1437665674E-01  -6.5204094799E-02
   19      1.4940075368E-01  -4.9398301772E-01   1.5308084335E-01  -6.5204094799E-02   8.0345576598E-01
   20     -5.5988688976E-02   1.5361917541E-01  -1.0683588704E-01   5.2215256517E-02  -2.3219331515E-01
   21      6.1296358445E-05   1.8187478956E-05   1.4562781341E-05  -3.0680443706E-05   6.3890811085E-06
   22     -4.7049677700E-05  -5.4552669378E-05   4.7571542947E-05   2.7228881240E-05   1.6811896486E-05
   23      1.0602891212E-04   1.9762578811E-04  -6.3382704105E-05  -2.5921231355E-05  -8.8889879544E-05
   24     -3.1430008876E-05  -1.6431704343E-04   3.7158157252E-05  -5.4655644204E-06   7.0846244353E-06
   25     -2.7028741687E-05  -7.8333814513E-05   6.9062971052E-05  -2.2782942001E-05  -4.3092995643E-06
   26     -7.3679301532E-05  -4.9149327029E-04   1.0378407064E-04  -1.1057949485E-05   4.8307820740E-05
   27     -5.6583584524E-03   1.0381182065E-02  -3.2488578493E-02  -3.8019996204E-03  -6.8117133264E-04
   28      4.8298218094E-03  -1.8731971905E-03   8.9299492401E-03   5.7604684977E-04   7.6454121544E-04
   29     -1.5523768574E-03   2.1216749718E-04   7.9139649061E-05  -5.5063893766E-07  -1.1156177644E-03
   30     -8.4013407594E-03   2.7631684022E-02   1.8665592866E-02  -3.6867119153E-03  -9.8547660506E-04
   31      5.1468446452E-03  -4.6196462701E-03  -3.7633570086E-03   3.6518866660E-04   1.2956571270E-03
   32     -2.7444940119E-03   6.4038813931E-03   5.3181885784E-03  -7.3803174786E-04   3.9178425066E-04
   33     -1.7624729943E-01  -1.3703807423E-01   3.8416580707E-02   1.1548268208E-02   1.2086647614E-02
   34     -1.3509957097E-01  -2.1700870554E-01   5.1464136560E-02  -2.0211712080E-02  -1.8241539365E-02
   35      3.7540934862E-02   5.1111347513E-02  -5.4616178853E-02   6.9267913178E-03   8.9855035927E-03
   36     -6.7696176343E-03  -1.7760880881E-03   4.1395702983E-05  -3.5318451909E-01   3.9016089763E-02
   37      3.1540094454E-02  -1.7257411432E-03   3.4517294003E-03   3.3642334920E-02  -6.0921308515E-02
   38     -1.0916364515E-02   1.4594142698E-03   2.6957869850E-03  -2.7612362355E-02   1.0549937166E-02
   39      1.2773435504E-02   9.3904675769E-03  -2.8285372732E-03  -1.7348549299E-01  -1.4327555618E-01
   40     -1.9141045820E-02  -1.7346133533E-02   7.1472671991E-03  -1.3740173609E-01  -2.2905086637E-01
   41      6.7577170535E-03   8.5609716512E-03   4.6119122522E-03   3.8755770020E-02   5.6253694298E-02
                   20                 21                 22                 23                 24        
    0     -9.8023151168E-05  -1.1387029473E-01   1.0699307993E-01   4.9736840524E-02  -3.6490324229E-01
    1     -3.0937348928E-05   1.1419555508E-01  -2.5560397089E-01  -1.1605560972E-01   4.1795181166E-02
    2      3.0671610843E-05   5.3819143422E-02  -1.1816292947E-01  -8.6048451629E-02  -1.9611095424E-02
    3      6.7634875621E-04   9.5413987085E-03   1.2347537248E-02   8.9467322106E-03  -1.3053205361E-02
    4     -1.6740885348E-04  -1.4716448617E-02  -1.1709336420E-02  -1.0494125675E-02   7.2174229657E-03
    5     -2.0121313437E-04  -7.1171467252E-03  -4.8490236528E-03  -4.6155885163E-03   2.4873712405E-03
    6     -2.3142175408E-04  -6.7104085801E-04  -1.4227999958E-03  -2.9358336040E-03   1.1893312247E-03
    7      2.4764725845E-04  -4.0600691620E-03   3.7878183392E-05  -5.6378351028E-03   5.4493476780E-04
    8      1.7487217874E-04  -4.0087535892E-03  -6.5512711362E-03   7.2858677660E-03   1.3116015284E-03
    9     -4.3237239193E-04   8.8438828606E-05   1.2877096491E-03   1.3949532352E-04  -7.7878335067E-04
   10      4.4716572915E-04   2.6113328345E-05   3.5451940628E-04   2.6161467051E-03  -2.1051706909E-03
   11      6.7677934959E-05   7.3688591873E-04   3.5590878682E-03  -4.1094274444E-03  -1.5622679657E-03
   12     -3.9315285265E-03   2.6638706937E-05  -6.8237524715E-04   5.1454124148E-04   4.7024870767E-04
   13      4.7986945371E-03  -1.1846119850E-04  -5.9868703183E-04   4.4786188897E-04   6.5133162300E-04
   14      5.5101354663E-03   7.4279312633E-05   1.8816757453E-05   2.5065424325E-04  -9.0484856693E-04
   15     -5.5988688976E-02   6.1296358445E-05  -4.7049677700E-05   1.0602891212E-04  -3.1430008876E-05
   16      1.5361917541E-01   1.8187478956E-05  -5.4552669378E-05   1.9762578811E-04  -1.6431704343E-04
   17     -1.0683588704E-01   1.4562781341E-05   4.7571542947E-05  -6.3382704105E-05   3.7158157252E-05
   18      5.2215256517E-02  -3.0680443706E-05   2.7228881240E-05  -2.5921231355E-05  -5.4655644204E-06
   19     -2.3219331515E-01   6.3890811085E-06   1.6811896486E-05  -8.8889879544E-05   7.0846244353E-06
   20      1.9192411841E-01   6.6559759516E-05   1.7254713531E-05   6.3550439352E-06  -5.2903634042E-06
   21      6.6559759516E-05   1.0842351268E-01  -1.1640655736E-01  -5.4924126406E-02  -3.6374412966E-03
   22      1.7254713531E-05  -1.1640655736E-01   2.6529609919E-01   1.2526107786E-01  -2.1688357698E-03
   23      6.3550439352E-06  -5.4924126406E-02   1.2526107786E-01   8.4968474954E-02  -1.6512769201E-03
   24     -5.2903634042E-06  -3.6374412966E-03  -2.1688357698E-03  -1.6512769201E-03   3.8094903392E-01
   25      1.9708739884E-05   2.1026669191E-02   2.1370168892E-03   3.6583942612E-03  -4.5593140993E-02
   26     -1.5415565695E-05   1.1465502818E-02   7.9707566668E-04   2.2338761272E-03   1.9737266396E-02
   27      4.2601347170E-04   7.3622556573E-06   6.3524595684E-06   3.1737768341E-05   1.6806960097E-06
   28     -2.1007362681E-04  -4.3125427430E-05  -6.0815323826E-05   5.9815772613E-05  -1.1420157786E-05
   29      4.1422611689E-04  -5.2515856278E-06  -1.2420429105E-04   9.7100582907E-05   9.4265289928E-05
   30     -2.7284790631E-04   7.3732386831E-05   9.9091034136E-05   7.8575079650E-05  -1.7130364655E-04
   31     -3.7400041019E-04   3.1178178701E-05   1.4394070485E-04   5.1728845513E-05  -1.6551098689E-04
   32     -1.6168301584E-04  -9.8418541649E-06   2.7280262787E-05  -3.1150169336E-05   4.5667055707E-05
   33     -3.7565062917E-03   7.1981958199E-06  -5.4063866806E-06   5.2897415767E-05  -4.3190278378E-05
   34      7.2667402224E-03   5.0572865600E-06  -8.9595820320E-07   1.4913339630E-06   2.1823438835E-05
   35      4.4235550723E-03  -1.7129072185E-05  -1.0713061869E-05   1.9779918369E-05   1.0352347073E-05
   36     -2.9341171667E-02   6.0212572110E-06   1.0409557314E-05   9.0508124164E-06  -1.0713945612E-05
   37      1.0166410801E-02   2.3551440776E-05   5.3226836243E-06   2.1913758143E-05  -4.5920810043E-06
   38     -4.0512066681E-02  -1.0785339840E-05  -7.6463033179E-06   2.2210344914E-06  -7.3223169750E-07
   39      4.0665011830E-02  -2.6142055346E-05  -2.4397817238E-05  -7.4477571729E-05   2.4481192773E-05
   40      5.6387731250E-02  -2.0257981375E-06   3.6669334121E-05  -3.2339584202E-05  -2.0806535241E-05
   41     -5.4825346392E-02  -8.8162994874E-05  -2.9633015632E-05   3.6707935914E-06   6.0954467646E-06
                   25                 26                 27                 28                 29        
    0      4.8385131677E-02  -1.3888851391E-02  -3.6427692913E-04  -8.5455903408E-04   1.3264924344E-03
    1     -5.5819100667E-02  -1.1568325041E-02  -1.6444852019E-04  -3.9167177161E-04   7.8339509619E-05
    2     -1.1251370838E-02  -3.5183644621E-02  -1.3028662607E-03  -1.2797385141E-03   1.0240309206E-04
    3     -2.0099489714E-02  -1.5829395479E-02   6.1908818114E-03   6.1589747649E-03  -2.8174210132E-03
    4      5.4359372647E-03   4.1101082787E-03  -9.4221638441E-04   5.9991129880E-04   1.7611059802E-03
    5      2.7018034631E-04   6.1542004978E-04   3.7443070053E-03   2.0150866923E-03   1.1124653992E-03
    6     -1.6806121246E-04   1.0820712140E-03  -5.0005336601E-04  -5.7884244313E-04   6.5591108182E-04
    7     -3.4893593948E-04   2.9556461773E-03   7.8273825146E-04   2.3677585109E-04  -1.0970470681E-03
    8      3.4007720291E-03  -4.2081538904E-03  -6.6446153355E-06   2.3210219134E-04  -3.0178462855E-04
    9     -4.3216035837E-03  -5.1966932803E-04  -5.6288189393E-03  -8.2260605515E-03   6.0653278458E-03
   10     -4.6821784669E-04  -6.1392227920E-03  -1.5988926116E-02  -1.8862144102E-02   8.1316585019E-03
   11     -6.3836130578E-03   7.7960119890E-03   2.3481592509E-02   3.2128015547E-02  -3.6059324996E-03
   12      8.9603430315E-04  -1.6967115136E-03  -6.2682149672E-02   1.0177053530E-02  -4.7647167323E-02
   13      1.2583780762E-03  -6.2933788861E-04   1.4109259276E-02  -6.3561216845E-02   5.5828138469E-02
   14     -7.7626223596E-04  -4.2428574896E-04  -5.4996626341E-02   5.1355716113E-02  -2.9582705418E-01
   15     -2.7028741687E-05  -7.3679301532E-05  -5.6583584524E-03   4.8298218094E-03  -1.5523768574E-03
   16     -7.8333814513E-05  -4.9149327029E-04   1.0381182065E-02  -1.8731971905E-03   2.1216749718E-04
   17      6.9062971052E-05   1.0378407064E-04  -3.2488578493E-02   8.9299492401E-03   7.9139649061E-05
   18     -2.2782942001E-05  -1.1057949485E-05  -3.8019996204E-03   5.7604684977E-04  -5.5063893766E-07
   19     -4.3092995643E-06   4.8307820740E-05  -6.8117133264E-04   7.6454121544E-04  -1.1156177644E-03
   20      1.9708739884E-05  -1.5415565695E-05   4.2601347170E-04  -2.1007362681E-04   4.1422611689E-04
   21      2.1026669191E-02   1.1465502818E-02   7.3622556573E-06  -4.3125427430E-05  -5.2515856278E-06
   22      2.1370168892E-03   7.9707566668E-04   6.3524595684E-06  -6.0815323826E-05  -1.2420429105E-04
   23      3.6583942612E-03   2.2338761272E-03   3.1737768341E-05   5.9815772613E-05   9.7100582907E-05
   24     -4.5593140993E-02   1.9737266396E-02   1.6806960097E-06  -1.1420157786E-05   9.4265289928E-05
   25      4.8150860369E-02   1.0790239333E-02   2.9540022631E-05  -8.5168676089E-05   2.1428136588E-04
   26      1.0790239333E-02   2.9320549327E-02  -5.0436750388E-05   3.7266792608E-05  -2.0235943192E-04
   27      2.9540022631E-05  -5.0436750388E-05   6.8616930422E-02  -6.9245537749E-03   5.0028985637E-02
   28     -8.5168676089E-05   3.7266792608E-05  -6.9245537749E-03   7.5115784718E-02  -6.8959552025E-02
   29      2.1428136588E-04  -2.0235943192E-04   5.0028985637E-02  -6.8959552025E-02   3.1527446720E-01
   30     -8.0422213922E-05  -6.0479483075E-05   3.6005770525E-03  -4.9894123269E-03  -5.4536055862E-03
   31     -1.4351473419E-04  -2.1956242838E-05  -1.1504771006E-03   8.0151956329E-03   4.8927614763E-03
   32     -6.2196161318E-07   6.6800046181E-06   9.0825179607E-03  -2.3950967379E-02  -1.7198942430E-02
   33     -3.5406083308E-05  -1.3855756770E-04   5.0584507825E-04   5.8052618315E-05  -8.3568059827E-04
   34      8.5663722060E-06   5.7330696301E-05  -5.8532110146E-04   2.2196850026E-04   1.8947072940E-04
   35      1.9165671226E-05  -2.2921540238E-05   1.0136217767E-03  -3.5345397108E-04   1.3865726622E-04
   36     -1.1684572448E-05   1.9504873850E-07  -3.7555638110E-04   1.4380137896E-04  -1.6548637813E-05
   37     -1.4625048246E-06   2.3876973096E-05   1.4917832727E-03  -3.5684732479E-04   7.6318349988E-05
   38     -1.1889849063E-06  -5.6755710691E-06   2.1880481391E-03  -6.2063731853E-04   3.6598755536E-05
   39      1.8260535669E-05  -1.0462703283E-05   8.7936044371E-05  -3.1530745075E-04   1.4622218216E-04
   40     -4.1715488366E-05   2.8965132323E-05  -3.6421080216E-04   2.3688401655E-04  -8.3140505857E-05
   41     -2.7229275318E-05  -1.3865199113E-05  -1.1402740379E-03   6.1179026033E-04  -1.1898489172E-04
                   30                 31                 32                 33                 34        
    0     -9.5616888287E-04  -1.4382422272E-03   2.0667281686E-04  -7.2666884104E-04   2.0492915100E-04
    1      4.1519008888E-04   1.1978479369E-04   1.0609103472E-04   2.2298513135E-05  -4.7102707231E-05
    2      1.8563237568E-04  -1.8969596140E-04  -8.7180254958E-06  -1.2996548156E-04   1.1740056760E-05
    3      5.3151098248E-03   7.2474671322E-03   1.0953413636E-04   1.1735399984E-03   1.7922404169E-04
    4     -3.9140147771E-03  -3.6429347108E-03  -1.2446450470E-03  -1.6679519232E-03   7.8002171924E-04
    5     -1.5247413311E-03  -5.7797810231E-04   5.2783288701E-04   6.4802336912E-04   4.9318381192E-05
    6     -2.8496540646E-03  -2.8748065269E-04   9.2294003908E-04  -3.1593164258E-04  -3.4029282469E-05
    7      1.2751882314E-03   3.2921769615E-03   1.3129648209E-03   4.1925974377E-04  -9.3012414140E-05
    8      1.1189061825E-03   9.8994249150E-04  -2.8485888787E-04   5.2986273319E-05  -1.9810199623E-05
    9     -2.2951820186E-03  -8.3033914434E-03  -2.6328719519E-03  -7.8204499153E-03   3.1011436346E-03
   10     -2.6147912401E-02  -3.2987750961E-02   1.2031397215E-02   1.6156184189E-03   6.0986795795E-04
   11     -1.0665192816E-02  -1.1036737013E-02   9.8860291472E-03  -1.3307455910E-03   1.9424691191E-04
   12     -7.0589591868E-02   5.1703567844E-02   4.2177749710E-02  -1.0983686305E-02   5.2272489394E-03
   13      6.0901538270E-02  -2.0483643389E-01  -1.2695748036E-01  -2.3876133937E-02   5.9133108056E-03
   14      4.6910102954E-02  -1.2240773727E-01  -1.5381418543E-01   7.4268498176E-03  -1.1497864816E-03
   15     -8.4013407594E-03   5.1468446452E-03  -2.7444940119E-03  -1.7624729943E-01  -1.3509957097E-01
   16      2.7631684022E-02  -4.6196462701E-03   6.4038813931E-03  -1.3703807423E-01  -2.1700870554E-01
   17      1.8665592866E-02  -3.7633570086E-03   5.3181885784E-03   3.8416580707E-02   5.1464136560E-02
   18     -3.6867119153E-03   3.6518866660E-04  -7.3803174786E-04   1.1548268208E-02  -2.0211712080E-02
   19     -9.8547660506E-04   1.2956571270E-03   3.9178425066E-04   1.2086647614E-02  -1.8241539365E-02
   20     -2.7284790631E-04  -3.7400041019E-04  -1.6168301584E-04  -3.7565062917E-03   7.2667402224E-03
   21      7.3732386831E-05   3.1178178701E-05  -9.8418541649E-06   7.1981958199E-06   5.0572865600E-06
   22      9.9091034136E-05   1.4394070485E-04   2.7280262787E-05  -5.4063866806E-06  -8.9595820320E-07
   23      7.8575079650E-05   5.1728845513E-05  -3.1150169336E-05   5.2897415767E-05   1.4913339630E-06
   24     -1.7130364655E-04  -1.6551098689E-04   4.5667055707E-05  -4.3190278378E-05   2.1823438835E-05
   25     -8.0422213922E-05  -1.4351473419E-04  -6.2196161318E-07  -3.5406083308E-05   8.5663722060E-06
   26     -6.0479483075E-05  -2.1956242838E-05   6.6800046181E-06  -1.3855756770E-04   5.7330696301E-05
   27      3.6005770525E-03  -1.1504771006E-03   9.0825179607E-03   5.0584507825E-04  -5.8532110146E-04
   28     -4.9894123269E-03   8.0151956329E-03  -2.3950967379E-02   5.8052618315E-05   2.2196850026E-04
   29     -5.4536055862E-03   4.8927614763E-03  -1.7198942430E-02  -8.3568059827E-04   1.8947072940E-04
   30      7.9513793513E-02  -5.3454850940E-02  -4.7069832067E-02   5.8021696212E-04  -1.0433381784E-03
   31     -5.3454850940E-02   2.3317208537E-01   1.3219438567E-01   5.4011096038E-04   2.9892597792E-04
   32     -4.7069832067E-02   1.3219438567E-01   1.5589748272E-01   6.5733559913E-04  -3.7311011949E-04
   33      5.8021696212E-04   5.4011096038E-04   6.5733559913E-04   1.8155955733E-01   1.4551363501E-01
   34     -1.0433381784E-03   2.9892597792E-04  -3.7311011949E-04   1.4551363501E-01   2.2951530572E-01
   35     -4.1492717288E-04   3.3250101118E-04   1.0917644288E-04  -4.0143361212E-02  -5.9538618334E-02
   36     -1.2447391631E-04   6.4212545306E-05  -5.4707315786E-05   1.1148155474E-03   3.2810413970E-04
   37     -8.1088714358E-05   3.2460171444E-05  -8.4288005651E-05   2.9442216082E-05   3.3794087679E-04
   38     -2.5818344747E-03   5.1080205756E-04  -6.2685796079E-04   4.7064784340E-04  -2.9177714441E-03
   39     -9.0026676443E-06  -2.9464941264E-04   5.0454378661E-05  -3.5221490859E-04   2.3984922656E-03
   40      3.6985730240E-04  -1.3994617695E-04   1.4464208430E-04   2.3322211660E-03  -2.2946519435E-03
   41      1.0815586303E-03  -6.0197340157E-04   3.8100614193E-04  -1.3867051694E-03   4.7683409939E-03
                   35                 36                 37                 38                 39        
    0     -5.2380009763E-05  -1.7265556413E-04  -2.8572483308E-05  -2.9184316037E-07   2.6518365411E-04
    1     -6.5869431503E-05  -6.3182159607E-05  -6.8832495866E-06  -1.8394425485E-05   1.5856961211E-05
    2     -1.3964061897E-04  -5.4803433565E-05  -5.5185125713E-05  -5.8896640694E-05   1.3129064955E-04
    3      1.1820654336E-04   8.1103274265E-04   3.4717926162E-04  -6.4603648185E-05  -1.1510806079E-03
    4      1.2474684185E-04   7.5178912873E-05   3.3709096543E-05   2.0624487189E-04   1.9518117603E-04
    5      7.3082464151E-04   9.3605258003E-05  -4.5386827433E-05   2.9827538314E-04  -4.9102870952E-05
    6     -7.7344839731E-05  -2.0943965192E-04  -1.7014292356E-04  -8.9058943397E-05   2.7859842097E-04
    7     -1.6636381419E-05   9.9675347274E-05   2.2643252988E-04  -2.1372091670E-04  -3.3378890371E-04
    8     -6.8335010529E-05   3.3331022155E-05   7.6753307019E-05  -8.5160727068E-05  -7.1014158731E-05
    9     -1.5170446453E-03  -2.8297724580E-04  -9.8624408077E-04   2.4285511405E-04  -1.8006797978E-03
   10      1.2705498317E-05   2.1436124962E-04   1.0275135660E-03  -2.3296698812E-04   1.6499629196E-03
   11      8.1000352519E-04  -2.0522782167E-04  -4.2813360607E-04   1.3149640839E-04  -4.5269818365E-04
   12     -2.3802158886E-03   1.3561895997E-03  -9.4788623427E-04  -2.7884287837E-04  -5.7022888446E-05
   13     -2.4541806104E-03   5.7309237062E-04  -3.3455909144E-03   5.7268087945E-03   4.6101855962E-04
   14      2.5843411570E-03  -8.1471729393E-04   5.5884930131E-03   1.1865884811E-02   1.8528142431E-04
   15      3.7540934862E-02  -6.7696176343E-03   3.1540094454E-02  -1.0916364515E-02   1.2773435504E-02
   16      5.1111347513E-02  -1.7760880881E-03  -1.7257411432E-03   1.4594142698E-03   9.3904675769E-03
   17     -5.4616178853E-02   4.1395702983E-05   3.4517294003E-03   2.6957869850E-03  -2.8285372732E-03
   18      6.9267913178E-03  -3.5318451909E-01   3.3642334920E-02  -2.7612362355E-02  -1.7348549299E-01
   19      8.9855035927E-03   3.9016089763E-02  -6.0921308515E-02   1.0549937166E-02  -1.4327555618E-01
   20      4.4235550723E-03  -2.9341171667E-02   1.0166410801E-02  -4.0512066681E-02   4.0665011830E-02
   21     -1.7129072185E-05   6.0212572110E-06   2.3551440776E-05  -1.0785339840E-05  -2.6142055346E-05
   22     -1.0713061869E-05   1.0409557314E-05   5.3226836243E-06  -7.6463033179E-06  -2.4397817238E-05
   23      1.9779918369E-05   9.0508124164E-06   2.1913758143E-05   2.2210344914E-06  -7.4477571729E-05
   24      1.0352347073E-05  -1.0713945612E-05  -4.5920810043E-06  -7.3223169750E-07   2.4481192773E-05
   25      1.9165671226E-05  -1.1684572448E-05  -1.4625048246E-06  -1.1889849063E-06   1.8260535669E-05
   26     -2.2921540238E-05   1.9504873850E-07   2.3876973096E-05  -5.6755710691E-06  -1.0462703283E-05
   27      1.0136217767E-03  -3.7555638110E-04   1.4917832727E-03   2.1880481391E-03   8.7936044371E-05
   28     -3.5345397108E-04   1.4380137896E-04  -3.5684732479E-04  -6.2063731853E-04  -3.1530745075E-04
   29      1.3865726622E-04  -1.6548637813E-05   7.6318349988E-05   3.6598755536E-05   1.4622218216E-04
   30     -4.1492717288E-04  -1.2447391631E-04  -8.1088714358E-05  -2.5818344747E-03  -9.0026676443E-06
   31      3.3250101118E-04   6.4212545306E-05   3.2460171444E-05   5.1080205756E-04  -2.9464941264E-04
   32      1.0917644288E-04  -5.4707315786E-05  -8.4288005651E-05  -6.2685796079E-04   5.0454378661E-05
   33     -4.0143361212E-02   1.1148155474E-03   2.9442216082E-05   4.7064784340E-04  -3.5221490859E-04
   34     -5.9538618334E-02   3.2810413970E-04   3.3794087679E-04  -2.9177714441E-03   2.3984922656E-03
   35      4.3467590012E-02   3.9385652081E-04  -2.9551388571E-03  -7.6053104987E-03  -1.4051596400E-03
   36      3.9385652081E-04   3.6830736543E-01  -4.4130408874E-02   3.2406814766E-02  -1.0465471147E-02
   37     -2.9551388571E-03  -4.4130408874E-02   5.7834354414E-02  -1.3267829790E-02  -2.0724909014E-02
   38     -7.6053104987E-03   3.2406814766E-02  -1.3267829790E-02   3.0719372539E-02   6.2540567689E-03
   39     -1.4051596400E-03  -1.0465471147E-02  -2.0724909014E-02   6.2540567689E-03   1.7391747225E-01
   40      4.8049212114E-03   5.4558972689E-03   6.8601003142E-03  -1.1734193557E-03   1.5085491619E-01
   41      1.0168458486E-02  -2.4986193636E-03  -2.5691650243E-03   3.1443321623E-03  -4.2551381891E-02
                   40                 41        
     0     -2.3449707074E-04   5.5078054224E-05
     1     -1.3363777011E-04   5.0725858039E-05
     2     -5.8804132476E-05   3.5379131168E-06
     3      1.2296464604E-03  -4.1783113486E-04
     4      4.2157690134E-04   4.6757210237E-05
     5      1.1589110141E-05  -4.1282029005E-06
     6     -3.3257289600E-04   3.1449296757E-04
     7      2.1815487221E-04  -2.6889770376E-04
     8      4.2236426770E-05  -1.4351132248E-04
     9     -4.4557550122E-04   8.2873835674E-05
    10      8.7467438525E-04  -5.8089436652E-04
    11     -7.9346396939E-04  -6.1264882631E-04
    12     -2.3156152731E-03   1.0399056425E-03
    13     -9.1879163779E-04  -2.1792633567E-03
    14     -2.3983554245E-03  -6.9767649473E-03
    15     -1.9141045820E-02   6.7577170535E-03
    16     -1.7346133533E-02   8.5609716512E-03
    17      7.1472671991E-03   4.6119122522E-03
    18     -1.3740173609E-01   3.8755770020E-02
    19     -2.2905086637E-01   5.6253694298E-02
    20      5.6387731250E-02  -5.4825346392E-02
    21     -2.0257981375E-06  -8.8162994874E-05
    22      3.6669334121E-05  -2.9633015632E-05
    23     -3.2339584202E-05   3.6707935914E-06
    24     -2.0806535241E-05   6.0954467646E-06
    25     -4.1715488366E-05  -2.7229275318E-05
    26      2.8965132323E-05  -1.3865199113E-05
    27     -3.6421080216E-04  -1.1402740379E-03
    28      2.3688401655E-04   6.1179026033E-04
    29     -8.3140505857E-05  -1.1898489172E-04
    30      3.6985730240E-04   1.0815586303E-03
    31     -1.3994617695E-04  -6.0197340157E-04
    32      1.4464208430E-04   3.8100614193E-04
    33      2.3322211660E-03  -1.3867051694E-03
    34     -2.2946519435E-03   4.7683409939E-03
    35      4.8049212114E-03   1.0168458486E-02
    36      5.4558972689E-03  -2.4986193636E-03
    37      6.8601003142E-03  -2.5691650243E-03
    38     -1.1734193557E-03   3.1443321623E-03
    39      1.5085491619E-01  -4.2551381891E-02
    40      2.4127768310E-01  -6.4031526785E-02
    41     -6.4031526785E-02   4.4382332033E-02

$vibrational_frequencies
42
    0        0.0000000000000000
    1        0.0000000000000000
    2        0.0000000000000000
    3        0.0000000000000000
    4        0.0000000000000000
    5        0.0000000000000000
    6       31.7517235756103737
    7       84.0775755140882239
    8      165.5814606124267527
    9      184.8548392638744815
   10      272.7088021620406835
   11      435.9295543757456244
   12      565.0460246477575765
   13      582.0203069617637084
   14      623.3182149668609782
   15      690.9221641647334309
   16      736.4562575526849741
   17      842.8316920950785516
   18      925.5984302253044689
   19      961.3665681126872187
   20      978.4066062284778127
   21      980.8460731518086959
   22     1033.8714752797343408
   23     1063.0824212874263139
   24     1085.4328008604943534
   25     1178.4681393734335870
   26     1304.5673596482683934
   27     1328.8928773432064645
   28     1346.7365419081716027
   29     1430.6743133949221374
   30     1459.9972277914037022
   31     1479.4028732346084780
   32     1532.0029759598876353
   33     1781.0307154307902238
   34     1814.9341365154521100
   35     3095.9972982093731844
   36     3163.1535264934382212
   37     3222.3501034256100866
   38     3238.4328050713693301
   39     3263.3281342203986242
   40     3328.0489271492224361
   41     3377.2559324015364837

$normal_modes
42 42
                    0                  1                  2                  3                  4        
    0      0.0000000000E+00   0.0000000000E+00   0.0000000000E+00   0.0000000000E+00   0.0000000000E+00
    1      0.0000000000E+00   0.0000000000E+00   0.0000000000E+00   0.0000000000E+00   0.0000000000E+00
    2      0.0000000000E+00   0.0000000000E+00   0.0000000000E+00   0.0000000000E+00   0.0000000000E+00
    3      0.0000000000E+00   0.0000000000E+00   0.0000000000E+00   0.0000000000E+00   0.0000000000E+00
    4      0.0000000000E+00   0.0000000000E+00   0.0000000000E+00   0.0000000000E+00   0.0000000000E+00
