
$orca_hessian_file

$act_atom
  0

$act_coord
  0

$act_energy
        0.000000

$multiplicity
  1

$hessian
42
                    0                  1                  2                  3                  4        
    0      2.2919011987E-01  -9.4775727884E-05  -2.7277823416E-01  -7.1924495854E-02   4.0653069757E-02
    1     -9.4775727884E-05   8.3011452126E-01   4.8238047038E-02   8.8540190382E-02  -4.3977483656E-01
    2     -2.7277823416E-01   4.8238047038E-02   5.8485289364E-01   4.5441575067E-02  -1.0844943990E-01
    3     -7.1924495854E-02   8.8540190382E-02   4.5441575067E-02   3.6666877425E-01   1.2054257254E-02
    4      4.0653069757E-02  -4.3977483656E-01  -1.0844943990E-01   1.2054257254E-02   8.7268903302E-01
    5      5.9241845912E-02  -1.1031830920E-01  -1.1400556946E-01  -1.6797128667E-01   6.5437568751E-02
    6     -1.0936804500E-02   1.2292018566E-02   2.6191567499E-02  -9.7426794515E-02   2.2807342315E-02
    7      2.6597945083E-02  -5.8567306658E-03  -4.3365644791E-02   2.1730742236E-02  -9.0694675723E-02
    8      2.0498179427E-02  -1.1984993332E-02  -2.9872180351E-02   9.7925104990E-02  -5.7723955905E-02
    9      4.2367091799E-02  -2.4929394895E-02   9.4530534457E-03  -1.1058001021E-01  -5.6647197355E-02
   10      1.6788920488E-02  -7.8318695141E-02   3.0828940711E-02  -7.5590124277E-02  -2.9305354871E-01
   11     -3.9432435372E-03   9.6503131227E-03   1.3487885235E-02   2.9968592801E-02   1.0086010733E-01
   12     -4.7148194581E-02   3.2229782533E-02  -9.5406549133E-03  -4.4726267844E-02  -1.1785965127E-01
   13      9.1559228595E-03  -2.9485040935E-03   3.7019204180E-03  -2.8201499149E-02  -6.8979284812E-03
   14     -7.9291819817E-03   6.2374390940E-03  -2.4625840965E-03   6.3828112911E-03  -1.9362539190E-02
   15     -1.3832257643E-02   3.3808756935E-04   6.0691976426E-04  -1.7915243386E-02  -1.3467168038E-04
   16     -5.5303434965E-02   1.9517848167E-02  -1.0322665096E-02  -5.0475872044E-03  -6.4561987534E-02
   17      5.6895573711E-03  -6.9538054455E-03   2.8212335291E-03  -1.1192060833E-03   1.0214769355E-02
   18      4.7861015793E-02  -2.4373365101E-02   9.2919327444E-03  -2.2174053617E-02   7.5254311183E-02
   19      3.2609641148E-02  -2.0456425657E-02   7.4757081327E-03  -7.0427015155E-03   3.4853059362E-02
   20      3.8893431888E-03  -9.9007686521E-04  -1.2768416826E-02  -5.9625459113E-03   6.0706270339E-03
   21     -7.6169894893E-02   1.5674417729E-02   1.2584660542E-01  -7.0206236498E-03   9.7200044644E-03
   22      1.9158155296E-02  -6.4717301569E-02  -4.1317459955E-02   9.7662689399E-03   5.9090132972E-04
   23      1.3340562858E-01  -5.3162844789E-02  -3.1075787136E-01  -1.3184049118E-03   9.5161151718E-03
   24     -8.5512053613E-02  -1.0304893432E-01   7.4027448376E-02   4.6150014622E-03   1.3074340525E-02
   25     -8.8890371994E-02  -2.3914736221E-01   1.1458581665E-01  -1.7660585666E-02  -1.3693023337E-02
   26      7.2712259836E-02   1.1572719748E-01  -1.2783442474E-01  -3.9490976346E-03  -3.1282281454E-03
   27     -1.7557031796E-05  -7.0113105894E-04   5.0455236414E-04  -3.6233947923E-03   5.1623690818E-04
   28      4.7998148408E-04   1.5362779689E-04   2.6218598519E-04  -6.4923243185E-04   8.3914941746E-04
   29      2.8268061259E-04  -4.0440243012E-04   4.2527788945E-04  -2.2893070387E-03  -3.7117073953E-04
   30      2.6006076919E-03  -2.8216719745E-03   1.3069114883E-03   4.7781720434E-03   8.2217184270E-03
   31      3.8221439937E-04  -3.6486500530E-04   3.8866170878E-04  -2.4669874474E-04   1.2688361074E-03
   32      5.3345339989E-04  -7.2957421285E-04   3.6649061087E-04   2.1576844605E-03   3.4397601744E-03
   33      9.5253808233E-04  -7.5110461957E-04   5.4793429476E-04   9.3154806006E-04   2.0973595530E-03
   34      1.0121331133E-04   3.0816679637E-04   5.8167556797E-05  -3.3466130442E-04  -9.0094580451E-04
   35      1.8700299520E-04  -3.8226710659E-04   1.3348277353E-04  -1.6897682998E-04   6.7687486137E-04
   36     -5.5545258981E-03   3.6660758431E-03  -2.6058008690E-04   1.2637186226E-03  -1.5446956198E-03
   37     -1.4239415865E-03   1.2359237348E-03  -6.5640351187E-04   3.4661811779E-04  -1.0192254510E-03
   38     -5.0696167409E-03   3.2076784565E-03  -6.3496882200E-05   5.0426876941E-04  -2.3838202019E-03
   39     -1.1875589221E-02   3.9672323870E-03  -1.0642402109E-02  -2.8663305694E-03  -8.1831458374E-03
   40     -2.0196686477E-04   2.5463315643E-04  -1.4400295627E-03   2.3057347423E-03   3.5519237092E-04
   41     -6.7163041028E-03   1.8777928114E-03  -4.3227199680E-03   4.3085366123E-04  -4.8212068826E-03
                    5                  6                  7                  8                  9        
    0      5.9241845912E-02  -1.0936804500E-02   2.6597945083E-02   2.0498179427E-02   4.2367091799E-02
    1     -1.1031830920E-01   1.2292018566E-02  -5.8567306658E-03  -1.1984993332E-02  -2.4929394895E-02
    2     -1.1400556946E-01   2.6191567499E-02  -4.3365644791E-02  -2.9872180351E-02   9.4530534457E-03
    3     -1.6797128667E-01  -9.7426794515E-02   2.1730742236E-02   9.7925104990E-02  -1.1058001021E-01
    4      6.5437568751E-02   2.2807342315E-02  -9.0694675723E-02  -5.7723955905E-02  -5.6647197355E-02
    5      4.4501409465E-01   8.0295315034E-02  -4.1486054977E-02  -2.0210872322E-01   3.7975556584E-02
    6      8.0295315034E-02   1.1256759171E-01  -2.1300617869E-02  -1.5243730175E-01  -1.8266188273E-02
    7     -4.1486054977E-02  -2.1300617869E-02   9.2508979644E-02   4.3807976741E-02  -3.0996456497E-02
    8     -2.0210872322E-01  -1.5243730175E-01   4.3807976741E-02   2.7414932345E-01   3.3571817797E-02
    9      3.7975556584E-02  -1.8266188273E-02  -3.0996456497E-02   3.3571817797E-02   1.7877893788E-01
   10      1.0349498061E-01  -1.8024443179E-02   4.9379338242E-03   2.9423096419E-02   9.6273025118E-02
   11     -1.3454298596E-01   4.0804097691E-02   4.0579570825E-02  -4.2637224498E-02  -3.6726745941E-02
   12      2.3182540285E-02   4.5238617097E-03   8.1172417508E-03  -4.3894888284E-03   3.3524798924E-02
   13     -7.8382204705E-03   1.8031176051E-03  -7.5828679401E-04  -5.7667205754E-03  -1.7622000865E-02
   14      1.5068421574E-02   2.1437924242E-03   2.8317727705E-03  -6.5221106855E-03  -7.4905097918E-03
   15     -1.0681288204E-02  -5.1283523140E-04   9.3642480570E-04   7.2003213403E-03  -4.3409461923E-02
   16      6.7378413079E-03  -2.4712079300E-03   4.7210997505E-03   4.1886437639E-03   6.8405947043E-02
   17     -1.0596200801E-03   4.3803096563E-04  -4.6910859630E-04   4.1981795752E-03  -2.2003495225E-02
   18     -1.1917704328E-02   6.1022458416E-03  -6.5808267917E-03  -3.7636212329E-03  -4.5073078383E-02
   19     -4.7710947697E-03   2.7630868614E-03  -2.2634481121E-03   5.2286641280E-04  -2.6407585113E-02
   20      1.2718015373E-04   3.2021635146E-03  -1.6965610823E-03  -3.3764649249E-03   4.3664953725E-03
   21      7.8001639696E-03   6.6359835144E-03   1.6956144524E-03   3.6680141823E-03  -7.6427234127E-03
   22     -2.6038662314E-02   2.4888772667E-03  -5.1866373227E-03  -3.6717969501E-03   7.1956250752E-04
   23     -4.3656798670E-03   3.4767043551E-03  -1.0552166229E-03   3.0402962597E-03  -4.2390792534E-03
   24     -3.6845158453E-03  -2.4237892092E-03   1.5870583018E-04  -3.9287436491E-03   5.0902219807E-03
   25      1.7114972146E-02   3.8071619276E-04   1.9342685773E-03   4.0335443916E-04   1.0898852203E-03
   26      4.6246231481E-03  -2.0168348363E-03   4.1249116581E-06  -1.5849042911E-03   2.4281075683E-03
   27     -3.2919882062E-03   1.8510008986E-08  -2.3163362754E-04   1.5791569189E-04  -1.8745656178E-02
   28     -1.9825412829E-03   1.2777516031E-04   1.1667850491E-04   3.4024411798E-04  -4.1632370535E-03
   29     -2.6653273181E-03   7.4015504143E-05   2.0591669222E-05   7.9527823502E-04  -1.0829451270E-02
   30     -6.1889012995E-03  -6.3407421502E-04   3.5720615747E-04   1.2383893613E-03  -1.9710777861E-02
   31     -4.4244580372E-03   4.1779025990E-04   1.8152738970E-04   7.6984389468E-04  -6.6234649927E-03
   32     -2.9111084264E-03  -9.1895145236E-04  -5.6746355658E-05   1.7170008831E-03  -9.5236856546E-03
   33      1.1399851314E-03  -3.4240536271E-04  -1.8105872049E-04  -6.7427096481E-04  -1.5566676994E-03
   34      2.4196665718E-04  -2.1573534462E-05   1.4407401421E-04  -3.6611821367E-05   3.7434507793E-04
   35      8.6927945386E-05  -1.7555254095E-04   3.8000931325E-05   2.3011133604E-05  -4.5874971878E-04
   36      1.0266941088E-03  -3.4909203570E-04  -6.0829280721E-05  -7.2126209717E-04   1.3985381292E-03
   37      8.8810624356E-04  -3.6613552513E-04   2.6853893043E-04   1.7235417960E-04   4.3456730451E-04
   38     -1.4814077724E-03  -1.3071004317E-05   7.0727665900E-05   8.8477976030E-04   2.2303815891E-03
   39     -6.9584824299E-03   1.0622820606E-03  -2.5268248677E-04   1.6778323641E-03   3.8249752276E-03
   40      2.9684436234E-03  -8.8652123253E-04  -5.3322017618E-05  -4.6365648843E-04   8.3407648903E-05
   41     -1.7808253708E-03  -1.0868620359E-03   7.9592201441E-04   1.2937386727E-03   1.2528539731E-03
                   10                 11                 12                 13                 14        
    0      1.6788920488E-02  -3.9432435372E-03  -4.7148194581E-02   9.1559228595E-03  -7.9291819817E-03
    1     -7.8318695141E-02   9.6503131227E-03   3.2229782533E-02  -2.9485040935E-03   6.2374390940E-03
    2      3.0828940711E-02   1.3487885235E-02  -9.5406549133E-03   3.7019204180E-03  -2.4625840965E-03
    3     -7.5590124277E-02   2.9968592801E-02  -4.4726267844E-02  -2.8201499149E-02   6.3828112911E-03
    4     -2.9305354871E-01   1.0086010733E-01  -1.1785965127E-01  -6.8979284812E-03  -1.9362539190E-02
    5      1.0349498061E-01  -1.3454298596E-01   2.3182540285E-02  -7.8382204705E-03   1.5068421574E-02
    6     -1.8024443179E-02   4.0804097691E-02   4.5238617097E-03   1.8031176051E-03   2.1437924242E-03
    7      4.9379338242E-03   4.0579570825E-02   8.1172417508E-03  -7.5828679401E-04   2.8317727705E-03
    8      2.9423096419E-02  -4.2637224498E-02  -4.3894888284E-03  -5.7667205754E-03  -6.5221106855E-03
    9      9.6273025118E-02  -3.6726745941E-02   3.3524798924E-02  -1.7622000865E-02  -7.4905097918E-03
   10      4.1938486928E-01  -1.6263409121E-01   5.8193914046E-02  -6.2966071819E-02   1.9442692598E-02
   11     -1.6263409121E-01   2.2116211180E-01  -6.6376388506E-03   1.0880207816E-02  -6.2297988857E-02
   12      5.8193914046E-02  -6.6376388506E-03   2.3761055409E-01  -1.6136602089E-02  -1.6463726984E-01
   13     -6.2966071819E-02   1.0880207816E-02  -1.6136602089E-02   6.7303711895E-01  -4.8360498874E-02
   14      1.9442692598E-02  -6.2297988857E-02  -1.6463726984E-01  -4.8360498874E-02   6.0461664554E-01
   15      8.0677434328E-03  -7.6140848342E-03  -1.2472358799E-01   9.6339662516E-02   4.4051609750E-02
   16      4.4223650822E-02   5.1869672887E-03   4.6738987874E-02  -2.2688011599E-01  -3.4070845369E-02
   17      4.1190722277E-03  -1.0350966876E-04   5.0267292621E-02  -3.0959887940E-02  -1.0389628041E-01
   18     -4.2641902126E-02   2.7654647761E-03   5.6328202064E-02   4.4047275843E-03  -1.8148474755E-03
   19     -2.3720221976E-02   1.4883786059E-04   2.6026040576E-02  -4.5063471619E-02   2.0937690654E-02
   20     -8.9023213849E-04   2.9653596098E-03  -6.6158898919E-03  -2.3917338761E-03   7.9112125482E-03
   21     -4.6579497628E-03  -1.1009024239E-03   5.4918342647E-03  -1.9884656340E-03   4.5065648495E-04
   22      1.4577324190E-03   1.6546546751E-03  -7.3427407073E-04   6.1473522182E-05  -3.9883377733E-04
   23     -1.1066391856E-03   2.2559411444E-04   2.8396434156E-03  -1.5374101228E-03   1.6234103379E-04
   24     -9.4236049340E-04   4.3515359062E-03   4.3775957220E-04   1.8995115733E-03   1.0898344754E-03
   25     -6.6144353530E-03  -1.3875879867E-03   1.5095668925E-03   1.7805345560E-04   4.4928740023E-04
   26     -5.4920105209E-03   3.7772764854E-03   1.1037319835E-03   9.7807350560E-04   8.6124097685E-04
   27     -2.6208598457E-02   9.5941121962E-03  -6.3854827620E-02  -6.0282687646E-02   4.3248189589E-02
   28     -4.6031043130E-03   2.3854170986E-03  -6.2066195968E-02  -2.5423468298E-01   1.2347322659E-01
   29     -1.4354272908E-02   6.3197372484E-03   5.0591713284E-02   1.2947543710E-01  -1.3544297019E-01
   30     -1.4909732792E-02  -3.1106518794E-02  -4.9333981107E-02   9.8016576425E-03   6.9527967880E-02
   31     -2.2237663247E-03  -7.4931813155E-03   1.5799187288E-02  -7.1185928939E-02  -4.9143034353E-02
   32     -5.7721970759E-03  -8.4275431049E-03   6.5298346230E-02  -5.3027229898E-02  -3.1717116335E-01
   33     -2.2227602935E-03  -7.0538269175E-04  -2.8754146237E-03   6.2065833944E-04   1.4250593827E-02
   34      3.2476862871E-04   8.4025673238E-04   1.2899756477E-02  -6.8150868335E-04  -2.5966856001E-02
   35     -1.1058781754E-03   2.2434326309E-04   5.8485242965E-04   1.7578743033E-03  -1.5827896723E-03
   36      1.8758571076E-04  -1.5354276816E-05   3.9455984277E-03   3.3970052973E-05   5.4929563718E-03
   37      1.1888055735E-03  -4.4927053379E-04  -2.8781913022E-03  -3.6943335645E-03   3.6989532042E-03
   38      9.9764034076E-04   3.6126460374E-05   2.4792172680E-03   3.9256393726E-03   1.5729775347E-03
   39      5.6952794353E-03   3.5951850451E-04  -9.2003352900E-03   1.6350444286E-04  -4.7585940250E-03
   40     -1.7916907847E-05  -2.2696075672E-04  -1.8310399662E-03   2.0341870346E-03   2.3513142836E-04
   41      3.0536573559E-03  -1.8918212979E-04  -4.5344041675E-03  -8.4103693144E-04  -8.1695195216E-04
                   15                 16                 17                 18                 19        
    0     -1.3832257643E-02  -5.5303434965E-02   5.6895573711E-03   4.7861015793E-02   3.2609641148E-02
    1      3.3808756935E-04   1.9517848167E-02  -6.9538054455E-03  -2.4373365101E-02  -2.0456425657E-02
    2      6.0691976426E-04  -1.0322665096E-02   2.8212335291E-03   9.2919327444E-03   7.4757081327E-03
    3     -1.7915243386E-02  -5.0475872044E-03  -1.1192060833E-03  -2.2174053617E-02  -7.0427015155E-03
    4     -1.3467168038E-04  -6.4561987534E-02   1.0214769355E-02   7.5254311183E-02   3.4853059362E-02
    5     -1.0681288204E-02   6.7378413079E-03  -1.0596200801E-03  -1.1917704328E-02  -4.7710947697E-03
    6     -5.1283523140E-04  -2.4712079300E-03   4.3803096563E-04   6.1022458416E-03   2.7630868614E-03
    7      9.3642480570E-04   4.7210997505E-03  -4.6910859630E-04  -6.5808267917E-03  -2.2634481121E-03
    8      7.2003213403E-03   4.1886437639E-03   4.1981795752E-03  -3.7636212329E-03   5.2286641280E-04
    9     -4.3409461923E-02   6.8405947043E-02  -2.2003495225E-02  -4.5073078383E-02  -2.6407585113E-02
   10      8.0677434328E-03   4.4223650822E-02   4.1190722277E-03  -4.2641902126E-02  -2.3720221976E-02
   11     -7.6140848342E-03   5.1869672887E-03  -1.0350966876E-04   2.7654647761E-03   1.4883786059E-04
   12     -1.2472358799E-01   4.6738987874E-02   5.0267292621E-02   5.6328202064E-02   2.6026040576E-02
   13      9.6339662516E-02  -2.2688011599E-01  -3.0959887940E-02   4.4047275843E-03  -4.5063471619E-02
   14      4.4051609750E-02  -3.4070845369E-02  -1.0389628041E-01  -1.8148474755E-03   2.0937690654E-02
   15      4.0040612088E-01  -5.0288617120E-02  -2.5992141242E-01  -9.0271846294E-02  -7.0447093706E-02
   16     -5.0288617120E-02   6.7030331898E-01  -1.3445952232E-01  -3.1251120149E-02  -3.6208014824E-01
   17     -2.5992141242E-01  -1.3445952232E-01   5.5587517587E-01   7.5811232435E-02   1.6794807720E-01
   18     -9.0271846294E-02  -3.1251120149E-02   7.5811232435E-02   2.4753755769E-01  -8.0673736207E-02
   19     -7.0447093706E-02  -3.6208014824E-01   1.6794807720E-01  -8.0673736207E-02   7.6354932794E-01
   20      7.9464898544E-02   1.6774213516E-01  -1.9945923245E-01  -2.4586921160E-01  -1.1313611502E-01
   21      1.2900026759E-04   4.6960215741E-03  -2.5911344910E-03  -9.2378799275E-03  -6.3348991235E-03
   22     -7.9619971808E-04  -9.2425971590E-04  -1.1434036476E-03  -4.6300388612E-04  -6.8647508720E-05
   23      1.1704775806E-03   3.2265085102E-03   1.2891674793E-03  -2.9871208385E-03  -2.1419802473E-03
   24     -1.3236802585E-03   2.9810819559E-04  -1.5036718862E-03  -1.9810832798E-03  -3.4949856901E-03
   25     -3.2706302393E-04   1.9964283417E-04  -4.5453828348E-04   2.6537697056E-04   1.6525607239E-04
   26     -5.1253472598E-04   5.4300886561E-04  -7.0547401614E-04  -2.1336190167E-03  -2.4949558877E-03
   27      1.0295411913E-02   1.7812412169E-02  -1.1703916186E-02  -1.6757180004E-03   4.6360085485E-03
   28     -8.8201026663E-03  -1.4712269280E-02   1.4172176630E-02   3.1487238730E-03  -4.1006282038E-03
   29     -1.6158130417E-03  -5.9805546219E-03   4.4843631496E-03   4.8020358963E-04  -3.6770386397E-04
   30     -4.5200877936E-03   9.3466065865E-03   1.9078046997E-02  -4.9655882398E-03  -4.0613975180E-03
   31      6.4986376151E-03  -5.5340086522E-04  -2.5386695311E-02  -2.3732735053E-04   1.0903315928E-03
   32      1.9461731028E-03   1.7775177103E-03  -7.8227227900E-04  -1.3460881721E-03   1.3642742347E-04
   33     -1.2141918317E-01   1.5233821069E-02   1.3650240816E-01  -1.5491558222E-03   1.4443533722E-03
   34      1.7297001455E-02  -5.7384817710E-02  -1.3024086954E-02  -1.4904080436E-02   4.4538057499E-03
   35      1.4685000281E-01  -9.8417729583E-03  -2.6290277604E-01   6.7867007717E-03  -3.1351510825E-03
   36      1.0693065477E-02  -1.1030589320E-02  -1.8952527989E-03  -9.2655055469E-02   1.1475669326E-01
   37      1.4678595966E-02  -1.6834207065E-02  -9.1637195053E-03   1.0661191728E-01  -2.8524551195E-01
   38     -6.5585016152E-03   1.2539300480E-02   7.1089734466E-03   4.2316477960E-02  -6.3896253570E-02
   39     -3.5954148518E-03  -7.1366374395E-03   1.2961613491E-02  -8.8245562352E-02   1.6230109700E-02
   40     -1.3345115831E-02   4.9656458441E-03   2.5573780302E-02   1.1436770561E-02  -6.1113277456E-02
   41      5.6031390086E-03  -7.2796704321E-03  -6.8679281154E-03   1.3238201514E-01  -7.2402564826E-03
                   20                 21                 22                 23                 24        
    0      3.8893431888E-03  -7.6169894893E-02   1.9158155296E-02   1.3340562858E-01  -8.5512053613E-02
    1     -9.9007686521E-04   1.5674417729E-02  -6.4717301569E-02  -5.3162844789E-02  -1.0304893432E-01
    2     -1.2768416826E-02   1.2584660542E-01  -4.1317459955E-02  -3.1075787136E-01   7.4027448376E-02
    3     -5.9625459113E-03  -7.0206236498E-03   9.7662689399E-03  -1.3184049118E-03   4.6150014622E-03
    4      6.0706270339E-03   9.7200044644E-03   5.9090132972E-04   9.5161151718E-03   1.3074340525E-02
    5      1.2718015373E-04   7.8001639696E-03  -2.6038662314E-02  -4.3656798670E-03  -3.6845158453E-03
    6      3.2021635146E-03   6.6359835144E-03   2.4888772667E-03   3.4767043551E-03  -2.4237892092E-03
    7     -1.6965610823E-03   1.6956144524E-03  -5.1866373227E-03  -1.0552166229E-03   1.5870583018E-04
    8     -3.3764649249E-03   3.6680141823E-03  -3.6717969501E-03   3.0402962597E-03  -3.9287436491E-03
    9      4.3664953725E-03  -7.6427234127E-03   7.1956250752E-04  -4.2390792534E-03   5.0902219807E-03
   10     -8.9023213849E-04  -4.6579497628E-03   1.4577324190E-03  -1.1066391856E-03  -9.4236049340E-04
   11      2.9653596098E-03  -1.1009024239E-03   1.6546546751E-03   2.2559411444E-04   4.3515359062E-03
   12     -6.6158898919E-03   5.4918342647E-03  -7.3427407073E-04   2.8396434156E-03   4.3775957220E-04
   13     -2.3917338761E-03  -1.9884656340E-03   6.1473522182E-05  -1.5374101228E-03   1.8995115733E-03
   14      7.9112125482E-03   4.5065648495E-04  -3.9883377733E-04   1.6234103379E-04   1.0898344754E-03
   15      7.9464898544E-02   1.2900026759E-04  -7.9619971808E-04   1.1704775806E-03  -1.3236802585E-03
   16      1.6774213516E-01   4.6960215741E-03  -9.2425971590E-04   3.2265085102E-03   2.9810819559E-04
   17     -1.9945923245E-01  -2.5911344910E-03  -1.1434036476E-03   1.2891674793E-03  -1.5036718862E-03
   18     -2.4586921160E-01  -9.2378799275E-03  -4.6300388612E-04  -2.9871208385E-03  -1.9810832798E-03
   19     -1.1313611502E-01  -6.3348991235E-03  -6.8647508720E-05  -2.1419802473E-03  -3.4949856901E-03
   20      5.8111075606E-01  -8.3225908853E-03  -6.2076158549E-04  -3.3508088388E-03   2.7640310561E-03
   21     -8.3225908853E-03   9.1305161373E-02  -2.2064087134E-02  -1.3324711590E-01  -2.5534382869E-03
   22     -6.2076158549E-04  -2.2064087134E-02   6.0558590662E-02   5.0884457607E-02  -8.4119300858E-03
   23     -3.3508088388E-03  -1.3324711590E-01   5.0884457607E-02   3.1938468515E-01   1.8156811721E-03
   24      2.7640310561E-03  -2.5534382869E-03  -8.4119300858E-03   1.8156811721E-03   8.2764036327E-02
   25      6.0654932736E-04   3.6322982775E-03   8.2763558152E-03  -4.7632653354E-03   1.0039287899E-01
   26      1.5687858948E-03   7.1867000827E-03   2.0140411133E-02  -5.9769190391E-03  -7.5319513705E-02
   27      2.5712814523E-03  -2.1211944700E-04   4.0543791136E-05  -1.5390927410E-04   1.4960793957E-04
   28     -1.8918495093E-03  -9.2843226758E-05  -2.1822362790E-05   1.0098487386E-05   8.0806584500E-05
   29      8.4903857219E-04  -1.4628721141E-04   1.3669120284E-05  -6.9526130739E-05   1.3284936302E-04
   30     -1.0353273073E-03  -5.5583769954E-04   9.7130007003E-05  -2.5293559821E-04   1.7408018131E-04
   31     -5.0221503467E-04  -6.4132981723E-05   5.4328583220E-05   1.2016082533E-05   5.7163243307E-05
   32      1.0473269390E-03  -1.1749275583E-04   3.4008305493E-05  -1.7380669029E-05   6.9151749243E-05
   33      6.5108267423E-03  -1.4176625196E-04  -6.5682478921E-05  -2.9970163100E-04  -6.1553111918E-05
   34      2.6804244443E-02  -1.2580502795E-04   8.1638403353E-05  -1.6063626591E-04   1.0880915510E-04
   35     -1.0047938329E-02   2.4980603379E-04   1.2662335258E-04  -6.3759060677E-05  -1.5117983215E-04
   36      3.9961579067E-02   3.8770812388E-04   3.1961697998E-04  -5.1953231151E-05  -7.3441596741E-05
   37     -6.4482316846E-02  -1.4702155617E-05   6.6541908105E-05   2.2767295006E-04   1.1636576316E-04
   38     -7.3280620547E-02   1.2204447477E-04   3.5616948136E-04   2.2349433321E-04   3.7345179115E-04
   39      1.2507313192E-01  -4.1540397564E-04  -5.3053543915E-05  -1.5796706944E-04   6.9833189230E-04
   40     -1.4607790770E-02  -7.7395320463E-05  -2.2889416406E-04   5.3685787257E-05  -2.8286226274E-04
   41     -2.9329617786E-01   2.0158561402E-04  -2.1637472190E-05   2.7636659604E-04  -3.9725862977E-05
                   25                 26                 27                 28                 29        
    0     -8.8890371994E-02   7.2712259836E-02  -1.7557031796E-05   4.7998148408E-04   2.8268061259E-04
    1     -2.3914736221E-01   1.1572719748E-01  -7.0113105894E-04   1.5362779689E-04  -4.0440243012E-04
    2      1.1458581665E-01  -1.2783442474E-01   5.0455236414E-04   2.6218598519E-04   4.2527788945E-04
    3     -1.7660585666E-02  -3.9490976346E-03  -3.6233947923E-03  -6.4923243185E-04  -2.2893070387E-03
    4     -1.3693023337E-02  -3.1282281454E-03   5.1623690818E-04   8.3914941746E-04  -3.7117073953E-04
    5      1.7114972146E-02   4.6246231481E-03  -3.2919882062E-03  -1.9825412829E-03  -2.6653273181E-03
    6      3.8071619276E-04  -2.0168348363E-03   1.8510008986E-08   1.2777516031E-04   7.4015504143E-05
    7      1.9342685773E-03   4.1249116581E-06  -2.3163362754E-04   1.1667850491E-04   2.0591669222E-05
    8      4.0335443916E-04  -1.5849042911E-03   1.5791569189E-04   3.4024411798E-04   7.9527823502E-04
    9      1.0898852203E-03   2.4281075683E-03  -1.8745656178E-02  -4.1632370535E-03  -1.0829451270E-02
   10     -6.6144353530E-03  -5.4920105209E-03  -2.6208598457E-02  -4.6031043130E-03  -1.4354272908E-02
   11     -1.3875879867E-03   3.7772764854E-03   9.5941121962E-03   2.3854170986E-03   6.3197372484E-03
   12      1.5095668925E-03   1.1037319835E-03  -6.3854827620E-02  -6.2066195968E-02   5.0591713284E-02
   13      1.7805345560E-04   9.7807350560E-04  -6.0282687646E-02  -2.5423468298E-01   1.2947543710E-01
   14      4.4928740023E-04   8.6124097685E-04   4.3248189589E-02   1.2347322659E-01  -1.3544297019E-01
   15     -3.2706302393E-04  -5.1253472598E-04   1.0295411913E-02  -8.8201026663E-03  -1.6158130417E-03
   16      1.9964283417E-04   5.4300886561E-04   1.7812412169E-02  -1.4712269280E-02  -5.9805546219E-03
   17     -4.5453828348E-04  -7.0547401614E-04  -1.1703916186E-02   1.4172176630E-02   4.4843631496E-03
   18      2.6537697056E-04  -2.1336190167E-03  -1.6757180004E-03   3.1487238730E-03   4.8020358963E-04
   19      1.6525607239E-04  -2.4949558877E-03   4.6360085485E-03  -4.1006282038E-03  -3.6770386397E-04
   20      6.0654932736E-04   1.5687858948E-03   2.5712814523E-03  -1.8918495093E-03   8.4903857219E-04
   21      3.6322982775E-03   7.1867000827E-03  -2.1211944700E-04  -9.2843226758E-05  -1.4628721141E-04
   22      8.2763558152E-03   2.0140411133E-02   4.0543791136E-05  -2.1822362790E-05   1.3669120284E-05
   23     -4.7632653354E-03  -5.9769190391E-03  -1.5390927410E-04   1.0098487386E-05  -6.9526130739E-05
   24      1.0039287899E-01  -7.5319513705E-02   1.4960793957E-04   8.0806584500E-05   1.3284936302E-04
   25      2.4884377939E-01  -1.2613690106E-01  -7.1700423022E-05  -1.4620185749E-05  -6.0429930489E-05
   26     -1.2613690106E-01   1.2503281140E-01   5.6868595276E-05   3.1268334590E-05   4.1887221894E-05
   27     -7.1700423022E-05   5.6868595276E-05   7.8563065999E-02   6.9456544195E-02  -4.2925544827E-02
   28     -1.4620185749E-05   3.1268334590E-05   6.9456544195E-02   2.6790596184E-01  -1.3255203116E-01
   29     -6.0429930489E-05   4.1887221894E-05  -4.2925544827E-02  -1.3255203116E-01   1.3459362698E-01
   30     -1.8372641729E-04   6.0707212547E-06   2.2356942507E-04   3.2294191486E-03   7.4811492709E-03
   31     -7.0645246475E-05   1.9076748962E-05  -4.7538317087E-03   8.3934377627E-03   2.5145377927E-02
   32     -4.6608006684E-05   3.6238230030E-06   3.2131418291E-03  -4.7945881457E-03  -1.0294343271E-02
   33     -5.2760327339E-05  -1.7741589508E-04  -8.7686573128E-04  -3.2165525243E-04  -1.0869341562E-03
   34      6.9190852738E-06  -3.3075993391E-05  -1.2149827509E-03   1.0737449646E-03  -3.8365401404E-05
   35     -2.6877803555E-05  -4.3646593369E-06  -9.3506229098E-04  -3.0530343502E-04   2.3369402083E-04
   36     -5.6720992038E-05   2.4816453169E-04  -3.1971316019E-04  -4.1723941700E-04  -1.6609692927E-04
   37      3.5388906569E-05   4.9178942855E-05   1.0734752500E-03  -8.3735312972E-04  -2.3770335632E-04
   38     -9.0672058897E-05   5.8543249162E-05  -6.3232535750E-04   7.8573655971E-04   3.2858916930E-04
   39     -3.3410714537E-05   3.7047938499E-04   9.4178174354E-05   8.4730674130E-06   1.5151520912E-05
   40     -9.9577798679E-05  -2.0821239787E-04  -7.1872687339E-05   4.1880169379E-05  -2.8913429417E-04
   41     -1.9205540684E-04   1.3729455628E-04   2.9835575530E-04   6.6652622321E-05   4.0067443063E-04
                   30                 31                 32                 33                 34        
    0      2.6006076919E-03   3.8221439937E-04   5.3345339989E-04   9.5253808233E-04   1.0121331133E-04
    1     -2.8216719745E-03  -3.6486500530E-04  -7.2957421285E-04  -7.5110461957E-04   3.0816679637E-04
    2      1.3069114883E-03   3.8866170878E-04   3.6649061087E-04   5.4793429476E-04   5.8167556797E-05
    3      4.7781720434E-03  -2.4669874474E-04   2.1576844605E-03   9.3154806006E-04  -3.3466130442E-04
    4      8.2217184270E-03   1.2688361074E-03   3.4397601744E-03   2.0973595530E-03  -9.0094580451E-04
    5     -6.1889012995E-03  -4.4244580372E-03  -2.9111084264E-03   1.1399851314E-03   2.4196665718E-04
    6     -6.3407421502E-04   4.1779025990E-04  -9.1895145236E-04  -3.4240536271E-04  -2.1573534462E-05
    7      3.5720615747E-04   1.8152738970E-04  -5.6746355658E-05  -1.8105872049E-04   1.4407401421E-04
    8      1.2383893613E-03   7.6984389468E-04   1.7170008831E-03  -6.7427096481E-04  -3.6611821367E-05
    9     -1.9710777861E-02  -6.6234649927E-03  -9.5236856546E-03  -1.5566676994E-03   3.7434507793E-04
   10     -1.4909732792E-02  -2.2237663247E-03  -5.7721970759E-03  -2.2227602935E-03   3.2476862871E-04
   11     -3.1106518794E-02  -7.4931813155E-03  -8.4275431049E-03  -7.0538269175E-04   8.4025673238E-04
   12     -4.9333981107E-02   1.5799187288E-02   6.5298346230E-02  -2.8754146237E-03   1.2899756477E-02
   13      9.8016576425E-03  -7.1185928939E-02  -5.3027229898E-02   6.2065833944E-04  -6.8150868335E-04
   14      6.9527967880E-02  -4.9143034353E-02  -3.1717116335E-01   1.4250593827E-02  -2.5966856001E-02
   15     -4.5200877936E-03   6.4986376151E-03   1.9461731028E-03  -1.2141918317E-01   1.7297001455E-02
   16      9.3466065865E-03  -5.5340086522E-04   1.7775177103E-03   1.5233821069E-02  -5.7384817710E-02
   17      1.9078046997E-02  -2.5386695311E-02  -7.8227227900E-04   1.3650240816E-01  -1.3024086954E-02
   18     -4.9655882398E-03  -2.3732735053E-04  -1.3460881721E-03  -1.5491558222E-03  -1.4904080436E-02
   19     -4.0613975180E-03   1.0903315928E-03   1.3642742347E-04   1.4443533722E-03   4.4538057499E-03
   20     -1.0353273073E-03  -5.0221503467E-04   1.0473269390E-03   6.5108267423E-03   2.6804244443E-02
   21     -5.5583769954E-04  -6.4132981723E-05  -1.1749275583E-04  -1.4176625196E-04  -1.2580502795E-04
   22      9.7130007003E-05   5.4328583220E-05   3.4008305493E-05  -6.5682478921E-05   8.1638403353E-05
   23     -2.5293559821E-04   1.2016082533E-05  -1.7380669029E-05  -2.9970163100E-04  -1.6063626591E-04
   24      1.7408018131E-04   5.7163243307E-05   6.9151749243E-05  -6.1553111918E-05   1.0880915510E-04
   25     -1.8372641729E-04  -7.0645246475E-05  -4.6608006684E-05  -5.2760327339E-05   6.9190852738E-06
   26      6.0707212547E-06   1.9076748962E-05   3.6238230030E-06  -1.7741589508E-04  -3.3075993391E-05
   27      2.2356942507E-04  -4.7538317087E-03   3.2131418291E-03  -8.7686573128E-04  -1.2149827509E-03
   28      3.2294191486E-03   8.3934377627E-03  -4.7945881457E-03  -3.2165525243E-04   1.0737449646E-03
   29      7.4811492709E-03   2.5145377927E-02  -1.0294343271E-02  -1.0869341562E-03  -3.8365401404E-05
   30      6.9886141011E-02  -1.3087039106E-02  -6.1241151143E-02   8.7182355170E-04   4.0390926895E-03
   31     -1.3087039106E-02   6.7073349607E-02   5.9940489223E-02   1.8199970321E-03  -3.5367109312E-03
   32     -6.1241151143E-02   5.9940489223E-02   3.3532387125E-01   2.8214768972E-05  -2.6663535536E-04
   33      8.7182355170E-04   1.8199970321E-03   2.8214768972E-05   1.2378155548E-01  -1.6789321578E-02
   34      4.0390926895E-03  -3.5367109312E-03  -2.6663535536E-04  -1.6789321578E-02   5.8746226795E-02
   35      1.6806192635E-03  -5.5039298895E-04   1.0562930105E-03  -1.5578580328E-01   1.0015316916E-02
   36     -3.5916987608E-04   2.1747790698E-04   2.5762417849E-04  -4.3520777659E-03  -8.7857840562E-04
   37     -1.6882508378E-04   1.9183868788E-04   3.6413578563E-05  -1.1227181759E-03   9.9881365195E-04
   38     -2.7411326899E-04   5.9556337720E-04   3.2098054072E-04  -3.4085636597E-03  -1.0583948037E-03
   39      1.5451228878E-03  -1.7588495545E-04  -3.5448131594E-04   6.6376243614E-03  -5.5969581053E-04
   40      1.3547432904E-04  -3.1833241947E-04  -6.7038934256E-04   2.9935276144E-04  -3.6341749609E-03
   41     -2.2214679588E-04   6.2830005608E-04  -2.3177596484E-04   3.1648830604E-03   2.6370489593E-03
                   35                 36                 37                 38                 39        
    0      1.8700299520E-04  -5.5545258981E-03  -1.4239415865E-03  -5.0696167409E-03  -1.1875589221E-02
    1     -3.8226710659E-04   3.6660758431E-03   1.2359237348E-03   3.2076784565E-03   3.9672323870E-03
    2      1.3348277353E-04  -2.6058008690E-04  -6.5640351187E-04  -6.3496882200E-05  -1.0642402109E-02
    3     -1.6897682998E-04   1.2637186226E-03   3.4661811779E-04   5.0426876941E-04  -2.8663305694E-03
    4      6.7687486137E-04  -1.5446956198E-03  -1.0192254510E-03  -2.3838202019E-03  -8.1831458374E-03
    5      8.6927945386E-05   1.0266941088E-03   8.8810624356E-04  -1.4814077724E-03  -6.9584824299E-03
    6     -1.7555254095E-04  -3.4909203570E-04  -3.6613552513E-04  -1.3071004317E-05   1.0622820606E-03
    7      3.8000931325E-05  -6.0829280721E-05   2.6853893043E-04   7.0727665900E-05  -2.5268248677E-04
    8      2.3011133604E-05  -7.2126209717E-04   1.7235417960E-04   8.8477976030E-04   1.6778323641E-03
    9     -4.5874971878E-04   1.3985381292E-03   4.3456730451E-04   2.2303815891E-03   3.8249752276E-03
   10     -1.1058781754E-03   1.8758571076E-04   1.1888055735E-03   9.9764034076E-04   5.6952794353E-03
   11      2.2434326309E-04  -1.5354276816E-05  -4.4927053379E-04   3.6126460374E-05   3.5951850451E-04
   12      5.8485242965E-04   3.9455984277E-03  -2.8781913022E-03   2.4792172680E-03  -9.2003352900E-03
   13      1.7578743033E-03   3.3970052973E-05  -3.6943335645E-03   3.9256393726E-03   1.6350444286E-04
   14     -1.5827896723E-03   5.4929563718E-03   3.6989532042E-03   1.5729775347E-03  -4.7585940250E-03
   15      1.4685000281E-01   1.0693065477E-02   1.4678595966E-02  -6.5585016152E-03  -3.5954148518E-03
   16     -9.8417729583E-03  -1.1030589320E-02  -1.6834207065E-02   1.2539300480E-02  -7.1366374395E-03
   17     -2.6290277604E-01  -1.8952527989E-03  -9.1637195053E-03   7.1089734466E-03   1.2961613491E-02
   18      6.7867007717E-03  -9.2655055469E-02   1.0661191728E-01   4.2316477960E-02  -8.8245562352E-02
   19     -3.1351510825E-03   1.1475669326E-01  -2.8524551195E-01  -6.3896253570E-02   1.6230109700E-02
   20     -1.0047938329E-02   3.9961579067E-02  -6.4482316846E-02  -7.3280620547E-02   1.2507313192E-01
   21      2.4980603379E-04   3.8770812388E-04  -1.4702155617E-05   1.2204447477E-04  -4.1540397564E-04
   22      1.2662335258E-04   3.1961697998E-04   6.6541908105E-05   3.5616948136E-04  -5.3053543915E-05
   23     -6.3759060677E-05  -5.1953231151E-05   2.2767295006E-04   2.2349433321E-04  -1.5796706944E-04
   24     -1.5117983215E-04  -7.3441596741E-05   1.1636576316E-04   3.7345179115E-04   6.9833189230E-04
   25     -2.6877803555E-05  -5.6720992038E-05   3.5388906569E-05  -9.0672058897E-05  -3.3410714537E-05
   26     -4.3646593369E-06   2.4816453169E-04   4.9178942855E-05   5.8543249162E-05   3.7047938499E-04
   27     -9.3506229098E-04  -3.1971316019E-04   1.0734752500E-03  -6.3232535750E-04   9.4178174354E-05
   28     -3.0530343502E-04  -4.1723941700E-04  -8.3735312972E-04   7.8573655971E-04   8.4730674130E-06
   29      2.3369402083E-04  -1.6609692927E-04  -2.3770335632E-04   3.2858916930E-04   1.5151520912E-05
   30      1.6806192635E-03  -3.5916987608E-04  -1.6882508378E-04  -2.7411326899E-04   1.5451228878E-03
   31     -5.5039298895E-04   2.1747790698E-04   1.9183868788E-04   5.9556337720E-04  -1.7588495545E-04
   32      1.0562930105E-03   2.5762417849E-04   3.6413578563E-05   3.2098054072E-04  -3.5448131594E-04
   33     -1.5578580328E-01  -4.3520777659E-03  -1.1227181759E-03  -3.4085636597E-03   6.6376243614E-03
   34      1.0015316916E-02  -8.7857840562E-04   9.9881365195E-04  -1.0583948037E-03  -5.5969581053E-04
   35      2.7173633481E-01  -3.4490688701E-03  -5.6075527025E-04  -1.0423645757E-03   4.7786353505E-03
   36     -3.4490688701E-03   8.8450833258E-02  -1.1599564703E-01  -4.2112652600E-02  -2.4763862364E-03
   37     -5.6075527025E-04  -1.1599564703E-01   3.0161853798E-01   6.8249147060E-02  -1.2919402351E-03
   38     -1.0423645757E-03  -4.2112652600E-02   6.8249147060E-02   6.7314446456E-02   1.0043848829E-02
   39      4.7786353505E-03  -2.4763862364E-03  -1.2919402351E-03   1.0043848829E-02   1.0481250789E-01
   40      3.2813697892E-03   1.0803441711E-02   2.0262417833E-03  -2.3302915325E-02  -8.3727777986E-03
   41      2.1499053849E-03   1.6843561976E-03   2.2327960300E-03  -1.9810211731E-03  -1.3241344193E-01
                   40                 41        
     0     -2.0196686477E-04  -6.7163041028E-03
     1      2.5463315643E-04   1.8777928114E-03
     2     -1.4400295627E-03  -4.3227199680E-03
     3      2.3057347423E-03   4.3085366123E-04
     4      3.5519237092E-04  -4.8212068826E-03
     5      2.9684436234E-03  -1.7808253708E-03
     6     -8.8652123253E-04  -1.0868620359E-03
     7     -5.3322017618E-05   7.9592201441E-04
     8     -4.6365648843E-04   1.2937386727E-03
     9      8.3407648903E-05   1.2528539731E-03
    10     -1.7916907847E-05   3.0536573559E-03
    11     -2.2696075672E-04  -1.8918212979E-04
    12     -1.8310399662E-03  -4.5344041675E-03
    13      2.0341870346E-03  -8.4103693144E-04
    14      2.3513142836E-04  -8.1695195216E-04
    15     -1.3345115831E-02   5.6031390086E-03
    16      4.9656458441E-03  -7.2796704321E-03
    17      2.5573780302E-02  -6.8679281154E-03
    18      1.1436770561E-02   1.3238201514E-01
    19     -6.1113277456E-02  -7.2402564826E-03
    20     -1.4607790770E-02  -2.9329617786E-01
    21     -7.7395320463E-05   2.0158561402E-04
    22     -2.2889416406E-04  -2.1637472190E-05
    23      5.3685787257E-05   2.7636659604E-04
    24     -2.8286226274E-04  -3.9725862977E-05
    25     -9.9577798679E-05  -1.9205540684E-04
    26     -2.0821239787E-04   1.3729455628E-04
    27     -7.1872687339E-05   2.9835575530E-04
    28      4.1880169379E-05   6.6652622321E-05
    29     -2.8913429417E-04   4.0067443063E-04
    30      1.3547432904E-04  -2.2214679588E-04
    31     -3.1833241947E-04   6.2830005608E-04
    32     -6.7038934256E-04  -2.3177596484E-04
    33      2.9935276144E-04   3.1648830604E-03
    34     -3.6341749609E-03   2.6370489593E-03
    35      3.2813697892E-03   2.1499053849E-03
    36      1.0803441711E-02   1.6843561976E-03
    37      2.0262417833E-03   2.2327960300E-03
    38     -2.3302915325E-02  -1.9810211731E-03
    39     -8.3727777986E-03  -1.3241344193E-01
    40      5.5787715366E-02   9.1001858826E-03
    41      9.1001858826E-03   3.0522860289E-01

$vibrational_frequencies
42
    0        0.0000000000000000
    1        0.0000000000000000
    2        0.0000000000000000
    3        0.0000000000000000
    4        0.0000000000000000
    5        0.0000000000000000
    6     -336.8370965776796879
    7      121.9563574559928441
    8      169.2702599659241400
    9      366.0094289840513397
   10      394.5735423808924907
   11      467.4484915561993716
   12      488.2311754139043956
   13      565.5853056242016237
   14      594.1636222690769955
   15      769.4101734824599816
   16      778.0593707487387292
   17      841.1671421222411027
   18      894.4712599459437570
   19      937.8289761559661883
   20      949.8554960353994829
   21     1016.6500694954958135
   22     1027.8941390731263255
   23     1055.4208307220167171
   24     1081.7639280236512604
   25     1183.0146617623015572
   26     1259.2226642144560174
   27     1267.6664363757727187
   28     1331.1976978416635120
   29     1378.6635153402398828
   30     1448.8119154248402083
   31     1478.6073358232167720
   32     1543.2320704211729208
   33     1646.7736053765875113
   34     1731.7012299439570597
   35     3176.5794244268936382
   36     3202.8989559284705138
   37     3243.4468187006996232
   38     3247.2356612169860455
   39     3273.9794707853620821
   40     3298.5269229491145779
   41     3365.5936998581050830

$normal_modes
42 42
                    0                  1                  2                  3                  4        
    0      0.0000000000E+00   0.0000000000E+00   0.0000000000E+00   0.0000000000E+00   0.0000000000E+00
    1      0.0000000000E+00   0.0000000000E+00   0.0000000000E+00   0.0000000000E+00   0.0000000000E+00
    2      0.0000000000E+00   0.0000000000E+00   0.0000000000E+00   0.0000000000E+00   0.0000000000E+00
    3      0.0000000000E+00   0.0000000000E+00   0.0000000000E+00   0.0000000000E+00   0.0000000000E+00
    4      0.0000000000E+00   0.0000000000E+00   0.0000000000E+00   0.0000000000E+00   0.0000000000E+00
