
$orca_hessian_file

$act_atom
  0

$act_coord
  0

$act_energy
        0.000000

$multiplicity
  1

$hessian
42
                    0                  1                  2                  3                  4        
    0      1.9983600135E-01   1.7019319687E-02  -2.6559841131E-01  -7.6333992065E-02   8.1314213128E-03
    1      1.7019319687E-02   7.8401500517E-01   3.1375573402E-02   7.9636646344E-02  -3.7369174549E-01
    2     -2.6559841131E-01   3.1375573402E-02   5.9204793676E-01   3.9201519295E-02  -1.0017880741E-01
    3     -7.6333992065E-02   7.9636646344E-02   3.9201519295E-02   3.4840759332E-01   3.4070685290E-02
    4      8.1314213128E-03  -3.7369174549E-01  -1.0017880741E-01   3.4070685290E-02   8.6038874415E-01
    5      5.1445155330E-02  -1.0302682737E-01  -1.1202601098E-01  -1.5672213782E-01   3.5143037927E-03
    6     -8.6459244420E-03   1.0176716739E-02   2.6661295495E-02  -9.1329874591E-02   2.1851437850E-02
    7      2.5895567166E-02  -6.3903672955E-03  -4.1810528256E-02   1.7980923758E-02  -8.5128263672E-02
    8      2.5488915902E-02  -1.1907374814E-02  -3.1457847997E-02   7.7387510857E-02  -4.7113152943E-02
    9      5.4435577228E-02  -3.4907626887E-02   8.0073455811E-03  -1.1549623132E-01  -3.6768191937E-02
   10      3.2239153684E-02  -9.1723164239E-02   3.2984719679E-02  -9.5261942834E-02  -3.6050486965E-01
   11     -7.2796960370E-03   1.1503902129E-02   1.4125330651E-02   4.9596044050E-02   1.4802733521E-01
   12     -5.6900308274E-02   4.2810024144E-02  -9.3149348329E-03  -3.5688626864E-02  -1.4653846736E-01
   13      1.5950032661E-02  -7.9649356835E-03   4.5224667091E-03  -1.5374865027E-02   1.2517448008E-02
   14     -7.5419112518E-03   7.8065465795E-03  -1.9349746875E-03   1.4083449425E-03  -2.3302868396E-02
   15     -5.6668272276E-03  -3.8124584029E-03   1.9532336153E-03  -1.3795956278E-02   1.1874870586E-02
   16     -6.5561200527E-02   2.9684537773E-02  -1.1306416871E-02  -9.1901440550E-03  -9.8777554950E-02
   17      6.5609800748E-03  -7.8642615720E-03   3.8185853108E-03  -8.1568972017E-04   1.4391209325E-02
   18      5.4161305661E-02  -2.3972165831E-02   1.4806444621E-02  -1.4458209249E-02   8.6476776387E-02
   19      4.0615287953E-02  -3.1041639084E-02   8.2889531549E-03  -3.4100708831E-03   5.6927869911E-02
   20      7.7254712208E-03   9.5281662196E-04  -1.4313943149E-02  -4.3602398176E-03   2.6642789145E-03
   21     -6.7098661899E-02   1.2057395474E-02   1.1572737741E-01  -5.5844412230E-03   1.0155529880E-02
   22      1.5235404610E-02  -6.4173244137E-02  -3.8980289165E-02   8.1699634297E-03   6.7088489800E-04
   23      1.2418158282E-01  -5.0163307275E-02  -3.1807364067E-01  -3.2992712333E-04   9.1160719446E-03
   24     -8.2089400292E-02  -1.0274313074E-01   7.5622283499E-02   3.7949467584E-03   1.2848263517E-02
   25     -8.9042536813E-02  -2.3982043220E-01   1.1608842502E-01  -1.7123131167E-02  -1.3381611767E-02
   26      7.3565540347E-02   1.1761940541E-01  -1.2955594821E-01  -4.9543097630E-03  -2.7932868410E-03
   27      6.2015323643E-04  -8.5075712573E-04   4.4661662522E-04  -2.7957104751E-03   1.3606670050E-03
   28      5.2527125738E-04   1.5765880363E-05   2.1975810027E-04  -6.4602658112E-04   6.4692228289E-04
   29      6.4580819708E-04  -7.2300780478E-04   4.4838633270E-04  -1.5568618273E-03   9.0770541718E-04
   30      3.2568232885E-03  -3.4394321953E-03   1.2532097242E-03   3.1596999167E-03   9.0542535333E-03
   31      8.1383998004E-04  -8.7266637092E-04   3.9553617368E-04  -3.9062799400E-04   2.4492457320E-03
   32      9.9373788537E-04  -1.0840638410E-03   2.5608413916E-04   1.1067056758E-03   3.2369257425E-03
   33      6.2507571800E-04  -3.9967667746E-04   4.9835334150E-04   5.8513286049E-04   9.1872893556E-04
   34      9.3672108762E-05   3.1833696520E-04  -4.2261709416E-05  -5.3191365219E-05  -6.7131709834E-04
   35      2.9768496185E-04  -2.6052526553E-04   1.6101686070E-04  -5.9011566767E-05   6.6473434209E-04
   36     -6.9462398923E-03   5.0702311516E-03  -8.7927154022E-05   1.1007848213E-03  -3.9747780295E-03
   37     -1.7185303825E-03   1.6991714675E-03  -3.5914312879E-04   2.5232191673E-04  -1.3821502890E-03
   38     -5.8558643321E-03   4.2380419410E-03  -1.5027871717E-04   2.3362137742E-04  -4.3857308477E-03
   39     -9.2535823862E-03   3.3436543773E-03  -9.1771677952E-03  -1.5651156091E-03  -9.4434696195E-03
   40     -1.8544275280E-04  -5.4622757053E-05  -1.2107307438E-03   1.3217318135E-03  -6.3602066784E-05
   41     -4.6282319343E-03   1.5458268983E-03  -3.3446956428E-03  -1.1119324274E-04  -4.7877172221E-03
                    5                  6                  7                  8                  9        
    0      5.1445155330E-02  -8.6459244420E-03   2.5895567166E-02   2.5488915902E-02   5.4435577228E-02
    1     -1.0302682737E-01   1.0176716739E-02  -6.3903672955E-03  -1.1907374814E-02  -3.4907626887E-02
    2     -1.1202601098E-01   2.6661295495E-02  -4.1810528256E-02  -3.1457847997E-02   8.0073455811E-03
    3     -1.5672213782E-01  -9.1329874591E-02   1.7980923758E-02   7.7387510857E-02  -1.1549623132E-01
    4      3.5143037927E-03   2.1851437850E-02  -8.5128263672E-02  -4.7113152943E-02  -3.6768191937E-02
    5      4.5606802117E-01   6.6312354100E-02  -3.3463121425E-02  -1.8276867615E-01   4.5234521921E-02
    6      6.6312354100E-02   1.0060398945E-01  -1.5832189981E-02  -1.3893102947E-01  -1.1902876260E-02
    7     -3.3463121425E-02  -1.5832189981E-02   8.9936007295E-02   2.9788351647E-02  -3.3349729924E-02
    8     -1.8276867615E-01  -1.3893102947E-01   2.9788351647E-02   2.6431041122E-01   3.5451883410E-02
    9      4.5234521921E-02  -1.1902876260E-02  -3.3349729924E-02   3.5451883410E-02   9.7760388694E-02
   10      1.4554519665E-01  -2.2481770256E-02   2.9477118225E-03   3.4087109120E-02   7.8813012995E-02
   11     -1.6424030033E-01   4.1257784215E-02   4.6221763250E-02  -5.1446738889E-02  -7.3148923481E-02
   12      2.5409272134E-02   4.1394822024E-03   9.9061088412E-03  -1.3295804571E-03   9.2019309561E-02
   13     -6.0216847875E-03   1.1410684592E-03  -1.4309512613E-03  -4.4474582707E-03  -1.5266596551E-02
   14      1.3205115093E-02   1.5856727819E-03   1.9678018109E-03  -3.4094544702E-03   1.1591788499E-02
   15     -9.3978400315E-03  -9.6829717588E-05  -4.4846826836E-04   4.4192175324E-03  -3.9699847112E-02
   16      1.0804906021E-02  -1.0858460118E-03   6.9177657032E-03   5.2814077263E-03   8.6447973807E-02
   17     -2.8137513699E-03   1.7112634113E-04  -7.5207112973E-04   3.4044772717E-03  -2.1945947015E-02
   18     -1.2324019216E-02   4.1238751054E-03  -6.7296873497E-03  -4.8667109401E-03  -5.1555364378E-02
   19     -5.3698510139E-03   2.9432585620E-03  -3.9825961832E-03  -2.6063778676E-03  -3.9520080224E-02
   20      1.7292388924E-03   2.5741696753E-03  -1.1226754999E-03  -3.5703643528E-03   7.0311539845E-03
   21      7.2986417097E-03   5.6153035200E-03   1.9543902477E-03   3.1545111800E-03  -7.8790517268E-03
   22     -2.7049654701E-02   2.9863207008E-03  -5.1004605498E-03  -4.0155443602E-03   6.7957891601E-04
   23     -5.0457592013E-03   2.7792847509E-03  -1.2551692688E-03   2.2601616686E-03  -3.9814409566E-03
   24     -4.9077589328E-03  -1.7310784803E-03   1.9005818569E-04  -3.0966755059E-03   4.3281461298E-03
   25      1.7919816175E-02   6.5380162306E-04   1.8263766637E-03   1.5746834789E-04   1.5926725542E-03
   26      4.0080901621E-03  -1.4580265352E-03  -2.5966890958E-04  -1.0933137899E-03   1.9717265098E-03
   27     -2.3474358447E-03   1.5680323870E-04  -1.3029716952E-04  -2.6899139245E-04  -1.0409226179E-02
   28     -1.5624538046E-03   2.2833759915E-04   1.3842704371E-04   7.4373161813E-05  -2.5460725807E-03
   29     -2.7461666452E-03   1.7469059159E-04   6.2688484429E-05   5.7487157150E-04  -6.7634046622E-03
   30     -6.3728441447E-03  -6.3496503949E-04   2.7064682606E-04   1.3282102202E-03  -1.7921319126E-02
   31     -3.9531762608E-03   3.4490466942E-04   3.8658244640E-05   7.3427905166E-04  -5.9614258263E-03
   32     -1.9571853109E-03  -4.9118820150E-04  -1.0761290314E-04   8.1990687889E-04  -7.4126747139E-03
   33      9.3300749720E-04  -2.8363778096E-04  -5.7947212440E-05  -5.1331174382E-04  -2.8637246629E-04
   34      1.1174796273E-04  -4.8979623800E-05   1.0853866819E-04  -2.2087108327E-05  -1.0533086985E-04
   35     -9.1493574854E-05  -1.3074791477E-04   1.5075893439E-05   9.5109199968E-05  -4.1292178109E-04
   36      6.0212839532E-04  -6.7393009564E-04   2.2211305557E-04  -2.5042713858E-05   2.1283140238E-03
   37      6.0412826435E-04  -3.7211055386E-04   2.1023281631E-04   2.4245463554E-04   4.1807967307E-04
   38     -1.6270175672E-03  -9.5670754542E-05   2.0832371201E-04   1.1426555388E-03   2.6753876096E-03
   39     -5.1874204200E-03   6.5966289235E-04   1.2478412119E-04   1.8216889605E-03   4.4785529357E-03
   40      1.9856694642E-03  -5.0122207152E-04  -9.1079295890E-05  -2.6610719595E-04   4.5864898098E-04
   41     -1.6941041874E-03  -4.3031091315E-04   5.1950146442E-04   1.1388022946E-03   1.7072079848E-03
                   10                 11                 12                 13                 14        
    0      3.2239153684E-02  -7.2796960370E-03  -5.6900308274E-02   1.5950032661E-02  -7.5419112518E-03
    1     -9.1723164239E-02   1.1503902129E-02   4.2810024144E-02  -7.9649356835E-03   7.8065465795E-03
    2      3.2984719679E-02   1.4125330651E-02  -9.3149348329E-03   4.5224667091E-03  -1.9349746875E-03
    3     -9.5261942834E-02   4.9596044050E-02  -3.5688626864E-02  -1.5374865027E-02   1.4083449425E-03
    4     -3.6050486965E-01   1.4802733521E-01  -1.4653846736E-01   1.2517448008E-02  -2.3302868396E-02
    5      1.4554519665E-01  -1.6424030033E-01   2.5409272134E-02  -6.0216847875E-03   1.3205115093E-02
    6     -2.2481770256E-02   4.1257784215E-02   4.1394822024E-03   1.1410684592E-03   1.5856727819E-03
    7      2.9477118225E-03   4.6221763250E-02   9.9061088412E-03  -1.4309512613E-03   1.9678018109E-03
    8      3.4087109120E-02  -5.1446738889E-02  -1.3295804571E-03  -4.4474582707E-03  -3.4094544702E-03
    9      7.8813012995E-02  -7.3148923481E-02   9.2019309561E-02  -1.5266596551E-02   1.1591788499E-02
   10      4.7752327107E-01  -2.1609635870E-01   8.8133813808E-02  -4.2708513309E-02   2.0730386262E-02
   11     -2.1609635870E-01   2.2825857784E-01  -1.4817859773E-03   8.4626555034E-03  -3.2728989724E-02
   12      8.8133813808E-02  -1.4817859773E-03   1.7268656595E-01  -7.8442705351E-02  -2.2056958060E-01
   13     -4.2708513309E-02   8.4626555034E-03  -7.8442705351E-02   7.1927283924E-01  -4.6315741299E-02
   14      2.0730386262E-02  -3.2728989724E-02  -2.2056958060E-01  -4.6315741299E-02   5.9942395701E-01
   15     -7.4163239494E-03  -5.0804696174E-03  -1.2282465494E-01   1.2841258877E-01   5.9840663951E-02
   16      6.2898665812E-02   1.7395640220E-03   4.6287000858E-02  -2.9054154599E-01  -5.9158261987E-02
   17     -3.5965537463E-03  -1.5226763259E-04   6.9687634758E-02  -5.4108029770E-02  -1.1514719761E-01
   18     -4.8937908616E-02   4.8088940092E-03   6.4624385157E-02  -6.3707671641E-03  -2.6508013583E-03
   19     -3.8939257982E-02   3.0011700821E-03   4.4996372043E-02  -5.5960839294E-02   2.4791492026E-02
   20      1.1129246030E-03   2.8759649083E-03  -1.1933136061E-02   2.7188568761E-04   7.6914239064E-03
   21     -6.0162199135E-03  -4.2526721271E-04   6.1987537564E-03  -2.5371077466E-03   6.9710630174E-04
   22      1.5219294595E-03   1.7906586953E-03  -5.6083865167E-04   8.3117620852E-05  -2.2357547794E-04
   23     -1.3626411811E-03   9.2234221551E-04   2.8274115444E-03  -1.5954733793E-03   2.2663657117E-04
   24     -7.1314647530E-06   3.3015419945E-03   3.2978945933E-04   8.7631323553E-04   1.1520036798E-03
   25     -6.7998929416E-03  -1.6634095998E-03   9.8926459219E-04   2.4606154419E-04   3.1511654829E-04
   26     -5.2466955886E-03   3.3139850210E-03   1.2048652148E-03   2.1484010918E-04   8.9756950204E-04
   27     -1.4474300645E-02   5.8179207928E-03  -5.1577732841E-02  -4.5203759215E-02   3.9087126157E-02
   28     -2.8147651380E-03   1.3879149479E-03  -4.0542872359E-02  -2.6108255359E-01   1.3798026956E-01
   29     -8.9836560779E-03   3.7459854176E-03   4.3314531974E-02   1.4075676699E-01  -1.4944464856E-01
   30     -1.2038387970E-02  -1.7023244024E-02  -6.2364974643E-02   1.4510324743E-02   1.0166417357E-01
   31     -3.3326034451E-03  -4.1781690418E-03   2.3405869775E-02  -6.9769852719E-02  -4.1021826999E-02
   32     -4.0764613064E-03  -4.6586347206E-03   1.0398898561E-01  -4.6449608056E-02  -3.1660862973E-01
   33     -7.7678475030E-04  -1.7260814055E-04  -3.1673948705E-03   9.1100509631E-04   1.3194327289E-02
   34      3.9259499355E-04   4.7316350902E-04   1.3843471241E-02  -9.7866771526E-04  -2.7781809666E-02
   35     -6.3395571306E-04   3.4516578157E-04   1.6546808147E-03   1.4237046964E-03  -2.3950920773E-03
   36      2.4392158651E-03  -4.0271372055E-04   2.3199244535E-03  -5.3803501231E-04   4.4736735387E-03
   37      1.2948467670E-03  -5.1744665422E-04  -2.1411400907E-03  -3.6658681685E-03   3.9225347404E-03
   38      2.7134033888E-03  -1.8457148981E-04   1.1091362832E-03   3.6111272607E-03   3.1625310885E-04
   39      5.8006619196E-03   2.2682025703E-04  -9.7945180991E-03   1.9103636910E-03  -3.9219484459E-03
   40      2.4404677999E-04  -1.7002861810E-04  -2.1237620812E-03   1.9842613150E-03   2.9895173122E-04
   41      2.8398678767E-03  -1.7584904773E-04  -4.5781394690E-03  -3.3446682926E-04  -9.1968332156E-05
                   15                 16                 17                 18                 19        
    0     -5.6668272276E-03  -6.5561200527E-02   6.5609800748E-03   5.4161305661E-02   4.0615287953E-02
    1     -3.8124584029E-03   2.9684537773E-02  -7.8642615720E-03  -2.3972165831E-02  -3.1041639084E-02
    2      1.9532336153E-03  -1.1306416871E-02   3.8185853108E-03   1.4806444621E-02   8.2889531549E-03
    3     -1.3795956278E-02  -9.1901440550E-03  -8.1568972017E-04  -1.4458209249E-02  -3.4100708831E-03
    4      1.1874870586E-02  -9.8777554950E-02   1.4391209325E-02   8.6476776387E-02   5.6927869911E-02
    5     -9.3978400315E-03   1.0804906021E-02  -2.8137513699E-03  -1.2324019216E-02  -5.3698510139E-03
    6     -9.6829717588E-05  -1.0858460118E-03   1.7112634113E-04   4.1238751054E-03   2.9432585620E-03
    7     -4.4846826836E-04   6.9177657032E-03  -7.5207112973E-04  -6.7296873497E-03  -3.9825961832E-03
    8      4.4192175324E-03   5.2814077263E-03   3.4044772717E-03  -4.8667109401E-03  -2.6063778676E-03
    9     -3.9699847112E-02   8.6447973807E-02  -2.1945947015E-02  -5.1555364378E-02  -3.9520080224E-02
   10     -7.4163239494E-03   6.2898665812E-02  -3.5965537463E-03  -4.8937908616E-02  -3.8939257982E-02
   11     -5.0804696174E-03   1.7395640220E-03  -1.5226763259E-04   4.8088940092E-03   3.0011700821E-03
   12     -1.2282465494E-01   4.6287000858E-02   6.9687634758E-02   6.4624385157E-02   4.4996372043E-02
   13      1.2841258877E-01  -2.9054154599E-01  -5.4108029770E-02  -6.3707671641E-03  -5.5960839294E-02
   14      5.9840663951E-02  -5.9158261987E-02  -1.1514719761E-01  -2.6508013583E-03   2.4791492026E-02
   15      3.7658867776E-01  -8.0538501677E-02  -2.6672796958E-01  -9.2490475563E-02  -6.7284866040E-02
   16     -8.0538501677E-02   6.7631431158E-01  -8.5619332035E-02  -7.6842857789E-03  -3.0622214594E-01
   17     -2.6672796958E-01  -8.5619332035E-02   5.7598651214E-01   6.8306397635E-02   1.5150162200E-01
   18     -9.2490475563E-02  -7.6842857789E-03   6.8306397635E-02   2.2187788805E-01  -1.0201735621E-01
   19     -6.7284866040E-02  -3.0622214594E-01   1.5150162200E-01  -1.0201735621E-01   7.3311978755E-01
   20      7.5127694048E-02   1.4952813088E-01  -1.9823720890E-01  -2.3844460897E-01  -9.1987596642E-02
   21      2.7101170726E-04   6.0590049272E-03  -1.6288416449E-03  -6.5066580418E-03  -5.8125042511E-03
   22     -3.8436690910E-04  -8.4423080153E-04  -6.8973408117E-04   9.9659971993E-05   1.3104950099E-04
   23      5.5285207253E-04   3.1602711703E-03   7.5954785015E-04  -1.7830355857E-03  -1.9758150562E-03
   24     -1.4343074346E-03   2.2892567123E-04  -1.5174353092E-03  -1.7941709989E-03  -4.0186176679E-03
   25     -2.6946236888E-04   1.6193085767E-04  -3.3182436026E-04   3.2096212104E-04   2.4463085616E-04
   26     -7.4238986566E-04   6.8026149665E-04  -9.2709501457E-04  -1.8155872915E-03  -2.7992229895E-03
   27      1.0190230914E-02   1.6990416829E-02  -1.0489862492E-02   2.9896289897E-04   4.0260305164E-03
   28     -7.7944706970E-03  -1.2630648908E-02   1.5239615092E-02   3.4846835040E-03  -3.9870746472E-03
   29     -9.3222068122E-04  -6.1696995137E-03   6.4941211580E-03   1.1610471521E-03  -8.1132530716E-04
   30     -4.6305433404E-03   1.1074742330E-02   1.6517277740E-02  -6.6316968550E-03  -5.5634881000E-03
   31      8.2892176791E-03   2.8837080882E-03  -2.5466366404E-02  -1.3004832485E-03   5.0507501075E-04
   32      1.2563873384E-03   4.2589560232E-03  -6.7984730128E-04  -2.6398576722E-03  -6.5816111335E-04
   33     -1.1523989742E-01   1.6532885515E-02   1.3172302528E-01  -8.7262672930E-04   1.0788421916E-03
   34      1.7619800564E-02  -5.9935896299E-02  -1.8726904544E-02  -1.3918727144E-02   4.8464555883E-03
   35      1.4020521750E-01  -1.7211518250E-02  -2.7207529124E-01   6.6219241205E-03  -3.7454053887E-03
   36      1.0452839415E-02  -1.2151868362E-02  -1.8979113806E-03  -8.8045613625E-02   1.1466861212E-01
   37      1.3048198508E-02  -1.5698355809E-02  -9.5921379430E-03   1.0606937976E-01  -2.9398693310E-01
   38     -6.7473116829E-03   1.2048739512E-02   7.6039062581E-03   4.2004670763E-02  -6.3142890334E-02
   39     -1.6234207642E-03  -7.3967063441E-03   1.2063068343E-02  -8.2731601434E-02   1.9303801278E-02
   40     -1.1308154973E-02   5.7894588801E-03   2.5626261457E-02   1.4474698304E-02  -6.1654382183E-02
   41      6.2670823724E-03  -8.0485004850E-03  -8.0344909199E-03   1.2681674294E-01  -1.4498388256E-02
                   20                 21                 22                 23                 24        
    0      7.7254712208E-03  -6.7098661899E-02   1.5235404610E-02   1.2418158282E-01  -8.2089400292E-02
    1      9.5281662196E-04   1.2057395474E-02  -6.4173244137E-02  -5.0163307275E-02  -1.0274313074E-01
    2     -1.4313943149E-02   1.1572737741E-01  -3.8980289165E-02  -3.1807364067E-01   7.5622283499E-02
    3     -4.3602398176E-03  -5.5844412230E-03   8.1699634297E-03  -3.2992712333E-04   3.7949467584E-03
    4      2.6642789145E-03   1.0155529880E-02   6.7088489800E-04   9.1160719446E-03   1.2848263517E-02
    5      1.7292388924E-03   7.2986417097E-03  -2.7049654701E-02  -5.0457592013E-03  -4.9077589328E-03
    6      2.5741696753E-03   5.6153035200E-03   2.9863207008E-03   2.7792847509E-03  -1.7310784803E-03
    7     -1.1226754999E-03   1.9543902477E-03  -5.1004605498E-03  -1.2551692688E-03   1.9005818569E-04
    8     -3.5703643528E-03   3.1545111800E-03  -4.0155443602E-03   2.2601616686E-03  -3.0966755059E-03
    9      7.0311539845E-03  -7.8790517268E-03   6.7957891601E-04  -3.9814409566E-03   4.3281461298E-03
   10      1.1129246030E-03  -6.0162199135E-03   1.5219294595E-03  -1.3626411811E-03  -7.1314647530E-06
   11      2.8759649083E-03  -4.2526721271E-04   1.7906586953E-03   9.2234221551E-04   3.3015419945E-03
   12     -1.1933136061E-02   6.1987537564E-03  -5.6083865167E-04   2.8274115444E-03   3.2978945933E-04
   13      2.7188568761E-04  -2.5371077466E-03   8.3117620852E-05  -1.5954733793E-03   8.7631323553E-04
   14      7.6914239064E-03   6.9710630174E-04  -2.2357547794E-04   2.2663657117E-04   1.1520036798E-03
   15      7.5127694048E-02   2.7101170726E-04  -3.8436690910E-04   5.5285207253E-04  -1.4343074346E-03
   16      1.4952813088E-01   6.0590049272E-03  -8.4423080153E-04   3.1602711703E-03   2.2892567123E-04
   17     -1.9823720890E-01  -1.6288416449E-03  -6.8973408117E-04   7.5954785015E-04  -1.5174353092E-03
   18     -2.3844460897E-01  -6.5066580418E-03   9.9659971993E-05  -1.7830355857E-03  -1.7941709989E-03
   19     -9.1987596642E-02  -5.8125042511E-03   1.3104950099E-04  -1.9758150562E-03  -4.0186176679E-03
   20      5.8891751996E-01  -7.4426904355E-03  -2.0273220975E-04  -2.7688186214E-03   3.1098046233E-03
   21     -7.4426904355E-03   7.8566049699E-02  -1.9311904956E-02  -1.2477508450E-01  -2.3948409881E-03
   22     -2.0273220975E-04  -1.9311904956E-02   5.9678384283E-02   4.8615351188E-02  -6.9836976426E-03
   23     -2.7688186214E-03  -1.2477508450E-01   4.8615351188E-02   3.2745589477E-01   1.3997640546E-03
   24      3.1098046233E-03  -2.3948409881E-03  -6.9836976426E-03   1.3997640546E-03   8.0086991860E-02
   25      2.8925324404E-04   3.7801492319E-03   8.1021526786E-03  -4.6698268696E-03   9.9466251146E-02
   26      1.7350958152E-03   7.2544268128E-03   2.0430563492E-02  -5.9104262217E-03  -7.5559517590E-02
   27      3.6018002221E-03  -2.1926149240E-04   2.0715831019E-05  -1.3947989601E-04   2.7651893544E-05
   28     -1.2777660776E-03  -8.8929722443E-05  -1.4706316358E-05  -7.3294569586E-06   5.9191234552E-05
   29      1.3162751284E-03  -1.6885289446E-04   1.1614853742E-05  -6.8291296615E-05   6.6002256253E-05
   30     -1.1842154489E-03  -5.8724895122E-04   7.3559813846E-05  -2.2308544818E-04   1.4419989302E-04
   31     -9.8668376913E-04  -9.9367567135E-05   4.4199356324E-05  -1.5183755977E-05   5.2412362653E-05
   32      9.9948735528E-04  -1.4321502404E-04   2.6827435062E-05  -5.3420599763E-05   7.0430040435E-05
   33      5.7776329037E-03  -2.0834490689E-04  -1.3059776517E-04  -2.1632120971E-04  -3.2089627722E-05
   34      2.6741845876E-02  -1.9482490278E-04   4.4864453471E-05  -1.4617488453E-04   1.1298622236E-04
   35     -1.1011698499E-02   2.0217915097E-04   6.7887306925E-05   7.7093326078E-06  -1.0742556000E-04
   36      3.8795870847E-02   6.7011799702E-04   1.7337499871E-04   3.3979792831E-05   5.5187384354E-05
   37     -6.4117349247E-02   1.9343703307E-04   3.3175238758E-05   2.4285095484E-04   1.7779246855E-04
   38     -7.3069469589E-02   3.3010034015E-04   2.4092966230E-04   1.8789373687E-04   4.9203436050E-04
   39      1.1961979299E-01  -8.4272745013E-04  -6.5813159288E-05  -3.2500525247E-04   7.0897444377E-04
   40     -2.1854535676E-02  -1.4040692434E-04  -1.7711568508E-04   5.5785786769E-05  -2.5486351958E-04
   41     -3.0229350286E-01  -8.1886261090E-05  -2.1712554661E-05   1.0017046920E-04  -2.6087673029E-05
                   25                 26                 27                 28                 29        
    0     -8.9042536813E-02   7.3565540347E-02   6.2015323643E-04   5.2527125738E-04   6.4580819708E-04
    1     -2.3982043220E-01   1.1761940541E-01  -8.5075712573E-04   1.5765880363E-05  -7.2300780478E-04
    2      1.1608842502E-01  -1.2955594821E-01   4.4661662522E-04   2.1975810027E-04   4.4838633270E-04
    3     -1.7123131167E-02  -4.9543097630E-03  -2.7957104751E-03  -6.4602658112E-04  -1.5568618273E-03
    4     -1.3381611767E-02  -2.7932868410E-03   1.3606670050E-03   6.4692228289E-04   9.0770541718E-04
    5      1.7919816175E-02   4.0080901621E-03  -2.3474358447E-03  -1.5624538046E-03  -2.7461666452E-03
    6      6.5380162306E-04  -1.4580265352E-03   1.5680323870E-04   2.2833759915E-04   1.7469059159E-04
    7      1.8263766637E-03  -2.5966890958E-04  -1.3029716952E-04   1.3842704371E-04   6.2688484429E-05
    8      1.5746834789E-04  -1.0933137899E-03  -2.6899139245E-04   7.4373161813E-05   5.7487157150E-04
    9      1.5926725542E-03   1.9717265098E-03  -1.0409226179E-02  -2.5460725807E-03  -6.7634046622E-03
   10     -6.7998929416E-03  -5.2466955886E-03  -1.4474300645E-02  -2.8147651380E-03  -8.9836560779E-03
   11     -1.6634095998E-03   3.3139850210E-03   5.8179207928E-03   1.3879149479E-03   3.7459854176E-03
   12      9.8926459219E-04   1.2048652148E-03  -5.1577732841E-02  -4.0542872359E-02   4.3314531974E-02
   13      2.4606154419E-04   2.1484010918E-04  -4.5203759215E-02  -2.6108255359E-01   1.4075676699E-01
   14      3.1511654829E-04   8.9756950204E-04   3.9087126157E-02   1.3798026956E-01  -1.4944464856E-01
   15     -2.6946236888E-04  -7.4238986566E-04   1.0190230914E-02  -7.7944706970E-03  -9.3222068122E-04
   16      1.6193085767E-04   6.8026149665E-04   1.6990416829E-02  -1.2630648908E-02  -6.1696995137E-03
   17     -3.3182436026E-04  -9.2709501457E-04  -1.0489862492E-02   1.5239615092E-02   6.4941211580E-03
   18      3.2096212104E-04  -1.8155872915E-03   2.9896289897E-04   3.4846835040E-03   1.1610471521E-03
   19      2.4463085616E-04  -2.7992229895E-03   4.0260305164E-03  -3.9870746472E-03  -8.1132530716E-04
   20      2.8925324404E-04   1.7350958152E-03   3.6018002221E-03  -1.2777660776E-03   1.3162751284E-03
   21      3.7801492319E-03   7.2544268128E-03  -2.1926149240E-04  -8.8929722443E-05  -1.6885289446E-04
   22      8.1021526786E-03   2.0430563492E-02   2.0715831019E-05  -1.4706316358E-05   1.1614853742E-05
   23     -4.6698268696E-03  -5.9104262217E-03  -1.3947989601E-04  -7.3294569586E-06  -6.8291296615E-05
   24      9.9466251146E-02  -7.5559517590E-02   2.7651893544E-05   5.9191234552E-05   6.6002256253E-05
   25      2.4955972617E-01  -1.2780625957E-01   6.5064899752E-06  -1.3892390632E-06  -2.8694699504E-05
   26     -1.2780625957E-01   1.2722249563E-01   5.5670667576E-06   1.3847273841E-05   2.7936955718E-06
   27      6.5064899752E-06   5.5670667576E-06   5.5070226759E-02   4.5865437175E-02  -3.8508441122E-02
   28     -1.3892390632E-06   1.3847273841E-05   4.5865437175E-02   2.7146265114E-01  -1.4747662356E-01
   29     -2.8694699504E-05   2.7936955718E-06  -3.8508441122E-02  -1.4747662356E-01   1.4748520774E-01
   30     -1.0631889600E-04  -3.1341709670E-05   1.2884243906E-03   2.8207675172E-03   4.6174743721E-03
   31     -4.1213612173E-05  -3.6801312058E-06  -7.0406215006E-03   8.1231819700E-03   2.3274058789E-02
   32      1.6800846732E-05  -4.5366271898E-06   4.8040432528E-03  -4.9945689169E-03  -8.4810993694E-03
   33     -3.7648482005E-05  -1.5821658376E-04  -2.2176952432E-03  -7.9378255101E-04  -1.7841974055E-03
   34     -1.5175567437E-05   2.3722884009E-06  -1.4013061710E-03   8.8048400208E-04  -1.7896111931E-04
   35     -1.3405884002E-05   4.7987981574E-06  -1.6776486099E-03  -4.9813088125E-04  -1.1579535615E-04
   36     -9.4059503612E-05   3.1725078539E-04  -5.0133957004E-04  -5.9422547600E-04  -3.1403635220E-04
   37      1.9209482549E-05   1.1955062797E-04   8.4600566264E-04  -7.6897761767E-04  -3.5277209925E-04
   38     -1.0434938687E-04   2.0243525674E-04  -6.7479516015E-04   7.6573381913E-04   3.3349926027E-04
   39     -1.4120353440E-04   4.0104866508E-04   6.8512469520E-05   2.5626317790E-05   4.6559340874E-05
   40     -1.0037291965E-04  -1.7581642116E-04  -1.7672320162E-05   3.2683140043E-05  -2.8897534555E-04
   41     -1.6532004742E-04   1.0405598637E-04   3.4548146131E-04   1.3624172518E-04   4.5486092772E-04
                   30                 31                 32                 33                 34        
    0      3.2568232885E-03   8.1383998004E-04   9.9373788537E-04   6.2507571800E-04   9.3672108762E-05
    1     -3.4394321953E-03  -8.7266637092E-04  -1.0840638410E-03  -3.9967667746E-04   3.1833696520E-04
    2      1.2532097242E-03   3.9553617368E-04   2.5608413916E-04   4.9835334150E-04  -4.2261709416E-05
    3      3.1596999167E-03  -3.9062799400E-04   1.1067056758E-03   5.8513286049E-04  -5.3191365219E-05
    4      9.0542535333E-03   2.4492457320E-03   3.2369257425E-03   9.1872893556E-04  -6.7131709834E-04
    5     -6.3728441447E-03  -3.9531762608E-03  -1.9571853109E-03   9.3300749720E-04   1.1174796273E-04
    6     -6.3496503949E-04   3.4490466942E-04  -4.9118820150E-04  -2.8363778096E-04  -4.8979623800E-05
    7      2.7064682606E-04   3.8658244640E-05  -1.0761290314E-04  -5.7947212440E-05   1.0853866819E-04
    8      1.3282102202E-03   7.3427905166E-04   8.1990687889E-04  -5.1331174382E-04  -2.2087108327E-05
    9     -1.7921319126E-02  -5.9614258263E-03  -7.4126747139E-03  -2.8637246629E-04  -1.0533086985E-04
   10     -1.2038387970E-02  -3.3326034451E-03  -4.0764613064E-03  -7.7678475030E-04   3.9259499355E-04
   11     -1.7023244024E-02  -4.1781690418E-03  -4.6586347206E-03  -1.7260814055E-04   4.7316350902E-04
   12     -6.2364974643E-02   2.3405869775E-02   1.0398898561E-01  -3.1673948705E-03   1.3843471241E-02
   13      1.4510324743E-02  -6.9769852719E-02  -4.6449608056E-02   9.1100509631E-04  -9.7866771526E-04
   14      1.0166417357E-01  -4.1021826999E-02  -3.1660862973E-01   1.3194327289E-02  -2.7781809666E-02
   15     -4.6305433404E-03   8.2892176791E-03   1.2563873384E-03  -1.1523989742E-01   1.7619800564E-02
   16      1.1074742330E-02   2.8837080882E-03   4.2589560232E-03   1.6532885515E-02  -5.9935896299E-02
   17      1.6517277740E-02  -2.5466366404E-02  -6.7984730128E-04   1.3172302528E-01  -1.8726904544E-02
   18     -6.6316968550E-03  -1.3004832485E-03  -2.6398576722E-03  -8.7262672930E-04  -1.3918727144E-02
   19     -5.5634881000E-03   5.0507501075E-04  -6.5816111335E-04   1.0788421916E-03   4.8464555883E-03
   20     -1.1842154489E-03  -9.8668376913E-04   9.9948735528E-04   5.7776329037E-03   2.6741845876E-02
   21     -5.8724895122E-04  -9.9367567135E-05  -1.4321502404E-04  -2.0834490689E-04  -1.9482490278E-04
   22      7.3559813846E-05   4.4199356324E-05   2.6827435062E-05  -1.3059776517E-04   4.4864453471E-05
   23     -2.2308544818E-04  -1.5183755977E-05  -5.3420599763E-05  -2.1632120971E-04  -1.4617488453E-04
   24      1.4419989302E-04   5.2412362653E-05   7.0430040435E-05  -3.2089627722E-05   1.1298622236E-04
   25     -1.0631889600E-04  -4.1213612173E-05   1.6800846732E-05  -3.7648482005E-05  -1.5175567437E-05
   26     -3.1341709670E-05  -3.6801312058E-06  -4.5366271898E-06  -1.5821658376E-04   2.3722884009E-06
   27      1.2884243906E-03  -7.0406215006E-03   4.8040432528E-03  -2.2176952432E-03  -1.4013061710E-03
   28      2.8207675172E-03   8.1231819700E-03  -4.9945689169E-03  -7.9378255101E-04   8.8048400208E-04
   29      4.6174743721E-03   2.3274058789E-02  -8.4810993694E-03  -1.7841974055E-03  -1.7896111931E-04
   30      8.0291842907E-02  -2.0870728751E-02  -1.0271068032E-01   3.1411762423E-03   4.1485302310E-03
   31     -2.0870728751E-02   6.3748316056E-02   5.0205421478E-02   2.5418258706E-03  -3.5412094060E-03
   32     -1.0271068032E-01   5.0205421478E-02   3.2836702083E-01   1.1248598891E-03   1.6179808505E-04
   33      3.1411762423E-03   2.5418258706E-03   1.1248598891E-03   1.1559766648E-01  -1.8913088695E-02
   34      4.1485302310E-03  -3.5412094060E-03   1.6179808505E-04  -1.8913088695E-02   6.1301128844E-02
   35      2.5239663129E-03  -1.2728425679E-04   1.8137823762E-03  -1.5047251870E-01   1.7806413104E-02
   36     -9.1487016867E-05   1.2340256906E-04   2.7776048773E-04  -3.5616500883E-03  -5.0396026749E-04
   37     -1.1906614371E-04   1.5937235115E-04   7.1981624568E-05  -9.9160139614E-04   9.4059491332E-04
   38     -6.1400788002E-05   4.9956007284E-04   3.3898696570E-04  -2.6340587642E-03  -9.1888198725E-04
   39      1.5800683333E-03   9.8834458891E-05  -2.2818754021E-04   5.9206578278E-03  -6.8866803311E-04
   40      1.7754458402E-04  -3.9421125563E-04  -6.0519541499E-04   1.2745662574E-04  -3.6907323420E-03
   41     -2.9460677062E-04   6.4047537087E-04  -1.5191488684E-04   2.7083416320E-03   2.5331401088E-03
                   35                 36                 37                 38                 39        
    0      2.9768496185E-04  -6.9462398923E-03  -1.7185303825E-03  -5.8558643321E-03  -9.2535823862E-03
    1     -2.6052526553E-04   5.0702311516E-03   1.6991714675E-03   4.2380419410E-03   3.3436543773E-03
    2      1.6101686070E-04  -8.7927154022E-05  -3.5914312879E-04  -1.5027871717E-04  -9.1771677952E-03
    3     -5.9011566767E-05   1.1007848213E-03   2.5232191673E-04   2.3362137742E-04  -1.5651156091E-03
    4      6.6473434209E-04  -3.9747780295E-03  -1.3821502890E-03  -4.3857308477E-03  -9.4434696195E-03
    5     -9.1493574854E-05   6.0212839532E-04   6.0412826435E-04  -1.6270175672E-03  -5.1874204200E-03
    6     -1.3074791477E-04  -6.7393009564E-04  -3.7211055386E-04  -9.5670754542E-05   6.5966289235E-04
    7      1.5075893439E-05   2.2211305557E-04   2.1023281631E-04   2.0832371201E-04   1.2478412119E-04
    8      9.5109199968E-05  -2.5042713858E-05   2.4245463554E-04   1.1426555388E-03   1.8216889605E-03
    9     -4.1292178109E-04   2.1283140238E-03   4.1807967307E-04   2.6753876096E-03   4.4785529357E-03
   10     -6.3395571306E-04   2.4392158651E-03   1.2948467670E-03   2.7134033888E-03   5.8006619196E-03
   11      3.4516578157E-04  -4.0271372055E-04  -5.1744665422E-04  -1.8457148981E-04   2.2682025703E-04
   12      1.6546808147E-03   2.3199244535E-03  -2.1411400907E-03   1.1091362832E-03  -9.7945180991E-03
   13      1.4237046964E-03  -5.3803501231E-04  -3.6658681685E-03   3.6111272607E-03   1.9103636910E-03
   14     -2.3950920773E-03   4.4736735387E-03   3.9225347404E-03   3.1625310885E-04  -3.9219484459E-03
   15      1.4020521750E-01   1.0452839415E-02   1.3048198508E-02  -6.7473116829E-03  -1.6234207642E-03
   16     -1.7211518250E-02  -1.2151868362E-02  -1.5698355809E-02   1.2048739512E-02  -7.3967063441E-03
   17     -2.7207529124E-01  -1.8979113806E-03  -9.5921379430E-03   7.6039062581E-03   1.2063068343E-02
   18      6.6219241205E-03  -8.8045613625E-02   1.0606937976E-01   4.2004670763E-02  -8.2731601434E-02
   19     -3.7454053887E-03   1.1466861212E-01  -2.9398693310E-01  -6.3142890334E-02   1.9303801278E-02
   20     -1.1011698499E-02   3.8795870847E-02  -6.4117349247E-02  -7.3069469589E-02   1.1961979299E-01
   21      2.0217915097E-04   6.7011799702E-04   1.9343703307E-04   3.3010034015E-04  -8.4272745013E-04
   22      6.7887306925E-05   1.7337499871E-04   3.3175238758E-05   2.4092966230E-04  -6.5813159288E-05
   23      7.7093326078E-06   3.3979792831E-05   2.4285095484E-04   1.8789373687E-04  -3.2500525247E-04
   24     -1.0742556000E-04   5.5187384354E-05   1.7779246855E-04   4.9203436050E-04   7.0897444377E-04
   25     -1.3405884002E-05  -9.4059503612E-05   1.9209482549E-05  -1.0434938687E-04  -1.4120353440E-04
   26      4.7987981574E-06   3.1725078539E-04   1.1955062797E-04   2.0243525674E-04   4.0104866508E-04
   27     -1.6776486099E-03  -5.0133957004E-04   8.4600566264E-04  -6.7479516015E-04   6.8512469520E-05
   28     -4.9813088125E-04  -5.9422547600E-04  -7.6897761767E-04   7.6573381913E-04   2.5626317790E-05
   29     -1.1579535615E-04  -3.1403635220E-04  -3.5277209925E-04   3.3349926027E-04   4.6559340874E-05
   30      2.5239663129E-03  -9.1487016867E-05  -1.1906614371E-04  -6.1400788002E-05   1.5800683333E-03
   31     -1.2728425679E-04   1.2340256906E-04   1.5937235115E-04   4.9956007284E-04   9.8834458891E-05
   32      1.8137823762E-03   2.7776048773E-04   7.1981624568E-05   3.3898696570E-04  -2.2818754021E-04
   33     -1.5047251870E-01  -3.5616500883E-03  -9.9160139614E-04  -2.6340587642E-03   5.9206578278E-03
   34      1.7806413104E-02  -5.0396026749E-04   9.4059491332E-04  -9.1888198725E-04  -6.8866803311E-04
   35      2.8204469589E-01  -2.6186310537E-03  -4.9089519002E-04  -4.9087673455E-04   3.9649370398E-03
   36     -2.6186310537E-03   8.4607753720E-02  -1.1431600738E-01  -4.0600969519E-02  -1.5146615270E-03
   37     -4.9089519002E-04  -1.1431600738E-01   3.0934606327E-01   6.7967228862E-02  -1.3502284146E-03
   38     -4.9087673455E-04  -4.0600969519E-02   6.7967228862E-02   6.6579531244E-02   9.8254754379E-03
   39      3.9649370398E-03  -1.5146615270E-03  -1.3502284146E-03   9.8254754379E-03   9.3909198368E-02
   40      2.9899055707E-03   9.4794536068E-03   1.7996186807E-03  -2.3746876874E-02  -1.1514823165E-02
   41      1.7079692450E-03   1.4462128757E-03   2.2646557504E-03  -1.1829472713E-03  -1.2913513729E-01
                   40                 41        
     0     -1.8544275280E-04  -4.6282319343E-03
     1     -5.4622757053E-05   1.5458268983E-03
     2     -1.2107307438E-03  -3.3446956428E-03
     3      1.3217318135E-03  -1.1119324274E-04
     4     -6.3602066784E-05  -4.7877172221E-03
     5      1.9856694642E-03  -1.6941041874E-03
     6     -5.0122207152E-04  -4.3031091315E-04
     7     -9.1079295890E-05   5.1950146442E-04
     8     -2.6610719595E-04   1.1388022946E-03
     9      4.5864898098E-04   1.7072079848E-03
    10      2.4404677999E-04   2.8398678767E-03
    11     -1.7002861810E-04  -1.7584904773E-04
    12     -2.1237620812E-03  -4.5781394690E-03
    13      1.9842613150E-03  -3.3446682926E-04
    14      2.9895173122E-04  -9.1968332156E-05
    15     -1.1308154973E-02   6.2670823724E-03
    16      5.7894588801E-03  -8.0485004850E-03
    17      2.5626261457E-02  -8.0344909199E-03
    18      1.4474698304E-02   1.2681674294E-01
    19     -6.1654382183E-02  -1.4498388256E-02
    20     -2.1854535676E-02  -3.0229350286E-01
    21     -1.4040692434E-04  -8.1886261090E-05
    22     -1.7711568508E-04  -2.1712554661E-05
    23      5.5785786769E-05   1.0017046920E-04
    24     -2.5486351958E-04  -2.6087673029E-05
    25     -1.0037291965E-04  -1.6532004742E-04
    26     -1.7581642116E-04   1.0405598637E-04
    27     -1.7672320162E-05   3.4548146131E-04
    28      3.2683140043E-05   1.3624172518E-04
    29     -2.8897534555E-04   4.5486092772E-04
    30      1.7754458402E-04  -2.9460677062E-04
    31     -3.9421125563E-04   6.4047537087E-04
    32     -6.0519541499E-04  -1.5191488684E-04
    33      1.2745662574E-04   2.7083416320E-03
    34     -3.6907323420E-03   2.5331401088E-03
    35      2.9899055707E-03   1.7079692450E-03
    36      9.4794536068E-03   1.4462128757E-03
    37      1.7996186807E-03   2.2646557504E-03
    38     -2.3746876874E-02  -1.1829472713E-03
    39     -1.1514823165E-02  -1.2913513729E-01
    40      5.6376049709E-02   1.7369044240E-02
    41      1.7369044240E-02   3.1346361423E-01

$vibrational_frequencies
42
    0        0.0000000000000000
    1        0.0000000000000000
    2        0.0000000000000000
    3        0.0000000000000000
    4        0.0000000000000000
    5        0.0000000000000000
    6     -566.4503304857269086
    7      132.7162510907386661
    8      158.4599808363810496
    9      311.9108744438166809
   10      356.5889135957539224
   11      411.4775927153005455
   12      468.0806605893916412
   13      489.7256114626736121
   14      608.3213192450996303
   15      751.9811993606134592
   16      774.2661567003224263
   17      804.1578884294991667
   18      855.6965546022039462
   19      914.3936618636649882
   20      928.4042281315111040
   21      986.3598837793186931
   22     1024.5245004793894168
   23     1039.5506458241363816
   24     1073.0534574098014673
   25     1088.1075715293213761
   26     1146.5351567141340183
   27     1277.3108605347651974
   28     1321.3149848928403571
   29     1349.3340890356580530
   30     1449.4146745743853444
   31     1495.7191576596671894
   32     1557.1304133774790444
   33     1596.5709160073797648
   34     1724.7867143428061354
   35     3214.8202530321950690
   36     3221.7899046311440543
   37     3245.0987749562900717
   38     3251.4511567992944947
   39     3316.5431459386409188
   40     3326.4143095085360073
   41     3361.7343448471069678

$normal_modes
42 42
                    0                  1                  2                  3                  4        
    0      0.0000000000E+00   0.0000000000E+00   0.0000000000E+00   0.0000000000E+00   0.0000000000E+00
    1      0.0000000000E+00   0.0000000000E+00   0.0000000000E+00   0.0000000000E+00   0.0000000000E+00
    2      0.0000000000E+00   0.0000000000E+00   0.0000000000E+00   0.0000000000E+00   0.0000000000E+00
    3      0.0000000000E+00   0.0000000000E+00   0.0000000000E+00   0.0000000000E+00   0.0000000000E+00
    4      0.0000000000E+00   0.0000000000E+00   0.0000000000E+00   0.0000000000E+00   0.0000000000E+00
