
$orca_hessian_file

$act_atom
  0

$act_coord
  0

$act_energy
        0.000000

$multiplicity
  1

$hessian
42
                    0                  1                  2                  3                  4        
    0      1.9895993897E-01   1.7142766181E-02  -2.6478586004E-01  -7.6213908696E-02   8.1344973660E-03
    1      1.7142766181E-02   7.8343396532E-01   3.1464452267E-02   7.9512089783E-02  -3.7315868627E-01
    2     -2.6478586004E-01   3.1464452267E-02   5.9315581893E-01   3.9299089102E-02  -1.0048347836E-01
    3     -7.6213908696E-02   7.9512089783E-02   3.9299089102E-02   3.4810665846E-01   3.4751522342E-02
    4      8.1344973660E-03  -3.7315868627E-01  -1.0048347836E-01   3.4751522342E-02   8.6039581490E-01
    5      5.1405250191E-02  -1.0321612040E-01  -1.1234171579E-01  -1.5678417112E-01   3.7720965003E-03
    6     -8.5723749245E-03   1.0134150795E-02   2.6651308511E-02  -9.1129710961E-02   2.1720571650E-02
    7      2.5769186785E-02  -6.3132781608E-03  -4.1816489723E-02   1.7858263931E-02  -8.5059199611E-02
    8      2.5467633560E-02  -1.1865624531E-02  -3.1576434166E-02   7.7413220884E-02  -4.7077244957E-02
    9      5.4382765367E-02  -3.4726238430E-02   8.0200288371E-03  -1.1551622906E-01  -3.7216505041E-02
   10      3.2261916296E-02  -9.1717062077E-02   3.2973188774E-02  -9.5519206396E-02  -3.6107797683E-01
   11     -7.2826521918E-03   1.1407332263E-02   1.4164072660E-02   4.9542216852E-02   1.4787296721E-01
   12     -5.6856172471E-02   4.2687281061E-02  -9.3388398626E-03  -3.5723692069E-02  -1.4654364133E-01
   13      1.5857626475E-02  -7.8612273464E-03   4.5125973282E-03  -1.5428322740E-02   1.2305200050E-02
   14     -7.5437766739E-03   7.7646651941E-03  -1.9439097521E-03   1.4719458297E-03  -2.3275188234E-02
   15     -5.7104991063E-03  -3.7452978268E-03   1.9592004262E-03  -1.3792518952E-02   1.1796584496E-02
   16     -6.5414442076E-02   2.9527456109E-02  -1.1310042021E-02  -9.2063418654E-03  -9.8593676439E-02
   17      6.5842510820E-03  -7.8359579505E-03   3.8507345668E-03  -8.7141603555E-04   1.4447282885E-02
   18      5.4030842202E-02  -2.3832173686E-02   1.4943140559E-02  -1.4522723833E-02   8.6452716575E-02
   19      4.0627848606E-02  -3.0951260404E-02   8.3432331065E-03  -3.4870621594E-03   5.6891757191E-02
   20      7.9156673161E-03   9.1381203564E-04  -1.4258421554E-02  -4.3664948304E-03   2.8330052438E-03
   21     -6.6449761527E-02   1.1752268957E-02   1.1485081988E-01  -5.5780383195E-03   1.0161305370E-02
   22      1.4992643277E-02  -6.4071139705E-02  -3.8786835141E-02   8.1120408862E-03   7.0321685296E-04
   23      1.2340224664E-01  -4.9946705507E-02  -3.1889374198E-01  -3.3516188299E-04   9.0723074679E-03
   24     -8.1900258027E-02  -1.0265242915E-01   7.5453198470E-02   3.7881526372E-03   1.2875536830E-02
   25     -8.8910702645E-02  -2.3998137781E-01   1.1607680286E-01  -1.7119380564E-02  -1.3401793708E-02
   26      7.3354358444E-02   1.1761453741E-01  -1.2954160341E-01  -4.9691647764E-03  -2.8161260197E-03
   27      5.9887482654E-04  -8.3677498076E-04   4.4897671646E-04  -2.7981769804E-03   1.3305613652E-03
   28      5.1909194175E-04   2.2839445116E-05   2.2056866756E-04  -6.3986056947E-04   6.3483598765E-04
   29      6.3859699322E-04  -7.1756069655E-04   4.4986577831E-04  -1.5587094252E-03   9.0117817227E-04
   30      3.2506665839E-03  -3.4407578593E-03   1.2492294121E-03   3.1844970499E-03   9.0693723899E-03
   31      8.1437453627E-04  -8.7355454741E-04   3.9568451640E-04  -3.7245241594E-04   2.4543479113E-03
   32      9.6965669185E-04  -1.0654555786E-03   2.5464125763E-04   1.1018148585E-03   3.1887398779E-03
   33      6.2857249270E-04  -4.0428410961E-04   4.9615239945E-04   6.0029558695E-04   9.1720591323E-04
   34      9.8318250840E-05   3.1608250230E-04  -4.3926371035E-05  -4.9220378757E-05  -6.6307646390E-04
   35      2.9442132074E-04  -2.6200590365E-04   1.5748178480E-04  -5.0259226230E-05   6.6003174530E-04
   36     -7.0330911593E-03   5.0947396712E-03  -1.2410371636E-04   1.1241267320E-03  -4.0300061144E-03
   37     -1.7332617629E-03   1.7031788445E-03  -3.6417784282E-04   2.5406693149E-04  -1.3984493386E-03
   38     -5.8874538781E-03   4.2340077272E-03  -1.6468033864E-04   2.3915619398E-04  -4.4013932988E-03
   39     -9.1155945329E-03   3.3024219873E-03  -9.1230355868E-03  -1.5287315894E-03  -9.4019286021E-03
   40     -1.4762562723E-04  -7.5935899498E-05  -1.1933518962E-03   1.3160700026E-03  -3.2314240295E-05
   41     -4.5316445519E-03   1.5223975064E-03  -3.3121079804E-03  -1.0893779789E-04  -4.7321186533E-03
                    5                  6                  7                  8                  9        
    0      5.1405250191E-02  -8.5723749245E-03   2.5769186785E-02   2.5467633560E-02   5.4382765367E-02
    1     -1.0321612040E-01   1.0134150795E-02  -6.3132781608E-03  -1.1865624531E-02  -3.4726238430E-02
    2     -1.1234171579E-01   2.6651308511E-02  -4.1816489723E-02  -3.1576434166E-02   8.0200288371E-03
    3     -1.5678417112E-01  -9.1129710961E-02   1.7858263931E-02   7.7413220884E-02  -1.1551622906E-01
    4      3.7720965003E-03   2.1720571650E-02  -8.5059199611E-02  -4.7077244957E-02  -3.7216505041E-02
    5      4.5659403587E-01   6.6266896215E-02  -3.3397885869E-02  -1.8329573195E-01   4.5235475576E-02
    6      6.6266896215E-02   1.0030740797E-01  -1.5634502624E-02  -1.3884523952E-01  -1.1876050693E-02
    7     -3.3397885869E-02  -1.5634502624E-02   8.9866635446E-02   2.9644922413E-02  -3.3329227615E-02
    8     -1.8329573195E-01  -1.3884523952E-01   2.9644922413E-02   2.6497121470E-01   3.5389782783E-02
    9      4.5235475576E-02  -1.1876050693E-02  -3.3329227615E-02   3.5389782783E-02   9.7593528836E-02
   10      1.4549481582E-01  -2.2544036852E-02   2.8629099231E-03   3.4159978686E-02   7.8899751612E-02
   11     -1.6389811507E-01   4.1222170446E-02   4.6330826299E-02  -5.1437648191E-02  -7.3099390570E-02
   12      2.5360030841E-02   4.1999919788E-03   9.8975533535E-03  -1.3673180273E-03   9.2153041275E-02
   13     -5.9855519350E-03   1.1270033078E-03  -1.4090883963E-03  -4.4499072723E-03  -1.5123444529E-02
   14      1.3192188949E-02   1.5780777241E-03   1.9733017263E-03  -3.4195094126E-03   1.1592913939E-02
   15     -9.4605562147E-03  -9.1463818819E-05  -4.4590265558E-04   4.4469438918E-03  -3.9724824727E-02
   16      1.0634950404E-02  -1.0417162666E-03   6.8906685120E-03   5.2936974114E-03   8.6407874548E-02
   17     -2.8480584486E-03   1.6936652672E-04  -7.6094077168E-04   3.4213877865E-03  -2.2021918820E-02
   18     -1.2178901308E-02   4.0831624338E-03  -6.7162520813E-03  -4.8941753619E-03  -5.1593325539E-02
   19     -5.3224752696E-03   2.9562634303E-03  -3.9765356889E-03  -2.6234054643E-03  -3.9509702668E-02
   20      1.7815561115E-03   2.5811711199E-03  -1.1331112144E-03  -3.6118626053E-03   6.9527010326E-03
   21      7.3589300440E-03   5.6184014810E-03   1.9655946434E-03   3.1562712188E-03  -7.8826399169E-03
   22     -2.7062531510E-02   2.9852269115E-03  -5.0942586185E-03  -4.0240913415E-03   6.8098665267E-04
   23     -5.0655331256E-03   2.7626832880E-03  -1.2608624012E-03   2.2388529538E-03  -3.9332325747E-03
   24     -4.9018409068E-03  -1.7354833228E-03   1.9495225475E-04  -3.1024677399E-03   4.3439664134E-03
   25      1.7921918888E-02   6.5531319693E-04   1.8272982443E-03   1.6006433833E-04   1.5940243381E-03
   26      4.0353399591E-03  -1.4553940152E-03  -2.5744052798E-04  -1.0889303568E-03   1.9745420771E-03
   27     -2.3546203139E-03   1.5242757002E-04  -1.2649026613E-04  -2.6096540223E-04  -1.0342991435E-02
   28     -1.5568996558E-03   2.2581245216E-04   1.4082468356E-04   7.6120105586E-05  -2.5103978576E-03
   29     -2.7437337789E-03   1.7009503236E-04   6.1514858288E-05   5.7795065604E-04  -6.7399855150E-03
   30     -6.3481729465E-03  -6.4212779812E-04   2.6783816550E-04   1.3348834473E-03  -1.7879498056E-02
   31     -3.9303175893E-03   3.4097603814E-04   3.9468456884E-05   7.3295851659E-04  -5.9446820866E-03
   32     -1.9581393850E-03  -4.8763004465E-04  -1.0562938035E-04   8.2771377383E-04  -7.3216802773E-03
   33      9.4649514034E-04  -2.8439174475E-04  -5.7252763922E-05  -5.1968411424E-04  -2.6592259711E-04
   34      1.1494783205E-04  -4.8043211694E-05   1.0736341268E-04  -2.4689061825E-05  -1.0804086863E-04
   35     -8.8918681508E-05  -1.2893284147E-04   1.5798164863E-05   9.5534404319E-05  -4.0100588063E-04
   36      6.0733894816E-04  -6.8627971318E-04   2.2744047529E-04  -1.6845152516E-05   2.1504777288E-03
   37      6.0411593848E-04  -3.7624374726E-04   2.1113184288E-04   2.4782571926E-04   4.2849780744E-04
   38     -1.6363998548E-03  -9.0228664337E-05   2.0693519662E-04   1.1472933276E-03   2.6817358107E-03
   39     -5.1752827819E-03   6.5649153840E-04   1.2568171941E-04   1.8193148503E-03   4.4577024076E-03
   40      1.9668772677E-03  -4.9765840228E-04  -9.3940045709E-05  -2.6234302247E-04   4.4098419126E-04
   41     -1.7267748016E-03  -4.1569910090E-04   5.1079969116E-04   1.1501690793E-03   1.6758242300E-03
                   10                 11                 12                 13                 14        
    0      3.2261916296E-02  -7.2826521918E-03  -5.6856172471E-02   1.5857626475E-02  -7.5437766739E-03
    1     -9.1717062077E-02   1.1407332263E-02   4.2687281061E-02  -7.8612273464E-03   7.7646651941E-03
    2      3.2973188774E-02   1.4164072660E-02  -9.3388398626E-03   4.5125973282E-03  -1.9439097521E-03
    3     -9.5519206396E-02   4.9542216852E-02  -3.5723692069E-02  -1.5428322740E-02   1.4719458297E-03
    4     -3.6107797683E-01   1.4787296721E-01  -1.4654364133E-01   1.2305200050E-02  -2.3275188234E-02
    5      1.4549481582E-01  -1.6389811507E-01   2.5360030841E-02  -5.9855519350E-03   1.3192188949E-02
    6     -2.2544036852E-02   4.1222170446E-02   4.1999919788E-03   1.1270033078E-03   1.5780777241E-03
    7      2.8629099231E-03   4.6330826299E-02   9.8975533535E-03  -1.4090883963E-03   1.9733017263E-03
    8      3.4159978686E-02  -5.1437648191E-02  -1.3673180273E-03  -4.4499072723E-03  -3.4195094126E-03
    9      7.8899751612E-02  -7.3099390570E-02   9.2153041275E-02  -1.5123444529E-02   1.1592913939E-02
   10      4.7832696710E-01  -2.1605081038E-01   8.8315481285E-02  -4.2775687209E-02   2.0787829649E-02
   11     -2.1605081038E-01   2.2786776826E-01  -1.4275051567E-03   8.5049924506E-03  -3.2822347942E-02
   12      8.8315481285E-02  -1.4275051567E-03   1.7238068603E-01  -7.8228482290E-02  -2.1960303793E-01
   13     -4.2775687209E-02   8.5049924506E-03  -7.8228482290E-02   7.1913800092E-01  -4.6200207666E-02
   14      2.0787829649E-02  -3.2822347942E-02  -2.1960303793E-01  -4.6200207666E-02   5.9967770859E-01
   15     -7.4003548977E-03  -5.0979116275E-03  -1.2297899582E-01   1.2862805831E-01   5.9596666781E-02
   16      6.2867647521E-02   1.7915365902E-03   4.6682831387E-02  -2.9044881696E-01  -5.8771528452E-02
   17     -3.6705970645E-03  -1.5948803772E-04   6.9565559104E-02  -5.3809499958E-02  -1.1495742777E-01
   18     -4.8952430598E-02   4.7373630257E-03   6.4610964091E-02  -6.2484854979E-03  -2.6719271178E-03
   19     -3.8992950035E-02   3.0064058234E-03   4.4895900732E-02  -5.5960319458E-02   2.4794542925E-02
   20      1.0392794454E-03   2.8855859535E-03  -1.1846447948E-02   3.0004228626E-04   7.6801719441E-03
   21     -5.9931768363E-03  -4.2119932501E-04   6.1818035778E-03  -2.5306319967E-03   6.9181051470E-04
   22      1.5154179082E-03   1.7934311761E-03  -5.5786830410E-04   8.3588789924E-05  -2.2365357303E-04
   23     -1.3250300674E-03   9.2991994976E-04   2.7769865567E-03  -1.5697003718E-03   2.2311090590E-04
   24     -3.7170999066E-05   3.3066954382E-03   3.3005342134E-04   8.8393126282E-04   1.1562508671E-03
   25     -6.8020304496E-03  -1.6749749313E-03   9.8734332810E-04   2.4698983654E-04   3.1457921550E-04
   26     -5.2706435300E-03   3.3003540441E-03   1.2004119670E-03   2.2142255461E-04   8.9685679838E-04
   27     -1.4463186046E-02   5.8553016247E-03  -5.1859508639E-02  -4.5680046891E-02   3.9327492886E-02
   28     -2.7930307517E-03   1.3813892855E-03  -4.0928627557E-02  -2.6077063539E-01   1.3783056031E-01
   29     -8.9950943629E-03   3.7585636521E-03   4.3464465459E-02   1.4055578440E-01  -1.4939944971E-01
   30     -1.2052915869E-02  -1.6999836736E-02  -6.1741284646E-02   1.4401702323E-02   1.0061504702E-01
   31     -3.3395409690E-03  -4.1677527444E-03   2.3318245797E-02  -6.9848515742E-02  -4.1398014466E-02
   32     -4.0371587833E-03  -4.5848417080E-03   1.0305058238E-01  -4.6783836927E-02  -3.1698018087E-01
   33     -7.6936588866E-04  -1.6576401252E-04  -3.1919567889E-03   9.8015821476E-04   1.3248404620E-02
   34      3.9452627646E-04   4.7561072594E-04   1.3753771223E-02  -1.0143943868E-03  -2.7808700291E-02
   35     -6.2505217736E-04   3.4794248168E-04   1.5801305564E-03   1.4400566680E-03  -2.3737803224E-03
   36      2.4830948980E-03  -4.1322419936E-04   2.2785674306E-03  -5.4103443997E-04   4.4778721941E-03
   37      1.3086244364E-03  -5.2130788416E-04  -2.1747346678E-03  -3.6638600102E-03   3.9125888358E-03
   38      2.7304220861E-03  -1.8618107913E-04   1.0952392792E-03   3.6107545453E-03   3.1066000004E-04
   39      5.7877202377E-03   2.3794578454E-04  -9.7834973637E-03   1.8786076409E-03  -3.9272952640E-03
   40      2.2218515820E-04  -1.6682135510E-04  -2.0816931724E-03   1.9787653108E-03   3.0831149036E-04
   41      2.8060473823E-03  -1.6558496811E-04  -4.5207026123E-03  -3.5603276437E-04  -8.4091408470E-05
                   15                 16                 17                 18                 19        
    0     -5.7104991063E-03  -6.5414442076E-02   6.5842510820E-03   5.4030842202E-02   4.0627848606E-02
    1     -3.7452978268E-03   2.9527456109E-02  -7.8359579505E-03  -2.3832173686E-02  -3.0951260404E-02
    2      1.9592004262E-03  -1.1310042021E-02   3.8507345668E-03   1.4943140559E-02   8.3432331065E-03
    3     -1.3792518952E-02  -9.2063418654E-03  -8.7141603555E-04  -1.4522723833E-02  -3.4870621594E-03
    4      1.1796584496E-02  -9.8593676439E-02   1.4447282885E-02   8.6452716575E-02   5.6891757191E-02
    5     -9.4605562147E-03   1.0634950404E-02  -2.8480584486E-03  -1.2178901308E-02  -5.3224752696E-03
    6     -9.1463818819E-05  -1.0417162666E-03   1.6936652672E-04   4.0831624338E-03   2.9562634303E-03
    7     -4.4590265558E-04   6.8906685120E-03  -7.6094077168E-04  -6.7162520813E-03  -3.9765356889E-03
    8      4.4469438918E-03   5.2936974114E-03   3.4213877865E-03  -4.8941753619E-03  -2.6234054643E-03
    9     -3.9724824727E-02   8.6407874548E-02  -2.2021918820E-02  -5.1593325539E-02  -3.9509702668E-02
   10     -7.4003548977E-03   6.2867647521E-02  -3.6705970645E-03  -4.8952430598E-02  -3.8992950035E-02
   11     -5.0979116275E-03   1.7915365902E-03  -1.5948803772E-04   4.7373630257E-03   3.0064058234E-03
   12     -1.2297899582E-01   4.6682831387E-02   6.9565559104E-02   6.4610964091E-02   4.4895900732E-02
   13      1.2862805831E-01  -2.9044881696E-01  -5.3809499958E-02  -6.2484854979E-03  -5.5960319458E-02
   14      5.9596666781E-02  -5.8771528452E-02  -1.1495742777E-01  -2.6719271178E-03   2.4794542925E-02
   15      3.7594563546E-01  -8.0828890475E-02  -2.6611828573E-01  -9.2529506827E-02  -6.7404131736E-02
   16     -8.0828890475E-02   6.7579633834E-01  -8.5163576848E-02  -8.0896789191E-03  -3.0561517749E-01
   17     -2.6611828573E-01  -8.5163576848E-02   5.7653992945E-01   6.8427722727E-02   1.5122469161E-01
   18     -9.2529506827E-02  -8.0896789191E-03   6.8427722727E-02   2.2122907629E-01  -1.0158877928E-01
   19     -6.7404131736E-02  -3.0561517749E-01   1.5122469161E-01  -1.0158877928E-01   7.3282817209E-01
   20      7.5273983389E-02   1.4931210430E-01  -1.9830001043E-01  -2.3802536841E-01  -9.1569377230E-02
   21      3.0096574301E-04   6.0297985772E-03  -1.6017213605E-03  -6.3704510484E-03  -5.7599824438E-03
   22     -3.7723110449E-04  -8.3521098006E-04  -6.8175903496E-04   1.0806463457E-04   1.2631604143E-04
   23      5.5039826734E-04   3.0938670956E-03   7.5570473122E-04  -1.6946902075E-03  -1.9296316141E-03
   24     -1.4308659868E-03   2.3627336193E-04  -1.5152862025E-03  -1.8032532638E-03  -4.0337234580E-03
   25     -2.7072165914E-04   1.5788295054E-04  -3.3154803353E-04   3.2945082140E-04   2.4650830957E-04
   26     -7.3814427334E-04   6.7702186948E-04  -9.2747055104E-04  -1.8127817771E-03  -2.7940662245E-03
   27      1.0205362795E-02   1.7015608782E-02  -1.0520534660E-02   3.0424680965E-04   4.0544493611E-03
   28     -7.8175905827E-03  -1.2678045202E-02   1.5266383149E-02   3.4867805622E-03  -4.0028723765E-03
   29     -9.0279026822E-04  -6.1304559403E-03   6.4708439241E-03   1.1559897227E-03  -7.9110004879E-04
   30     -4.6233497171E-03   1.1126605159E-02   1.6612725929E-02  -6.6397009938E-03  -5.5498231245E-03
   31      8.2524869939E-03   2.8231244900E-03  -2.5514242502E-02  -1.3059616926E-03   5.0389925792E-04
   32      1.2544538357E-03   4.1914604536E-03  -7.1087507293E-04  -2.6050578870E-03  -6.2198521799E-04
   33     -1.1440389789E-01   1.6683851008E-02   1.3105389851E-01  -9.0553977547E-04   1.0611110375E-03
   34      1.7842625411E-02  -6.0022285957E-02  -1.9188525213E-02  -1.3858083472E-02   4.8715592667E-03
   35      1.3974853561E-01  -1.7658186708E-02  -2.7266527899E-01   6.5683886073E-03  -3.7892917056E-03
   36      1.0470979782E-02  -1.2227253858E-02  -1.9071188538E-03  -8.7644415302E-02   1.1438374255E-01
   37      1.3025829346E-02  -1.5710664210E-02  -9.5754771956E-03   1.0573258247E-01  -2.9426305344E-01
   38     -6.7466989607E-03   1.2044460208E-02   7.5973055826E-03   4.1868806288E-02  -6.3116432089E-02
   39     -1.6370209324E-03  -7.3622902312E-03   1.2148270363E-02  -8.2249375245E-02   1.9359526749E-02
   40     -1.1267692750E-02   5.8407593107E-03   2.5604819333E-02   1.4476612566E-02  -6.1706043257E-02
   41      6.2286922983E-03  -8.0163607669E-03  -8.0672967454E-03   1.2618318280E-01  -1.4822281071E-02
                   20                 21                 22                 23                 24        
    0      7.9156673161E-03  -6.6449761527E-02   1.4992643277E-02   1.2340224664E-01  -8.1900258027E-02
    1      9.1381203564E-04   1.1752268957E-02  -6.4071139705E-02  -4.9946705507E-02  -1.0265242915E-01
    2     -1.4258421554E-02   1.1485081988E-01  -3.8786835141E-02  -3.1889374198E-01   7.5453198470E-02
    3     -4.3664948304E-03  -5.5780383195E-03   8.1120408862E-03  -3.3516188299E-04   3.7881526372E-03
    4      2.8330052438E-03   1.0161305370E-02   7.0321685296E-04   9.0723074679E-03   1.2875536830E-02
    5      1.7815561115E-03   7.3589300440E-03  -2.7062531510E-02  -5.0655331256E-03  -4.9018409068E-03
    6      2.5811711199E-03   5.6184014810E-03   2.9852269115E-03   2.7626832880E-03  -1.7354833228E-03
    7     -1.1331112144E-03   1.9655946434E-03  -5.0942586185E-03  -1.2608624012E-03   1.9495225475E-04
    8     -3.6118626053E-03   3.1562712188E-03  -4.0240913415E-03   2.2388529538E-03  -3.1024677399E-03
    9      6.9527010326E-03  -7.8826399169E-03   6.8098665267E-04  -3.9332325747E-03   4.3439664134E-03
   10      1.0392794454E-03  -5.9931768363E-03   1.5154179082E-03  -1.3250300674E-03  -3.7170999066E-05
   11      2.8855859535E-03  -4.2119932501E-04   1.7934311761E-03   9.2991994976E-04   3.3066954382E-03
   12     -1.1846447948E-02   6.1818035778E-03  -5.5786830410E-04   2.7769865567E-03   3.3005342134E-04
   13      3.0004228626E-04  -2.5306319967E-03   8.3588789924E-05  -1.5697003718E-03   8.8393126282E-04
   14      7.6801719441E-03   6.9181051470E-04  -2.2365357303E-04   2.2311090590E-04   1.1562508671E-03
   15      7.5273983389E-02   3.0096574301E-04  -3.7723110449E-04   5.5039826734E-04  -1.4308659868E-03
   16      1.4931210430E-01   6.0297985772E-03  -8.3521098006E-04   3.0938670956E-03   2.3627336193E-04
   17     -1.9830001043E-01  -1.6017213605E-03  -6.8175903496E-04   7.5570473122E-04  -1.5152862025E-03
   18     -2.3802536841E-01  -6.3704510484E-03   1.0806463457E-04  -1.6946902075E-03  -1.8032532638E-03
   19     -9.1569377230E-02  -5.7599824438E-03   1.2631604143E-04  -1.9296316141E-03  -4.0337234580E-03
   20      5.8921661031E-01  -7.4186234180E-03  -1.9467529095E-04  -2.7327317482E-03   3.0975132354E-03
   21     -7.4186234180E-03   7.7765907698E-02  -1.9061081888E-02  -1.2402866638E-01  -2.3750203074E-03
   22     -1.9467529095E-04  -1.9061081888E-02   5.9557745872E-02   4.8399310641E-02  -6.9485605646E-03
   23     -2.7327317482E-03  -1.2402866638E-01   4.8399310641E-02   3.2828754946E-01   1.3801921384E-03
   24      3.0975132354E-03  -2.3750203074E-03  -6.9485605646E-03   1.3801921384E-03   7.9879138830E-02
   25      2.8816504368E-04   3.7685327903E-03   8.0856731425E-03  -4.6628365308E-03   9.9336405107E-02
   26      1.7251567622E-03   7.2822182830E-03   2.0457982869E-02  -5.9122541485E-03  -7.5367808366E-02
   27      3.5901288095E-03  -2.1855870178E-04   2.0359838992E-05  -1.3768707895E-04   2.7129785538E-05
   28     -1.2825942610E-03  -8.8893905861E-05  -1.5151165061E-05  -6.6646467729E-06   5.9371879456E-05
   29      1.3204144812E-03  -1.6923706875E-04   1.1545265598E-05  -6.7652364353E-05   6.5808496495E-05
   30     -1.1973911221E-03  -5.8982580424E-04   7.3385791209E-05  -2.2056216804E-04   1.4486107002E-04
   31     -9.9015627180E-04  -1.0075369980E-04   4.3596735525E-05  -1.4746702953E-05   5.2245689672E-05
   32      9.9740245164E-04  -1.4128375603E-04   2.7051946541E-05  -5.1602551866E-05   6.9686653930E-05
   33      5.8497810960E-03  -2.1082221367E-04  -1.3059936318E-04  -2.1733827741E-04  -3.2349362638E-05
   34      2.6770220807E-02  -1.9646125478E-04   4.4900060797E-05  -1.4662838277E-04   1.1268827627E-04
   35     -1.1043889861E-02   2.0209774949E-04   6.7095088393E-05   1.0856381981E-05  -1.0749934195E-04
   36      3.8680738424E-02   6.7355668740E-04   1.6961583325E-04   3.0520091032E-05   5.7859468106E-05
   37     -6.4120782814E-02   1.9745587304E-04   3.0838095566E-05   2.4229746672E-04   1.7893868285E-04
   38     -7.3045915778E-02   3.2969820722E-04   2.3889858273E-04   1.8139536088E-04   4.9426297296E-04
   39      1.1891094964E-01  -8.6551734832E-04  -6.5905435106E-05  -3.3330622869E-04   7.0606864486E-04
   40     -2.2154759608E-02  -1.4505135031E-04  -1.7553302987E-04   5.5539554288E-05  -2.5348574745E-04
   41     -3.0261406604E-01  -9.3496772925E-05  -2.2285679352E-05   9.6126176155E-05  -2.9325441655E-05
                   25                 26                 27                 28                 29        
    0     -8.8910702645E-02   7.3354358444E-02   5.9887482654E-04   5.1909194175E-04   6.3859699322E-04
    1     -2.3998137781E-01   1.1761453741E-01  -8.3677498076E-04   2.2839445116E-05  -7.1756069655E-04
    2      1.1607680286E-01  -1.2954160341E-01   4.4897671646E-04   2.2056866756E-04   4.4986577831E-04
    3     -1.7119380564E-02  -4.9691647764E-03  -2.7981769804E-03  -6.3986056947E-04  -1.5587094252E-03
    4     -1.3401793708E-02  -2.8161260197E-03   1.3305613652E-03   6.3483598765E-04   9.0117817227E-04
    5      1.7921918888E-02   4.0353399591E-03  -2.3546203139E-03  -1.5568996558E-03  -2.7437337789E-03
    6      6.5531319693E-04  -1.4553940152E-03   1.5242757002E-04   2.2581245216E-04   1.7009503236E-04
    7      1.8272982443E-03  -2.5744052798E-04  -1.2649026613E-04   1.4082468356E-04   6.1514858288E-05
    8      1.6006433833E-04  -1.0889303568E-03  -2.6096540223E-04   7.6120105586E-05   5.7795065604E-04
    9      1.5940243381E-03   1.9745420771E-03  -1.0342991435E-02  -2.5103978576E-03  -6.7399855150E-03
   10     -6.8020304496E-03  -5.2706435300E-03  -1.4463186046E-02  -2.7930307517E-03  -8.9950943629E-03
   11     -1.6749749313E-03   3.3003540441E-03   5.8553016247E-03   1.3813892855E-03   3.7585636521E-03
   12      9.8734332810E-04   1.2004119670E-03  -5.1859508639E-02  -4.0928627557E-02   4.3464465459E-02
   13      2.4698983654E-04   2.2142255461E-04  -4.5680046891E-02  -2.6077063539E-01   1.4055578440E-01
   14      3.1457921550E-04   8.9685679838E-04   3.9327492886E-02   1.3783056031E-01  -1.4939944971E-01
   15     -2.7072165914E-04  -7.3814427334E-04   1.0205362795E-02  -7.8175905827E-03  -9.0279026822E-04
   16      1.5788295054E-04   6.7702186948E-04   1.7015608782E-02  -1.2678045202E-02  -6.1304559403E-03
   17     -3.3154803353E-04  -9.2747055104E-04  -1.0520534660E-02   1.5266383149E-02   6.4708439241E-03
   18      3.2945082140E-04  -1.8127817771E-03   3.0424680965E-04   3.4867805622E-03   1.1559897227E-03
   19      2.4650830957E-04  -2.7940662245E-03   4.0544493611E-03  -4.0028723765E-03  -7.9110004879E-04
   20      2.8816504368E-04   1.7251567622E-03   3.5901288095E-03  -1.2825942610E-03   1.3204144812E-03
   21      3.7685327903E-03   7.2822182830E-03  -2.1855870178E-04  -8.8893905861E-05  -1.6923706875E-04
   22      8.0856731425E-03   2.0457982869E-02   2.0359838992E-05  -1.5151165061E-05   1.1545265598E-05
   23     -4.6628365308E-03  -5.9122541485E-03  -1.3768707895E-04  -6.6646467729E-06  -6.7652364353E-05
   24      9.9336405107E-02  -7.5367808366E-02   2.7129785538E-05   5.9371879456E-05   6.5808496495E-05
   25      2.4975811729E-01  -1.2779234149E-01   5.7747403426E-06  -1.5212597639E-06  -2.9060596284E-05
   26     -1.2779234149E-01   1.2720614165E-01   5.2978662312E-06   1.3666979423E-05   2.6566361313E-06
   27      5.7747403426E-06   5.2978662312E-06   5.5282619982E-02   4.6236302878E-02  -3.8727888522E-02
   28     -1.5212597639E-06   1.3666979423E-05   4.6236302878E-02   2.7118009252E-01  -1.4733215967E-01
   29     -2.9060596284E-05   2.6566361313E-06  -3.8727888522E-02  -1.4733215967E-01   1.4747307508E-01
   30     -1.0590999934E-04  -3.1279045037E-05   1.2956656777E-03   2.8171568682E-03   4.6552770968E-03
   31     -4.0933465147E-05  -3.6035380145E-06  -6.9923533391E-03   8.1333656912E-03   2.3285907432E-02
   32      1.6769746941E-05  -4.4397898538E-06   4.7733570499E-03  -5.0203725555E-03  -8.5212646075E-03
   33     -3.6928173885E-05  -1.5770094786E-04  -2.2181405991E-03  -7.8808809354E-04  -1.7871981022E-03
   34     -1.5333659577E-05   2.8746799511E-06  -1.4017247473E-03   8.8610044662E-04  -1.8261696680E-04
   35     -1.3213051760E-05   5.3791693666E-06  -1.6631620752E-03  -4.9223745953E-04  -1.0839844136E-04
   36     -9.4892392685E-05   3.1835485074E-04  -4.9844768886E-04  -5.9416647317E-04  -3.1406984879E-04
   37      2.0771362102E-05   1.1876338729E-04   8.5302858125E-04  -7.6964997378E-04  -3.4834311036E-04
   38     -1.0445888756E-04   2.0307244475E-04  -6.7573451163E-04   7.6859258537E-04   3.3250445486E-04
   39     -1.4328231578E-04   3.9770944010E-04   6.9496597501E-05   2.6852061224E-05   4.7850070899E-05
   40     -1.0025078318E-04  -1.7603366328E-04  -1.9252881765E-05   3.2847348924E-05  -2.9058339213E-04
   41     -1.6588131724E-04   9.9740790423E-05   3.4183349048E-04   1.3469181961E-04   4.5462423698E-04
                   30                 31                 32                 33                 34        
    0      3.2506665839E-03   8.1437453627E-04   9.6965669185E-04   6.2857249270E-04   9.8318250840E-05
    1     -3.4407578593E-03  -8.7355454741E-04  -1.0654555786E-03  -4.0428410961E-04   3.1608250230E-04
    2      1.2492294121E-03   3.9568451640E-04   2.5464125763E-04   4.9615239945E-04  -4.3926371035E-05
    3      3.1844970499E-03  -3.7245241594E-04   1.1018148585E-03   6.0029558695E-04  -4.9220378757E-05
    4      9.0693723899E-03   2.4543479113E-03   3.1887398779E-03   9.1720591323E-04  -6.6307646390E-04
    5     -6.3481729465E-03  -3.9303175893E-03  -1.9581393850E-03   9.4649514034E-04   1.1494783205E-04
    6     -6.4212779812E-04   3.4097603814E-04  -4.8763004465E-04  -2.8439174475E-04  -4.8043211694E-05
    7      2.6783816550E-04   3.9468456884E-05  -1.0562938035E-04  -5.7252763922E-05   1.0736341268E-04
    8      1.3348834473E-03   7.3295851659E-04   8.2771377383E-04  -5.1968411424E-04  -2.4689061825E-05
    9     -1.7879498056E-02  -5.9446820866E-03  -7.3216802773E-03  -2.6592259711E-04  -1.0804086863E-04
   10     -1.2052915869E-02  -3.3395409690E-03  -4.0371587833E-03  -7.6936588866E-04   3.9452627646E-04
   11     -1.6999836736E-02  -4.1677527444E-03  -4.5848417080E-03  -1.6576401252E-04   4.7561072594E-04
   12     -6.1741284646E-02   2.3318245797E-02   1.0305058238E-01  -3.1919567889E-03   1.3753771223E-02
   13      1.4401702323E-02  -6.9848515742E-02  -4.6783836927E-02   9.8015821476E-04  -1.0143943868E-03
   14      1.0061504702E-01  -4.1398014466E-02  -3.1698018087E-01   1.3248404620E-02  -2.7808700291E-02
   15     -4.6233497171E-03   8.2524869939E-03   1.2544538357E-03  -1.1440389789E-01   1.7842625411E-02
   16      1.1126605159E-02   2.8231244900E-03   4.1914604536E-03   1.6683851008E-02  -6.0022285957E-02
   17      1.6612725929E-02  -2.5514242502E-02  -7.1087507293E-04   1.3105389851E-01  -1.9188525213E-02
   18     -6.6397009938E-03  -1.3059616926E-03  -2.6050578870E-03  -9.0553977547E-04  -1.3858083472E-02
   19     -5.5498231245E-03   5.0389925792E-04  -6.2198521799E-04   1.0611110375E-03   4.8715592667E-03
   20     -1.1973911221E-03  -9.9015627180E-04   9.9740245164E-04   5.8497810960E-03   2.6770220807E-02
   21     -5.8982580424E-04  -1.0075369980E-04  -1.4128375603E-04  -2.1082221367E-04  -1.9646125478E-04
   22      7.3385791209E-05   4.3596735525E-05   2.7051946541E-05  -1.3059936318E-04   4.4900060797E-05
   23     -2.2056216804E-04  -1.4746702953E-05  -5.1602551866E-05  -2.1733827741E-04  -1.4662838277E-04
   24      1.4486107002E-04   5.2245689672E-05   6.9686653930E-05  -3.2349362638E-05   1.1268827627E-04
   25     -1.0590999934E-04  -4.0933465147E-05   1.6769746941E-05  -3.6928173885E-05  -1.5333659577E-05
   26     -3.1279045037E-05  -3.6035380145E-06  -4.4397898538E-06  -1.5770094786E-04   2.8746799511E-06
   27      1.2956656777E-03  -6.9923533391E-03   4.7733570499E-03  -2.2181405991E-03  -1.4017247473E-03
   28      2.8171568682E-03   8.1333656912E-03  -5.0203725555E-03  -7.8808809354E-04   8.8610044662E-04
   29      4.6552770968E-03   2.3285907432E-02  -8.5212646075E-03  -1.7871981022E-03  -1.8261696680E-04
   30      7.9625368637E-02  -2.0831563242E-02  -1.0182130638E-01   3.1288267958E-03   4.1678387990E-03
   31     -2.0831563242E-02   6.3880694931E-02   5.0584349968E-02   2.5513282151E-03  -3.5396440519E-03
   32     -1.0182130638E-01   5.0584349968E-02   3.2873660533E-01   1.1141720708E-03   1.5863743227E-04
   33      3.1288267958E-03   2.5513282151E-03   1.1141720708E-03   1.1479360039E-01  -1.9118589053E-02
   34      4.1678387990E-03  -3.5396440519E-03   1.5863743227E-04  -1.9118589053E-02   6.1380892198E-02
   35      2.5109818396E-03  -1.2403967816E-04   1.8031171487E-03  -1.4992368293E-01   1.8271023901E-02
   36     -9.0983988885E-05   1.2434160254E-04   2.7829446558E-04  -3.5716233995E-03  -5.0116902196E-04
   37     -1.1907821927E-04   1.6122838171E-04   7.2851127557E-05  -9.8527291132E-04   9.4345069999E-04
   38     -5.9062176380E-05   5.0083485148E-04   3.3932341225E-04  -2.6351645703E-03  -9.1652961969E-04
   39      1.5768851902E-03   1.0068667454E-04  -2.3800483016E-04   5.9333491060E-03  -7.0325109075E-04
   40      1.6922974692E-04  -3.9753707964E-04  -6.0309684232E-04   1.0606710795E-04  -3.6901403439E-03
   41     -2.9758900679E-04   6.4081294079E-04  -1.4745938674E-04   2.7061546581E-03   2.5320006643E-03
                   35                 36                 37                 38                 39        
    0      2.9442132074E-04  -7.0330911593E-03  -1.7332617629E-03  -5.8874538781E-03  -9.1155945329E-03
    1     -2.6200590365E-04   5.0947396712E-03   1.7031788445E-03   4.2340077272E-03   3.3024219873E-03
    2      1.5748178480E-04  -1.2410371636E-04  -3.6417784282E-04  -1.6468033864E-04  -9.1230355868E-03
    3     -5.0259226230E-05   1.1241267320E-03   2.5406693149E-04   2.3915619398E-04  -1.5287315894E-03
    4      6.6003174530E-04  -4.0300061144E-03  -1.3984493386E-03  -4.4013932988E-03  -9.4019286021E-03
    5     -8.8918681508E-05   6.0733894816E-04   6.0411593848E-04  -1.6363998548E-03  -5.1752827819E-03
    6     -1.2893284147E-04  -6.8627971318E-04  -3.7624374726E-04  -9.0228664337E-05   6.5649153840E-04
    7      1.5798164863E-05   2.2744047529E-04   2.1113184288E-04   2.0693519662E-04   1.2568171941E-04
    8      9.5534404319E-05  -1.6845152516E-05   2.4782571926E-04   1.1472933276E-03   1.8193148503E-03
    9     -4.0100588063E-04   2.1504777288E-03   4.2849780744E-04   2.6817358107E-03   4.4577024076E-03
   10     -6.2505217736E-04   2.4830948980E-03   1.3086244364E-03   2.7304220861E-03   5.7877202377E-03
   11      3.4794248168E-04  -4.1322419936E-04  -5.2130788416E-04  -1.8618107913E-04   2.3794578454E-04
   12      1.5801305564E-03   2.2785674306E-03  -2.1747346678E-03   1.0952392792E-03  -9.7834973637E-03
   13      1.4400566680E-03  -5.4103443997E-04  -3.6638600102E-03   3.6107545453E-03   1.8786076409E-03
   14     -2.3737803224E-03   4.4778721941E-03   3.9125888358E-03   3.1066000004E-04  -3.9272952640E-03
   15      1.3974853561E-01   1.0470979782E-02   1.3025829346E-02  -6.7466989607E-03  -1.6370209324E-03
   16     -1.7658186708E-02  -1.2227253858E-02  -1.5710664210E-02   1.2044460208E-02  -7.3622902312E-03
   17     -2.7266527899E-01  -1.9071188538E-03  -9.5754771956E-03   7.5973055826E-03   1.2148270363E-02
   18      6.5683886073E-03  -8.7644415302E-02   1.0573258247E-01   4.1868806288E-02  -8.2249375245E-02
   19     -3.7892917056E-03   1.1438374255E-01  -2.9426305344E-01  -6.3116432089E-02   1.9359526749E-02
   20     -1.1043889861E-02   3.8680738424E-02  -6.4120782814E-02  -7.3045915778E-02   1.1891094964E-01
   21      2.0209774949E-04   6.7355668740E-04   1.9745587304E-04   3.2969820722E-04  -8.6551734832E-04
   22      6.7095088393E-05   1.6961583325E-04   3.0838095566E-05   2.3889858273E-04  -6.5905435106E-05
   23      1.0856381981E-05   3.0520091032E-05   2.4229746672E-04   1.8139536088E-04  -3.3330622869E-04
   24     -1.0749934195E-04   5.7859468106E-05   1.7893868285E-04   4.9426297296E-04   7.0606864486E-04
   25     -1.3213051760E-05  -9.4892392685E-05   2.0771362102E-05  -1.0445888756E-04  -1.4328231578E-04
   26      5.3791693666E-06   3.1835485074E-04   1.1876338729E-04   2.0307244475E-04   3.9770944010E-04
   27     -1.6631620752E-03  -4.9844768886E-04   8.5302858125E-04  -6.7573451163E-04   6.9496597501E-05
   28     -4.9223745953E-04  -5.9416647317E-04  -7.6964997378E-04   7.6859258537E-04   2.6852061224E-05
   29     -1.0839844136E-04  -3.1406984879E-04  -3.4834311036E-04   3.3250445486E-04   4.7850070899E-05
   30      2.5109818396E-03  -9.0983988885E-05  -1.1907821927E-04  -5.9062176380E-05   1.5768851902E-03
   31     -1.2403967816E-04   1.2434160254E-04   1.6122838171E-04   5.0083485148E-04   1.0068667454E-04
   32      1.8031171487E-03   2.7829446558E-04   7.2851127557E-05   3.3932341225E-04  -2.3800483016E-04
   33     -1.4992368293E-01  -3.5716233995E-03  -9.8527291132E-04  -2.6351645703E-03   5.9333491060E-03
   34      1.8271023901E-02  -5.0116902196E-04   9.4345069999E-04  -9.1652961969E-04  -7.0325109075E-04
   35      2.8264732101E-01  -2.6090040255E-03  -4.8421395054E-04  -4.8077109016E-04   3.9704651047E-03
   36     -2.6090040255E-03   8.4260984524E-02  -1.1395160392E-01  -4.0440073574E-02  -1.4917111007E-03
   37     -4.8421395054E-04  -1.1395160392E-01   3.0965350570E-01   6.7966000234E-02  -1.3342764951E-03
   38     -4.8077109016E-04  -4.0440073574E-02   6.7966000234E-02   6.6590773011E-02   9.8254934759E-03
   39      3.9704651047E-03  -1.4917111007E-03  -1.3342764951E-03   9.8254934759E-03   9.3271454628E-02
   40      2.9805349316E-03   9.4612232110E-03   1.7729476108E-03  -2.3767865281E-02  -1.1564144897E-02
   41      1.6934049998E-03   1.4313445033E-03   2.2556332489E-03  -1.1883794540E-03  -1.2856535537E-01
                   40                 41        
     0     -1.4762562723E-04  -4.5316445519E-03
     1     -7.5935899498E-05   1.5223975064E-03
     2     -1.1933518962E-03  -3.3121079804E-03
     3      1.3160700026E-03  -1.0893779789E-04
     4     -3.2314240295E-05  -4.7321186533E-03
     5      1.9668772677E-03  -1.7267748016E-03
     6     -4.9765840228E-04  -4.1569910090E-04
     7     -9.3940045709E-05   5.1079969116E-04
     8     -2.6234302247E-04   1.1501690793E-03
     9      4.4098419126E-04   1.6758242300E-03
    10      2.2218515820E-04   2.8060473823E-03
    11     -1.6682135510E-04  -1.6558496811E-04
    12     -2.0816931724E-03  -4.5207026123E-03
    13      1.9787653108E-03  -3.5603276437E-04
    14      3.0831149036E-04  -8.4091408470E-05
    15     -1.1267692750E-02   6.2286922983E-03
    16      5.8407593107E-03  -8.0163607669E-03
    17      2.5604819333E-02  -8.0672967454E-03
    18      1.4476612566E-02   1.2618318280E-01
    19     -6.1706043257E-02  -1.4822281071E-02
    20     -2.2154759608E-02  -3.0261406604E-01
    21     -1.4505135031E-04  -9.3496772925E-05
    22     -1.7553302987E-04  -2.2285679352E-05
    23      5.5539554288E-05   9.6126176155E-05
    24     -2.5348574745E-04  -2.9325441655E-05
    25     -1.0025078318E-04  -1.6588131724E-04
    26     -1.7603366328E-04   9.9740790423E-05
    27     -1.9252881765E-05   3.4183349048E-04
    28      3.2847348924E-05   1.3469181961E-04
    29     -2.9058339213E-04   4.5462423698E-04
    30      1.6922974692E-04  -2.9758900679E-04
    31     -3.9753707964E-04   6.4081294079E-04
    32     -6.0309684232E-04  -1.4745938674E-04
    33      1.0606710795E-04   2.7061546581E-03
    34     -3.6901403439E-03   2.5320006643E-03
    35      2.9805349316E-03   1.6934049998E-03
    36      9.4612232110E-03   1.4313445033E-03
    37      1.7729476108E-03   2.2556332489E-03
    38     -2.3767865281E-02  -1.1883794540E-03
    39     -1.1564144897E-02  -1.2856535537E-01
    40      5.6424189940E-02   1.7705674741E-02
    41      1.7705674741E-02   3.1381169550E-01

$vibrational_frequencies
42
    0        0.0000000000000000
    1        0.0000000000000000
    2        0.0000000000000000
    3        0.0000000000000000
    4        0.0000000000000000
    5        0.0000000000000000
    6     -565.9339644736717219
    7      132.9563646133202610
    8      158.6384855049864200
    9      311.1640612575183127
   10      356.9125190043955058
   11      411.5275084759838933
   12      468.1203852133593841
   13      489.7190760712442739
   14      608.2377945469265796
   15      752.1803218872950083
   16      774.1884800985130823
   17      803.6013038043066672
   18      856.0650886854019745
   19      914.5603017658020235
   20      928.3574157406256973
   21      986.6998431325602041
   22     1024.8176382753720191
   23     1039.8204892931755694
   24     1073.2021100472773014
   25     1088.4508864636006820
   26     1147.1314638408500741
   27     1277.5082782309509639
   28     1321.2937050817517957
   29     1349.3730089019106799
   30     1449.3864786262608959
   31     1495.9784459895840882
   32     1557.1454127504007374
   33     1596.3617540178365743
   34     1724.5190433007226147
   35     3214.1793215740531195
   36     3221.0575972608162374
   37     3244.8568823246714601
   38     3250.7256011856602527
   39     3315.8431097797683833
   40     3325.5667545531518954
   41     3361.5030052259589866

$normal_modes
42 42
                    0                  1                  2                  3                  4        
    0      0.0000000000E+00   0.0000000000E+00   0.0000000000E+00   0.0000000000E+00   0.0000000000E+00
    1      0.0000000000E+00   0.0000000000E+00   0.0000000000E+00   0.0000000000E+00   0.0000000000E+00
    2      0.0000000000E+00   0.0000000000E+00   0.0000000000E+00   0.0000000000E+00   0.0000000000E+00
    3      0.0000000000E+00   0.0000000000E+00   0.0000000000E+00   0.0000000000E+00   0.0000000000E+00
    4      0.0000000000E+00   0.0000000000E+00   0.0000000000E+00   0.0000000000E+00   0.0000000000E+00
