
$orca_hessian_file

$act_atom
  0

$act_coord
  0

$act_energy
        0.000000

$multiplicity
  1

$hessian
45
                    0                  1                  2                  3                  4        
    0      6.5021935028E-02  -2.2875398700E-02   3.3179574827E-03  -4.8893303166E-02   3.5827298305E-02
    1     -2.2875398700E-02   7.4015068014E-01  -3.1375031303E-02  -2.3389160098E-02  -2.1906219032E-01
    2      3.3179574827E-03  -3.1375031303E-02   7.5575276302E-01   2.5987166662E-02   1.3392308155E-01
    3     -4.8893303166E-02  -2.3389160098E-02   2.5987166662E-02   2.5321650262E-01  -4.1433343117E-02
    4      3.5827298305E-02  -2.1906219032E-01   1.3392308155E-01  -4.1433343117E-02   7.6217752996E-01
    5     -1.0911065871E-03   1.6046360971E-01  -2.9206120797E-01  -4.9409836780E-02  -8.5124831913E-02
    6      8.4408979469E-03   1.4774957021E-03   8.2388656320E-03  -5.8872043762E-02   2.4062406802E-03
    7     -1.8742191601E-03   1.6147767339E-02   2.4402056689E-02   2.9505335499E-03  -1.2973151526E-01
    8      1.8078546797E-02  -5.7227869156E-03  -6.6580544401E-02   2.0962207802E-02  -7.7196493800E-02
    9      4.5405663045E-02   1.7065611305E-02  -1.9513343424E-02  -9.0023770059E-02  -3.0017477388E-02
   10     -4.9374399559E-02  -7.8719495473E-02   3.5927853891E-02   1.7821651415E-02  -3.9451291158E-01
   11     -4.0858628716E-03   3.0256304697E-02   1.5996264194E-02   5.9517708008E-03  -9.1981577608E-03
   12     -5.5822263008E-02  -2.7621837035E-02   3.2378138632E-02  -9.5150055697E-03   1.4026978971E-01
   13     -1.4763292574E-02  -3.9440605422E-03   3.8553790525E-03   1.8178764092E-02   2.3617981790E-03
   14     -3.0201686364E-03   2.7227109069E-03   9.3965801935E-04   6.6883098605E-05  -1.2040429672E-04
   15     -4.4240668117E-04   4.7503957142E-03  -4.7533151739E-03  -2.4377912501E-02  -2.1411938582E-02
   16      5.9858360870E-02   1.5881732205E-02  -2.4902843311E-02   7.3319388913E-03  -8.2058916837E-02
   17     -2.0478611881E-02  -7.0793157949E-03   8.4715535334E-03   5.7222972990E-03   2.4645695357E-02
   18      5.0545851465E-02   1.1400336446E-02  -2.1793223746E-02  -1.8973768075E-02  -6.7996493599E-02
   19     -3.7417951131E-02  -2.0835919083E-02   1.6543572604E-02   7.8267470291E-03   4.6753614356E-02
   20      2.3792459069E-02   7.4846995213E-03  -2.0628112852E-02  -3.0199135462E-03  -3.1823626083E-02
   21     -1.8998207834E-02  -7.3159468971E-03  -3.8163825880E-02  -1.4429957939E-03  -6.9880179342E-03
   22     -9.5626045751E-03  -9.8571197966E-02  -1.0877397038E-01   3.4188252682E-03   1.0260269628E-02
   23     -2.5870524783E-02  -1.0073103150E-01  -3.2768241218E-01  -4.0103748741E-03  -1.4457816776E-02
   24     -3.0224180211E-02   4.7641417239E-02   4.8805265762E-03  -3.4810730832E-04  -9.1803629652E-03
   25      3.5607662148E-02  -3.5153029715E-01  -4.4444826915E-02   4.9784622706E-03  -1.4330860807E-02
   26      7.4897371463E-03  -5.1565331472E-02  -6.7552986502E-02  -6.1655692918E-03   2.1392179618E-02
   27      1.0507688939E-03   3.4356055113E-05   2.0840374437E-03  -4.4116947423E-04  -1.6478659261E-03
   28      2.3175531045E-03  -6.3047775031E-05  -4.3192958397E-03   1.5541810093E-03   1.5643936161E-02
   29     -7.8791614698E-04  -5.1399842333E-03  -4.0232054707E-03   3.7560709939E-03   3.9593361544E-02
   30      3.5979301472E-03   1.8168407673E-03  -2.2913762907E-03  -1.0832323959E-03  -9.6158403192E-03
   31     -1.4194095970E-03  -7.3100685835E-04   8.3199494493E-04   7.7855438084E-04   3.8936081206E-03
   32     -9.4186129617E-05  -1.4323518252E-04   6.7753725620E-05   2.6302597646E-04   6.4692161627E-04
   33      1.2892217464E-03   1.5612404361E-03  -5.7942395982E-04  -2.7893629945E-03  -3.4865691827E-03
   34     -6.8379603829E-04  -2.9050522038E-04   8.2164830031E-05   1.0512557571E-03   1.5257922225E-03
   35     -7.4245209130E-04  -6.5824186523E-04   2.1197560623E-04   8.6128845342E-04   1.3669546527E-03
   36      4.9493500462E-04   2.7232338927E-04  -2.0784443815E-05   1.3135399649E-03  -4.8694477758E-04
   37      1.7760057559E-04   2.8239222633E-04  -1.6218113762E-04  -4.5746697971E-04  -6.8613496927E-04
   38     -3.6391204528E-04  -1.9092739689E-04   4.0338830133E-04  -2.7871267183E-04   8.9190609968E-05
   39     -5.7274962255E-03  -4.8528515645E-03   5.0846075729E-04   7.5713393128E-04   2.9685371950E-03
   40      2.1849651827E-03   1.7239581227E-03  -2.3273178529E-04  -2.0142903288E-04  -1.3426807901E-03
   41      2.4863436130E-03   1.6615051142E-03  -1.5899848286E-03  -7.2990662013E-05  -1.8093523357E-03
   42     -1.5739346151E-02   3.3671179151E-05   9.7134897996E-03   1.4734945849E-03   1.0798467494E-02
   43      1.9991372104E-03  -4.3880963613E-04  -1.3519862500E-03  -4.1499402916E-04  -8.9133805870E-04
   44      1.3763469965E-03   1.3819072929E-05  -1.7249021949E-03  -6.1133885940E-04  -1.9528371620E-03
                    5                  6                  7                  8                  9        
    0     -1.0911065871E-03   8.4408979469E-03  -1.8742191601E-03   1.8078546797E-02   4.5405663045E-02
    1      1.6046360971E-01   1.4774957021E-03   1.6147767339E-02  -5.7227869156E-03   1.7065611305E-02
    2     -2.9206120797E-01   8.2388656320E-03   2.4402056689E-02  -6.6580544401E-02  -1.9513343424E-02
    3     -4.9409836780E-02  -5.8872043762E-02   2.9505335499E-03   2.0962207802E-02  -9.0023770059E-02
    4     -8.5124831913E-02   2.4062406802E-03  -1.2973151526E-01  -7.7196493800E-02  -3.0017477388E-02
    5      7.2290350091E-01   9.5030760103E-03  -2.3377425996E-02  -2.7131362561E-01   3.6012425001E-02
    6      9.5030760103E-03   3.4004100529E-02   1.9454487983E-02  -5.1626933510E-02   1.8256208942E-02
    7     -2.3377425996E-02   1.9454487983E-02   5.2477991942E-01  -1.4228809430E-01   1.5443746548E-02
    8     -2.7131362561E-01  -5.1626933510E-02  -1.4228809430E-01   5.8006440141E-01  -3.4093600566E-03
    9      3.6012425001E-02   1.8256208942E-02   1.5443746548E-02  -3.4093600566E-03   6.5378037510E-02
   10     -5.4956307012E-02   1.3298373561E-02  -5.8555628187E-02  -4.3168658293E-02   2.5631517991E-02
   11     -1.0934550382E-01   9.7257264692E-03  -7.1994924413E-02  -1.5396605751E-02  -2.0295237456E-02
   12     -4.2465367827E-02   2.7824151219E-03  -1.6042280072E-02   2.5421111251E-03   7.5929711297E-02
   13     -7.9466932541E-03   2.2114615690E-05   1.6398665929E-04   4.2238331912E-03   2.2658873422E-03
   14     -6.3529523190E-03  -1.2582747938E-03  -1.2582735438E-03   1.0499252552E-03   6.0227137454E-03
   15     -5.8952086383E-04   3.2855924205E-03   2.8492995638E-03   8.0822187183E-04  -4.8182364065E-02
   16      4.1237979179E-02  -3.4924761600E-03   6.0067923059E-03  -9.4419075160E-03  -6.9917029780E-02
   17     -7.9992532630E-03  -1.5368896679E-03  -6.6093059876E-05   6.9131755158E-03   2.3319122602E-02
   18      3.8707496568E-02   1.1362919585E-03   3.2347588307E-03  -1.5158321529E-02  -3.8642629464E-02
   19     -2.8732033855E-02  -5.5831020109E-04  -2.0458734434E-03   9.7564552119E-03   3.2615513700E-02
   20      1.2704459048E-02   1.3731101557E-03   2.3571735571E-03  -6.0130991126E-03  -2.5104134300E-02
   21      1.4014550270E-02   4.2009592212E-03  -1.2040093977E-03  -1.4189611928E-03  -8.4834029178E-03
   22      1.9049922481E-02  -9.8847017431E-04  -2.4365988825E-03   3.9459676841E-03  -4.8027726495E-04
   23     -1.7223076521E-02   6.5269034133E-04   4.3778146017E-03  -2.6861749385E-03   1.2480926096E-03
   24      2.5532956659E-03  -2.1978254578E-03  -8.4187608274E-04  -2.0665825562E-03   6.6328885556E-03
   25     -1.0655892264E-02  -4.7878246844E-04   1.2520531620E-03  -9.9794914869E-04  -3.2517005770E-04
   26      1.0350248979E-02   1.7938478790E-04  -4.7203701479E-04   1.7489721223E-04   1.1016746404E-03
   27     -3.1782284849E-04  -1.0348622638E-02  -2.6053152716E-02   2.6466988327E-02  -3.0171210855E-03
   28     -1.0060269668E-02  -3.1369287435E-02  -3.5495778226E-01   2.6155676787E-01  -2.3365703919E-03
   29     -4.2999412903E-02   2.3655178474E-02   2.0833678286E-01  -2.2601284622E-01  -2.6398597511E-03
   30      4.4295854668E-03   3.1586274593E-04   1.6918260536E-03   3.4200728037E-05  -2.0464501533E-02
   31     -2.0132955837E-03  -1.8272418655E-04  -5.5201120484E-04   8.6588296231E-05   7.7454300959E-03
   32     -2.2051531260E-04   1.0102532804E-04   1.5431358170E-04   1.4397252255E-04   2.1944760805E-03
   33     -1.1688662031E-03  -2.0860700166E-04   1.7709678475E-04   9.6456733587E-05  -1.0115857909E-02
   34      3.9748324313E-04  -1.2406966012E-04  -9.7046318789E-05  -2.9403394989E-04   3.3344284465E-03
   35      1.7583815181E-04  -2.6901900175E-05  -7.7729291033E-05  -1.8602471699E-04   3.1276656667E-03
   36     -1.1277279217E-03  -5.2245767086E-04   2.1707107571E-04   1.0149059734E-03   7.8465375336E-04
   37      1.9863045114E-04   3.2109046415E-04  -4.4013093758E-05  -2.4110020331E-04  -6.4504720053E-05
   38     -1.5531022245E-03   9.4051887281E-04   4.7018318123E-06   6.4662284879E-04  -8.7694650312E-05
   39     -3.4024880125E-03  -2.7367630207E-04   2.9013539542E-04   1.0252851897E-03   2.1255947071E-03
   40      1.0570311623E-03   5.0394772667E-05  -5.0829121055E-05  -2.8198319425E-04  -4.9185802651E-04
   41      2.1415435551E-03  -1.5235704703E-04  -2.4819698604E-04  -8.4662127310E-04  -1.5654011254E-03
   42     -5.6496663382E-03   9.0394610638E-07  -2.9933445084E-04   2.6437383506E-03   4.4168892222E-03
   43      4.8822849898E-04   1.6983860115E-04   1.2077889314E-04   4.8655906720E-05  -4.6868040176E-04
   44      7.9305930205E-04   2.3927679304E-04   1.6467064203E-04   4.2547254804E-05  -3.9676422180E-04
                   10                 11                 12                 13                 14        
    0     -4.9374399559E-02  -4.0858628716E-03  -5.5822263008E-02  -1.4763292574E-02  -3.0201686364E-03
    1     -7.8719495473E-02   3.0256304697E-02  -2.7621837035E-02  -3.9440605422E-03   2.7227109069E-03
    2      3.5927853891E-02   1.5996264194E-02   3.2378138632E-02   3.8553790525E-03   9.3965801935E-04
    3      1.7821651415E-02   5.9517708008E-03  -9.5150055697E-03   1.8178764092E-02   6.6883098605E-05
    4     -3.9451291158E-01  -9.1981577608E-03   1.4026978971E-01   2.3617981790E-03  -1.2040429672E-04
    5     -5.4956307012E-02  -1.0934550382E-01  -4.2465367827E-02  -7.9466932541E-03  -6.3529523190E-03
    6      1.3298373561E-02   9.7257264692E-03   2.7824151219E-03   2.2114615690E-05  -1.2582747938E-03
    7     -5.8555628187E-02  -7.1994924413E-02  -1.6042280072E-02   1.6398665929E-04  -1.2582735438E-03
    8     -4.3168658293E-02  -1.5396605751E-02   2.5421111251E-03   4.2238331912E-03   1.0499252552E-03
    9      2.5631517991E-02  -2.0295237456E-02   7.5929711297E-02   2.2658873422E-03   6.0227137454E-03
   10      5.6078817553E-01   4.6587230086E-02  -1.0219466575E-01  -4.3473115486E-02  -1.1362088643E-04
   11      4.6587230086E-02   1.1553726129E-01  -5.2232552826E-03  -1.8956405312E-03  -1.9829961155E-02
   12     -1.0219466575E-01  -5.2232552826E-03   1.1095583827E-01   1.4330172374E-01   8.4886374641E-02
   13     -4.3473115486E-02  -1.8956405312E-03   1.4330172374E-01   6.9388549190E-01  -3.2529592144E-02
   14     -1.1362088643E-04  -1.9829961155E-02   8.4886374641E-02  -3.2529592144E-02   6.7701278004E-01
   15      1.7029464700E-02   9.6936563848E-04  -1.0551737666E-01  -1.3184829841E-01  -3.5659777108E-02
   16      6.5974170141E-02   5.6897565490E-03  -5.9552666386E-02  -2.9169428929E-01  -3.8565885553E-02
   17     -1.5349260194E-02  -1.5619510045E-03  -6.1376593125E-02  -5.1373545364E-02  -1.2319097723E-01
   18      4.8776921799E-02   3.8684150454E-03   5.4303665422E-02   1.9318748076E-03   1.3753725142E-02
   19     -4.0110019046E-02   9.2980278079E-05  -4.8940334749E-02  -5.0803248666E-02   2.4716769810E-02
   20      2.5889812508E-02   2.7976879465E-03   3.6715447485E-02   1.2968164778E-02   8.9145729634E-03
   21      6.0803901721E-03   6.4833617763E-04   5.6270441806E-03   2.0536516393E-03  -7.9053818574E-04
   22      4.8245449467E-04  -9.9854699779E-04   5.1755560640E-05   1.4186863579E-04   2.7096172853E-04
   23     -1.3336785419E-03   2.4706918145E-03  -9.2308812135E-04  -7.2313212217E-05  -2.8356191575E-04
   24      1.5067182555E-03   1.0119830311E-03   1.2520661294E-03  -9.5278502089E-05   1.1635495142E-03
   25     -2.3254422169E-03   4.5808147408E-03  -6.1784618759E-04   2.7024155641E-04  -1.4032950815E-04
   26      6.5167768706E-03  -3.5241849541E-03   1.1540575416E-03  -1.0457518807E-04  -1.2881631974E-04
   27     -1.0471365211E-03  -1.9837010077E-03  -2.4398803157E-04  -2.8699790369E-04   4.2976998954E-04
   28     -2.5378342906E-03   3.0352479661E-04   2.8537953145E-03   7.5516030944E-04  -3.7515910882E-04
   29      3.9559200565E-03   8.9520614771E-03   3.4070181946E-03  -6.1023493543E-04  -8.5406564143E-05
   30      1.7024258735E-02   1.4222791906E-02  -3.1166669783E-02  -1.5249240901E-02  -3.9676782256E-02
   31     -5.4612964957E-03  -4.9314437432E-03  -2.3904989844E-02  -8.6386654992E-02  -8.2654053631E-02
   32     -1.4829041249E-03   8.9955465827E-04  -4.2324508529E-02  -8.4777071645E-02  -3.2986249006E-01
   33      1.6562692370E-02  -4.9313882811E-03  -3.7736933586E-02   1.2101644857E-03  -9.4959297791E-03
   34     -4.5976359156E-03   1.0776549989E-03  -4.8051921080E-03  -2.1563457419E-01   1.5187845163E-01
   35     -5.4420000489E-03   2.6248232310E-03  -1.0545823417E-02   1.5416087052E-01  -2.0638309772E-01
   36      1.7593177783E-04   4.8218077257E-04  -2.3009604758E-03  -4.3477159845E-03  -1.4798152600E-02
   37      9.0636475214E-04   6.2064263598E-04  -5.9824837578E-03  -5.0146652492E-03  -2.9290880842E-02
   38     -8.3627789156E-05   3.3309049202E-04   9.8454259072E-04   1.2974305035E-03  -7.3951100729E-04
   39     -2.6531064240E-03   4.5130269959E-04   4.1097545503E-03  -1.5383015446E-03  -3.2540193867E-03
   40      1.4937211191E-03  -1.0717445351E-04   5.7677187916E-04  -2.3623457835E-03   4.4344220228E-03
   41      1.6326543306E-03  -6.0761524161E-05  -4.9801259760E-04   3.9125064293E-03  -2.4311575957E-03
   42     -8.6391799201E-03  -8.2680300008E-04  -1.2657297851E-02  -8.6422215572E-04   1.6433984372E-03
   43      6.4849265117E-04  -8.1738203269E-05   2.6376269296E-03   1.7344069561E-03   1.0332064099E-03
   44      1.4185264678E-03   1.0753310304E-04   1.2761868656E-03  -1.1168411933E-03   1.3709956122E-03
                   15                 16                 17                 18                 19        
    0     -4.4240668117E-04   5.9858360870E-02  -2.0478611881E-02   5.0545851465E-02  -3.7417951131E-02
    1      4.7503957142E-03   1.5881732205E-02  -7.0793157949E-03   1.1400336446E-02  -2.0835919083E-02
    2     -4.7533151739E-03  -2.4902843311E-02   8.4715535334E-03  -2.1793223746E-02   1.6543572604E-02
    3     -2.4377912501E-02   7.3319388913E-03   5.7222972990E-03  -1.8973768075E-02   7.8267470291E-03
    4     -2.1411938582E-02  -8.2058916837E-02   2.4645695357E-02  -6.7996493599E-02   4.6753614356E-02
    5     -5.8952086383E-04   4.1237979179E-02  -7.9992532630E-03   3.8707496568E-02  -2.8732033855E-02
    6      3.2855924205E-03  -3.4924761600E-03  -1.5368896679E-03   1.1362919585E-03  -5.5831020109E-04
    7      2.8492995638E-03   6.0067923059E-03  -6.6093059876E-05   3.2347588307E-03  -2.0458734434E-03
    8      8.0822187183E-04  -9.4419075160E-03   6.9131755158E-03  -1.5158321529E-02   9.7564552119E-03
    9     -4.8182364065E-02  -6.9917029780E-02   2.3319122602E-02  -3.8642629464E-02   3.2615513700E-02
   10      1.7029464700E-02   6.5974170141E-02  -1.5349260194E-02   4.8776921799E-02  -4.0110019046E-02
   11      9.6936563848E-04   5.6897565490E-03  -1.5619510045E-03   3.8684150454E-03   9.2980278079E-05
   12     -1.0551737666E-01  -5.9552666386E-02  -6.1376593125E-02   5.4303665422E-02  -4.8940334749E-02
   13     -1.3184829841E-01  -2.9169428929E-01  -5.1373545364E-02   1.9318748076E-03  -5.0803248666E-02
   14     -3.5659777108E-02  -3.8565885553E-02  -1.2319097723E-01   1.3753725142E-02   2.4716769810E-02
   15      2.8680743952E-01   1.5174771004E-01   1.6009208543E-01  -6.4066062121E-02   9.9383160331E-03
   16      1.5174771004E-01   6.2625083563E-01  -6.6443227219E-02  -4.3600036874E-02  -2.4975360746E-01
   17      1.6009208543E-01  -6.6443227219E-02   7.0549017090E-01  -1.9463999441E-02   1.6827122144E-01
   18     -6.4066062121E-02  -4.3600036874E-02  -1.9463999441E-02   1.3573078356E-01   1.6337389374E-01
   19      9.9383160331E-03  -2.4975360746E-01   1.6827122144E-01   1.6337389374E-01   7.0005091688E-01
   20     -3.7533536537E-02   1.4873703276E-01  -2.7631483275E-01   8.1950201747E-02  -6.4441066164E-02
   21     -5.6067908027E-04  -5.3234720364E-03   2.6427448935E-03  -8.8963655828E-03   2.4228063040E-03
   22      6.6283504016E-06   3.1538119157E-04   1.5597869194E-04   1.0085638792E-03  -7.0343092743E-04
   23      1.8800560962E-04   8.5146161310E-04  -7.2341543493E-06   2.3182819118E-03  -8.3944784348E-04
   24     -9.8781004732E-04  -8.7352374224E-04   7.6064545424E-04  -5.6226328336E-04   5.2087239242E-03
   25      2.6821432264E-04   4.3972627326E-06   9.6841158605E-05  -7.5618131680E-04   4.0033109857E-04
   26     -2.3872289494E-04  -4.0908571348E-04   2.9922815199E-04  -1.4707912786E-04   5.3901469242E-04
   27     -1.4341078742E-04   8.2433555671E-04  -1.9225822862E-04   1.4258779433E-03  -9.0553836659E-04
   28     -3.6998186568E-05  -1.7135357942E-03   1.1385873547E-03  -1.7369817226E-03   9.1866863820E-04
   29     -7.9664489021E-04  -8.0581879324E-04   3.7506388888E-04  -2.3159352440E-04   8.1061541630E-05
   30     -2.2452905297E-03  -1.3694449501E-02  -1.7171702443E-02  -6.0864691624E-03   5.7000060326E-03
   31     -2.3363674255E-03  -2.6798429172E-04  -2.6408178526E-02   2.1712393026E-03  -1.0770988782E-04
   32     -9.1226376054E-04   7.3428232925E-04  -1.0865676133E-03   5.0669844430E-04   1.0259474750E-03
   33      6.6486069791E-03  -1.5187689750E-02   1.5063220757E-02   2.6873960381E-04  -4.6669491427E-03
   34      3.5698049672E-03  -1.0118289324E-02   1.8760031497E-02  -3.3771929794E-03  -4.1150866123E-03
   35      7.4138260456E-05  -5.9795020875E-03   7.1019701495E-03  -5.3660044078E-04  -7.1888532956E-04
   36     -6.1344747581E-02  -2.4453139384E-02  -7.7004609639E-02   2.0557564477E-03  -5.3541169325E-04
   37     -2.8495624602E-02  -7.2940249553E-02  -6.2386274018E-02   6.1805910002E-03   8.5871980044E-03
   38     -8.6311318190E-02  -5.9797781006E-02  -3.1113693140E-01  -4.5659518941E-03  -7.7283508088E-03
   39      7.9721179401E-03   6.5544677892E-03   4.4697509811E-04  -7.5475751144E-02  -1.0793419089E-01
   40     -9.8903173927E-03  -1.3811060564E-02  -8.4594808031E-03  -1.0040258091E-01  -3.1204156133E-01
   41      9.3758699363E-03   1.9004512442E-02   8.6599711628E-03  -2.6668110877E-02  -5.1034715235E-02
   42      3.1543032008E-03   9.7934776452E-03  -1.0798617952E-02  -3.2763657564E-02  -2.6113176584E-02
   43      3.8439037245E-03   7.9246243838E-03   2.4493938775E-02  -2.0222856397E-02  -7.6194272518E-02
   44     -4.7363964863E-03  -9.9058929609E-03  -1.6013385884E-02  -5.2539670652E-02  -6.7539573750E-02
                   20                 21                 22                 23                 24        
    0      2.3792459069E-02  -1.8998207834E-02  -9.5626045751E-03  -2.5870524783E-02  -3.0224180211E-02
    1      7.4846995213E-03  -7.3159468971E-03  -9.8571197966E-02  -1.0073103150E-01   4.7641417239E-02
    2     -2.0628112852E-02  -3.8163825880E-02  -1.0877397038E-01  -3.2768241218E-01   4.8805265762E-03
    3     -3.0199135462E-03  -1.4429957939E-03   3.4188252682E-03  -4.0103748741E-03  -3.4810730832E-04
    4     -3.1823626083E-02  -6.9880179342E-03   1.0260269628E-02  -1.4457816776E-02  -9.1803629652E-03
    5      1.2704459048E-02   1.4014550270E-02   1.9049922481E-02  -1.7223076521E-02   2.5532956659E-03
    6      1.3731101557E-03   4.2009592212E-03  -9.8847017431E-04   6.5269034133E-04  -2.1978254578E-03
    7      2.3571735571E-03  -1.2040093977E-03  -2.4365988825E-03   4.3778146017E-03  -8.4187608274E-04
    8     -6.0130991126E-03  -1.4189611928E-03   3.9459676841E-03  -2.6861749385E-03  -2.0665825562E-03
    9     -2.5104134300E-02  -8.4834029178E-03  -4.8027726495E-04   1.2480926096E-03   6.6328885556E-03
   10      2.5889812508E-02   6.0803901721E-03   4.8245449467E-04  -1.3336785419E-03   1.5067182555E-03
   11      2.7976879465E-03   6.4833617763E-04  -9.9854699779E-04   2.4706918145E-03   1.0119830311E-03
   12      3.6715447485E-02   5.6270441806E-03   5.1755560640E-05  -9.2308812135E-04   1.2520661294E-03
   13      1.2968164778E-02   2.0536516393E-03   1.4186863579E-04  -7.2313212217E-05  -9.5278502089E-05
   14      8.9145729634E-03  -7.9053818574E-04   2.7096172853E-04  -2.8356191575E-04   1.1635495142E-03
   15     -3.7533536537E-02  -5.6067908027E-04   6.6283504016E-06   1.8800560962E-04  -9.8781004732E-04
   16      1.4873703276E-01  -5.3234720364E-03   3.1538119157E-04   8.5146161310E-04  -8.7352374224E-04
   17     -2.7631483275E-01   2.6427448935E-03   1.5597869194E-04  -7.2341543493E-06   7.6064545424E-04
   18      8.1950201747E-02  -8.8963655828E-03   1.0085638792E-03   2.3182819118E-03  -5.6226328336E-04
   19     -6.4441066164E-02   2.4228063040E-03  -7.0343092743E-04  -8.3944784348E-04   5.2087239242E-03
   20      7.0250685224E-01  -7.3179665251E-03  -1.5004433626E-04  -4.2222583081E-04  -5.9098008748E-05
   21     -7.3179665251E-03   2.8549965229E-02   9.1762796005E-03   2.5797440717E-02  -1.0034825065E-04
   22     -1.5004433626E-04   9.1762796005E-03   9.2414721485E-02   1.1009468658E-01  -3.2375516815E-03
   23     -4.2222583081E-04   2.5797440717E-02   1.1009468658E-01   3.4338057731E-01  -3.1087628829E-04
   24     -5.9098008748E-05  -1.0034825065E-04  -3.2375516815E-03  -3.1087628829E-04   2.7559433217E-02
   25     -8.8889205174E-05   8.9787565792E-04  -2.9145416607E-03   2.3982482563E-03  -3.9805165508E-02
   26     -9.0767588513E-04   4.2973229084E-03  -2.5025809009E-02   1.6825649441E-03  -7.2875188260E-03
   27     -9.1591786413E-05   2.2347657776E-03  -3.2741188142E-04   2.4073125668E-04  -1.0038654340E-03
   28     -9.2739390343E-04  -4.7907349159E-04   5.2346837588E-04  -5.5583986750E-04  -1.0059738831E-04
   29     -2.2457328908E-04   7.9045812531E-04   9.9580607398E-04  -9.4363602686E-04  -1.8315832252E-04
   30     -1.7913870976E-03  -5.9034960917E-04   1.8231229381E-04  -3.4986475682E-05  -3.2582735096E-04
   31     -3.5731741138E-04   4.3520594807E-04  -2.0390884890E-04   4.8897925464E-05   1.1259203327E-04
   32      1.4106341469E-03   5.9725426158E-05   3.8268394808E-05   4.4800032727E-05  -1.9265876281E-05
   33     -3.3090739443E-03  -3.9991462190E-04  -9.9981387156E-06  -1.0253796152E-05   2.4508862005E-04
   34     -1.1022930073E-03   1.9192049023E-04  -7.5093954293E-05  -8.8809831810E-06  -1.1317527150E-04
   35      1.0361402114E-03   2.6807397455E-04  -6.8707028393E-05   1.6095734154E-05  -1.0168161887E-04
   36     -9.2886576869E-04  -3.0228022733E-05  -1.2672986325E-04  -1.5703312932E-04  -5.0522819836E-05
   37      2.5302785176E-02  -1.3446003896E-04  -3.4290333700E-05   3.0547496873E-05  -5.0628913293E-06
   38     -1.7394514282E-02   1.4932711950E-04   4.8708243474E-05   1.1762114313E-04  -2.9415425865E-05
   39     -2.2360444382E-02  -5.5158540987E-04  -2.9445641676E-05  -1.7730348346E-05   5.9898445468E-04
   40     -4.9825213387E-02   8.1092530218E-05   9.3471027686E-05   1.0459718693E-04  -3.3888655822E-04
   41     -7.0036726231E-02  -1.7176324450E-05  -6.3468878069E-05   1.6602101732E-04  -3.8972831364E-04
   42     -4.2315474186E-02  -5.5865728533E-04   9.1465295077E-04   8.9665890531E-04  -4.8771081268E-04
   43     -7.4016774862E-02   1.0922877132E-04   7.0742773503E-04   9.1188193729E-05   1.1840396717E-04
   44     -3.3742858632E-01  -9.6654503896E-04   4.8181361748E-04   1.3699495741E-03   7.9522264331E-05
                   25                 26                 27                 28                 29        
    0      3.5607662148E-02   7.4897371463E-03   1.0507688939E-03   2.3175531045E-03  -7.8791614698E-04
    1     -3.5153029715E-01  -5.1565331472E-02   3.4356055113E-05  -6.3047775031E-05  -5.1399842333E-03
    2     -4.4444826915E-02  -6.7552986502E-02   2.0840374437E-03  -4.3192958397E-03  -4.0232054707E-03
    3      4.9784622706E-03  -6.1655692918E-03  -4.4116947423E-04   1.5541810093E-03   3.7560709939E-03
    4     -1.4330860807E-02   2.1392179618E-02  -1.6478659261E-03   1.5643936161E-02   3.9593361544E-02
    5     -1.0655892264E-02   1.0350248979E-02  -3.1782284849E-04  -1.0060269668E-02  -4.2999412903E-02
    6     -4.7878246844E-04   1.7938478790E-04  -1.0348622638E-02  -3.1369287435E-02   2.3655178474E-02
    7      1.2520531620E-03  -4.7203701479E-04  -2.6053152716E-02  -3.5495778226E-01   2.0833678286E-01
    8     -9.9794914869E-04   1.7489721223E-04   2.6466988327E-02   2.6155676787E-01  -2.2601284622E-01
    9     -3.2517005770E-04   1.1016746404E-03  -3.0171210855E-03  -2.3365703919E-03  -2.6398597511E-03
   10     -2.3254422169E-03   6.5167768706E-03  -1.0471365211E-03  -2.5378342906E-03   3.9559200565E-03
   11      4.5808147408E-03  -3.5241849541E-03  -1.9837010077E-03   3.0352479661E-04   8.9520614771E-03
   12     -6.1784618759E-04   1.1540575416E-03  -2.4398803157E-04   2.8537953145E-03   3.4070181946E-03
   13      2.7024155641E-04  -1.0457518807E-04  -2.8699790369E-04   7.5516030944E-04  -6.1023493543E-04
   14     -1.4032950815E-04  -1.2881631974E-04   4.2976998954E-04  -3.7515910882E-04  -8.5406564143E-05
   15      2.6821432264E-04  -2.3872289494E-04  -1.4341078742E-04  -3.6998186568E-05  -7.9664489021E-04
   16      4.3972627326E-06  -4.0908571348E-04   8.2433555671E-04  -1.7135357942E-03  -8.0581879324E-04
   17      9.6841158605E-05   2.9922815199E-04  -1.9225822862E-04   1.1385873547E-03   3.7506388888E-04
   18     -7.5618131680E-04  -1.4707912786E-04   1.4258779433E-03  -1.7369817226E-03  -2.3159352440E-04
   19      4.0033109857E-04   5.3901469242E-04  -9.0553836659E-04   9.1866863820E-04   8.1061541630E-05
   20     -8.8889205174E-05  -9.0767588513E-04  -9.1591786413E-05  -9.2739390343E-04  -2.2457328908E-04
   21      8.9787565792E-04   4.2973229084E-03   2.2347657776E-03  -4.7907349159E-04   7.9045812531E-04
   22     -2.9145416607E-03  -2.5025809009E-02  -3.2741188142E-04   5.2346837588E-04   9.9580607398E-04
   23      2.3982482563E-03   1.6825649441E-03   2.4073125668E-04  -5.5583986750E-04  -9.4363602686E-04
   24     -3.9805165508E-02  -7.2875188260E-03  -1.0038654340E-03  -1.0059738831E-04  -1.8315832252E-04
   25      3.6888429541E-01   4.9210731129E-02  -1.9125089098E-04   2.0963215561E-05  -5.9974513191E-05
   26      4.9210731129E-02   5.8750974394E-02  -1.2144625479E-04  -1.0920895741E-04   2.9928199321E-04
   27     -1.9125089098E-04  -1.2144625479E-04   1.1309798406E-02   2.9242914688E-02  -2.6485904925E-02
   28      2.0963215561E-05  -1.0920895741E-04   2.9242914688E-02   3.4162601327E-01  -2.4649309524E-01
   29     -5.9974513191E-05   2.9928199321E-04  -2.6485904925E-02  -2.4649309524E-01   2.6451347711E-01
   30      4.9659352329E-05  -1.9610872845E-04  -7.6843826084E-05  -2.3945717106E-04  -3.8318106459E-04
   31     -1.2996904806E-05   1.2956184768E-04   8.6846909986E-05  -4.2797956943E-05   1.4622728949E-04
   32      1.7774877302E-05   5.5907890992E-06  -7.1900155653E-05   1.9594301061E-05  -6.5932362584E-06
   33     -3.2545026010E-06  -2.0169158519E-05  -3.5066503888E-05   1.1596063443E-04  -6.7865044759E-05
   34      2.5849010555E-05   1.5248650002E-05   2.7051156076E-04  -1.8783761706E-04   5.6371686944E-05
   35     -1.7133048899E-05   6.3383448047E-05   1.4450286377E-04  -8.2175037916E-05   7.7779515290E-05
   36     -2.1879801816E-05  -1.7715221218E-05  -6.4490407026E-04  -4.7844449108E-05   7.1294293709E-05
   37     -6.6469997693E-06   6.5249646637E-06  -1.0113003519E-04   7.3785767124E-05  -1.0955901362E-04
   38      3.5025141131E-07  -6.8074454692E-06  -1.2940583998E-04  -3.5539497857E-05   4.1904400702E-05
   39      2.4559178216E-04   6.6321634024E-05   6.2525814682E-05   1.1725310135E-05  -1.9521310804E-05
   40      2.4879296921E-04  -1.6572770992E-05   7.6143328017E-06  -5.6255071278E-05   4.6872771005E-06
   41     -1.6844183781E-05   3.5527021040E-04   8.0095233233E-07  -1.2451792041E-05   2.8739794509E-05
   42      1.5569037261E-04  -9.6366424616E-05  -1.2874498452E-04   2.5457657052E-04  -8.6606691668E-05
   43      1.3862056834E-05  -1.0307071744E-04   9.0008743023E-05  -2.9049666483E-06   4.5013031757E-05
   44      1.1273144457E-04   1.3903098493E-04   2.9431804393E-05  -4.4610032537E-05   7.3655311117E-06
                   30                 31                 32                 33                 34        
    0      3.5979301472E-03  -1.4194095970E-03  -9.4186129617E-05   1.2892217464E-03  -6.8379603829E-04
    1      1.8168407673E-03  -7.3100685835E-04  -1.4323518252E-04   1.5612404361E-03  -2.9050522038E-04
    2     -2.2913762907E-03   8.3199494493E-04   6.7753725620E-05  -5.7942395982E-04   8.2164830031E-05
    3     -1.0832323959E-03   7.7855438084E-04   2.6302597646E-04  -2.7893629945E-03   1.0512557571E-03
    4     -9.6158403192E-03   3.8936081206E-03   6.4692161627E-04  -3.4865691827E-03   1.5257922225E-03
    5      4.4295854668E-03  -2.0132955837E-03  -2.2051531260E-04  -1.1688662031E-03   3.9748324313E-04
    6      3.1586274593E-04  -1.8272418655E-04   1.0102532804E-04  -2.0860700166E-04  -1.2406966012E-04
    7      1.6918260536E-03  -5.5201120484E-04   1.5431358170E-04   1.7709678475E-04  -9.7046318789E-05
    8      3.4200728037E-05   8.6588296231E-05   1.4397252255E-04   9.6456733587E-05  -2.9403394989E-04
    9     -2.0464501533E-02   7.7454300959E-03   2.1944760805E-03  -1.0115857909E-02   3.3344284465E-03
   10      1.7024258735E-02  -5.4612964957E-03  -1.4829041249E-03   1.6562692370E-02  -4.5976359156E-03
   11      1.4222791906E-02  -4.9314437432E-03   8.9955465827E-04  -4.9313882811E-03   1.0776549989E-03
   12     -3.1166669783E-02  -2.3904989844E-02  -4.2324508529E-02  -3.7736933586E-02  -4.8051921080E-03
   13     -1.5249240901E-02  -8.6386654992E-02  -8.4777071645E-02   1.2101644857E-03  -2.1563457419E-01
   14     -3.9676782256E-02  -8.2654053631E-02  -3.2986249006E-01  -9.4959297791E-03   1.5187845163E-01
   15     -2.2452905297E-03  -2.3363674255E-03  -9.1226376054E-04   6.6486069791E-03   3.5698049672E-03
   16     -1.3694449501E-02  -2.6798429172E-04   7.3428232925E-04  -1.5187689750E-02  -1.0118289324E-02
   17     -1.7171702443E-02  -2.6408178526E-02  -1.0865676133E-03   1.5063220757E-02   1.8760031497E-02
   18     -6.0864691624E-03   2.1712393026E-03   5.0669844430E-04   2.6873960381E-04  -3.3771929794E-03
   19      5.7000060326E-03  -1.0770988782E-04   1.0259474750E-03  -4.6669491427E-03  -4.1150866123E-03
   20     -1.7913870976E-03  -3.5731741138E-04   1.4106341469E-03  -3.3090739443E-03  -1.1022930073E-03
   21     -5.9034960917E-04   4.3520594807E-04   5.9725426158E-05  -3.9991462190E-04   1.9192049023E-04
   22      1.8231229381E-04  -2.0390884890E-04   3.8268394808E-05  -9.9981387156E-06  -7.5093954293E-05
   23     -3.4986475682E-05   4.8897925464E-05   4.4800032727E-05  -1.0253796152E-05  -8.8809831810E-06
   24     -3.2582735096E-04   1.1259203327E-04  -1.9265876281E-05   2.4508862005E-04  -1.1317527150E-04
   25      4.9659352329E-05  -1.2996904806E-05   1.7774877302E-05  -3.2545026010E-06   2.5849010555E-05
   26     -1.9610872845E-04   1.2956184768E-04   5.5907890992E-06  -2.0169158519E-05   1.5248650002E-05
   27     -7.6843826084E-05   8.6846909986E-05  -7.1900155653E-05  -3.5066503888E-05   2.7051156076E-04
   28     -2.3945717106E-04  -4.2797956943E-05   1.9594301061E-05   1.1596063443E-04  -1.8783761706E-04
   29     -3.8318106459E-04   1.4622728949E-04  -6.5932362584E-06  -6.7865044759E-05   5.6371686944E-05
   30      5.0236196606E-02   1.8371562782E-02   4.3482817420E-02   3.1682444127E-03  -1.3335815589E-03
   31      1.8371562782E-02   8.2921695473E-02   9.2678083102E-02   2.0511816278E-03   1.0264695498E-02
   32      4.3482817420E-02   9.2678083102E-02   3.3978186258E-01  -3.1803162616E-03  -8.3981964418E-03
   33      3.1682444127E-03   2.0511816278E-03  -3.1803162616E-03   4.2770168525E-02   5.8945252609E-04
   34     -1.3335815589E-03   1.0264695498E-02  -8.3981964418E-03   5.8945252609E-04   2.2318751131E-01
   35     -1.9040652017E-04   2.1286859893E-02  -1.2707889255E-02   6.7006091605E-03  -1.6332890444E-01
   36      3.3490737587E-03  -3.2476273505E-03  -2.8777754856E-04  -2.6512223240E-03   1.2166177779E-03
   37     -4.9106523758E-03  -3.1724418913E-03  -1.8283614827E-05   1.8075711191E-03   6.9538768633E-04
   38     -1.2391070871E-03   1.2165440374E-04   1.2032999822E-03   6.4927426729E-04  -4.5881115981E-04
   39     -6.9710995196E-06  -2.4492883173E-04  -3.0942001300E-04  -6.9586920385E-04   3.1815434463E-04
   40      1.7824946384E-04   2.3850458322E-04   1.2330680195E-04  -7.2910822429E-04  -6.1955753231E-04
   41     -5.2217775542E-06   4.3258546997E-04   2.3000120930E-04   6.9735711665E-04   1.1043049243E-03
   42      1.3788476186E-03  -4.2268615019E-04   5.9806150480E-04   2.4276425753E-04  -1.0539242625E-04
   43      3.4626651824E-05  -3.7969434257E-04  -6.2645184916E-04   8.4631289504E-06   3.6390961713E-05
   44      8.0467231281E-04   6.0948610144E-04   9.6585833327E-05  -4.4463294111E-04   2.3749690170E-04
                   35                 36                 37                 38                 39        
    0     -7.4245209130E-04   4.9493500462E-04   1.7760057559E-04  -3.6391204528E-04  -5.7274962255E-03
    1     -6.5824186523E-04   2.7232338927E-04   2.8239222633E-04  -1.9092739689E-04  -4.8528515645E-03
    2      2.1197560623E-04  -2.0784443815E-05  -1.6218113762E-04   4.0338830133E-04   5.0846075729E-04
    3      8.6128845342E-04   1.3135399649E-03  -4.5746697971E-04  -2.7871267183E-04   7.5713393128E-04
    4      1.3669546527E-03  -4.8694477758E-04  -6.8613496927E-04   8.9190609968E-05   2.9685371950E-03
    5      1.7583815181E-04  -1.1277279217E-03   1.9863045114E-04  -1.5531022245E-03  -3.4024880125E-03
    6     -2.6901900175E-05  -5.2245767086E-04   3.2109046415E-04   9.4051887281E-04  -2.7367630207E-04
    7     -7.7729291033E-05   2.1707107571E-04  -4.4013093758E-05   4.7018318123E-06   2.9013539542E-04
    8     -1.8602471699E-04   1.0149059734E-03  -2.4110020331E-04   6.4662284879E-04   1.0252851897E-03
    9      3.1276656667E-03   7.8465375336E-04  -6.4504720053E-05  -8.7694650312E-05   2.1255947071E-03
   10     -5.4420000489E-03   1.7593177783E-04   9.0636475214E-04  -8.3627789156E-05  -2.6531064240E-03
   11      2.6248232310E-03   4.8218077257E-04   6.2064263598E-04   3.3309049202E-04   4.5130269959E-04
   12     -1.0545823417E-02  -2.3009604758E-03  -5.9824837578E-03   9.8454259072E-04   4.1097545503E-03
   13      1.5416087052E-01  -4.3477159845E-03  -5.0146652492E-03   1.2974305035E-03  -1.5383015446E-03
   14     -2.0638309772E-01  -1.4798152600E-02  -2.9290880842E-02  -7.3951100729E-04  -3.2540193867E-03
   15      7.4138260456E-05  -6.1344747581E-02  -2.8495624602E-02  -8.6311318190E-02   7.9721179401E-03
   16     -5.9795020875E-03  -2.4453139384E-02  -7.2940249553E-02  -5.9797781006E-02   6.5544677892E-03
   17      7.1019701495E-03  -7.7004609639E-02  -6.2386274018E-02  -3.1113693140E-01   4.4697509811E-04
   18     -5.3660044078E-04   2.0557564477E-03   6.1805910002E-03  -4.5659518941E-03  -7.5475751144E-02
   19     -7.1888532956E-04  -5.3541169325E-04   8.5871980044E-03  -7.7283508088E-03  -1.0793419089E-01
   20      1.0361402114E-03  -9.2886576869E-04   2.5302785176E-02  -1.7394514282E-02  -2.2360444382E-02
   21      2.6807397455E-04  -3.0228022733E-05  -1.3446003896E-04   1.4932711950E-04  -5.5158540987E-04
   22     -6.8707028393E-05  -1.2672986325E-04  -3.4290333700E-05   4.8708243474E-05  -2.9445641676E-05
   23      1.6095734154E-05  -1.5703312932E-04   3.0547496873E-05   1.1762114313E-04  -1.7730348346E-05
   24     -1.0168161887E-04  -5.0522819836E-05  -5.0628913293E-06  -2.9415425865E-05   5.9898445468E-04
   25     -1.7133048899E-05  -2.1879801816E-05  -6.6469997693E-06   3.5025141131E-07   2.4559178216E-04
   26      6.3383448047E-05  -1.7715221218E-05   6.5249646637E-06  -6.8074454692E-06   6.6321634024E-05
   27      1.4450286377E-04  -6.4490407026E-04  -1.0113003519E-04  -1.2940583998E-04   6.2525814682E-05
   28     -8.2175037916E-05  -4.7844449108E-05   7.3785767124E-05  -3.5539497857E-05   1.1725310135E-05
   29      7.7779515290E-05   7.1294293709E-05  -1.0955901362E-04   4.1904400702E-05  -1.9521310804E-05
   30     -1.9040652017E-04   3.3490737587E-03  -4.9106523758E-03  -1.2391070871E-03  -6.9710995196E-06
   31      2.1286859893E-02  -3.2476273505E-03  -3.1724418913E-03   1.2165440374E-04  -2.4492883173E-04
   32     -1.2707889255E-02  -2.8777754856E-04  -1.8283614827E-05   1.2032999822E-03  -3.0942001300E-04
   33      6.7006091605E-03  -2.6512223240E-03   1.8075711191E-03   6.4927426729E-04  -6.9586920385E-04
   34     -1.6332890444E-01   1.2166177779E-03   6.9538768633E-04  -4.5881115981E-04   3.1815434463E-04
   35      2.0655794403E-01   1.1483288539E-03   6.6023450038E-05   5.4488962478E-04   3.7345352052E-05
   36      1.1483288539E-03   5.7032709800E-02   3.1281776378E-02   9.1249362962E-02  -4.3672939134E-03
   37      6.6023450038E-05   3.1281776378E-02   7.3254104600E-02   6.3491779239E-02   1.2456999486E-03
   38      5.4488962478E-04   9.1249362962E-02   6.3491779239E-02   3.2763119647E-01   1.2931349894E-03
   39      3.7345352052E-05  -4.3672939134E-03   1.2456999486E-03   1.2931349894E-03   7.0225358907E-02
   40     -3.0407242914E-04   1.4174776173E-03   6.6158658014E-04  -2.6512594059E-04   1.0862831129E-01
   41      4.1983810682E-04   1.2581514822E-03  -8.5224944359E-04   8.1587914665E-04   2.5712938539E-02
   42     -2.1708526320E-04   6.8816681484E-03  -8.6644027954E-04  -2.2672729514E-03   1.2471729937E-03
   43     -2.2144628095E-04  -1.3104085170E-03  -2.5623775267E-03   3.5032459846E-03  -3.0076709562E-03
   44      4.4633387683E-04  -8.7492811076E-04   3.3466973900E-03  -9.0702604976E-04  -1.7772494936E-04
                   40                 41                 42                 43                 44        
    0      2.1849651827E-03   2.4863436130E-03  -1.5739346151E-02   1.9991372104E-03   1.3763469965E-03
    1      1.7239581227E-03   1.6615051142E-03   3.3671179151E-05  -4.3880963613E-04   1.3819072929E-05
    2     -2.3273178529E-04  -1.5899848286E-03   9.7134897996E-03  -1.3519862500E-03  -1.7249021949E-03
    3     -2.0142903288E-04  -7.2990662013E-05   1.4734945849E-03  -4.1499402916E-04  -6.1133885940E-04
    4     -1.3426807901E-03  -1.8093523357E-03   1.0798467494E-02  -8.9133805870E-04  -1.9528371620E-03
    5      1.0570311623E-03   2.1415435551E-03  -5.6496663382E-03   4.8822849898E-04   7.9305930205E-04
    6      5.0394772667E-05  -1.5235704703E-04   9.0394610638E-07   1.6983860115E-04   2.3927679304E-04
    7     -5.0829121055E-05  -2.4819698604E-04  -2.9933445084E-04   1.2077889314E-04   1.6467064203E-04
    8     -2.8198319425E-04  -8.4662127310E-04   2.6437383506E-03   4.8655906720E-05   4.2547254804E-05
    9     -4.9185802651E-04  -1.5654011254E-03   4.4168892222E-03  -4.6868040176E-04  -3.9676422180E-04
   10      1.4937211191E-03   1.6326543306E-03  -8.6391799201E-03   6.4849265117E-04   1.4185264678E-03
   11     -1.0717445351E-04  -6.0761524161E-05  -8.2680300008E-04  -8.1738203269E-05   1.0753310304E-04
   12      5.7677187916E-04  -4.9801259760E-04  -1.2657297851E-02   2.6376269296E-03   1.2761868656E-03
   13     -2.3623457835E-03   3.9125064293E-03  -8.6422215572E-04   1.7344069561E-03  -1.1168411933E-03
