
$orca_hessian_file

$act_atom
  0

$act_coord
  0

$act_energy
        0.000000

$multiplicity
  1

$hessian
45
                    0                  1                  2                  3                  4        
    0      8.2850327318E-02  -5.4281082473E-02  -3.7336563397E-02  -4.5370531422E-02   2.1781525130E-02
    1     -5.4281082473E-02   7.3675469599E-01  -5.1368983411E-02  -2.9117497880E-02  -2.2004073576E-01
    2     -3.7336563397E-02  -5.1368983411E-02   7.8598683614E-01   4.3045817287E-02   1.5646246579E-01
    3     -4.5370531422E-02  -2.9117497880E-02   4.3045817287E-02   2.7283473432E-01  -7.9750727784E-02
    4      2.1781525130E-02  -2.2004073576E-01   1.5646246579E-01  -7.9750727784E-02   6.9872980003E-01
    5      1.3253037647E-02   1.6721855733E-01  -3.4290140956E-01  -1.0300876362E-01  -1.2040002588E-01
    6      3.9506049200E-03   2.7423605194E-03   1.3931786989E-02  -6.1209982002E-02   2.5280869364E-02
    7     -3.0221919458E-03   2.0102009904E-02   1.7541808168E-02   2.3077731045E-02  -1.3755263020E-01
    8      2.4159720285E-02  -8.3441029515E-03  -6.5246545361E-02   5.7391282875E-02  -9.1669053991E-02
    9      4.0119028802E-02   1.4036504457E-02  -1.2908908195E-02  -9.4074957198E-02   1.9137554633E-02
   10     -3.9198897406E-02  -6.4399598025E-02   3.2248792529E-02   3.1154371871E-02  -3.1997376276E-01
   11     -8.8601284012E-03   3.3470225575E-02   1.2500589011E-02   1.2371030615E-02   2.8753613353E-02
   12     -4.7287051843E-02  -1.8952567480E-02   2.3242845316E-02  -1.6268362260E-02   1.0941871456E-01
   13     -9.4507089417E-03  -1.9442765244E-03   1.0761427438E-03   2.7206261620E-02  -1.2589594076E-02
   14      2.9976848455E-03   6.0763812119E-03  -1.9209683671E-03  -3.7103406844E-03  -1.1921936016E-02
   15     -1.5536614511E-02   1.4999990477E-03   3.3511601642E-04  -2.9003520521E-02  -6.8824835393E-03
   16      5.7142667564E-02   1.0833544505E-02  -1.9156033018E-02   9.4804331253E-03  -5.5146660397E-02
   17     -1.9361623253E-02  -4.9848672451E-03   7.1906231930E-03   8.3018495664E-03   1.7484898342E-02
   18      5.1722690069E-02   1.4262318820E-02  -2.4480403279E-02  -2.5743645092E-02  -6.4406906242E-02
   19     -3.3705363512E-02  -1.5059162832E-02   1.2763256473E-02   1.0532018194E-02   3.1258710800E-02
   20      2.1552915493E-02   6.5703005627E-03  -1.5175209617E-02  -1.8591680951E-03  -2.0034637523E-02
   21     -1.4057709830E-02   3.9910642066E-04  -1.9016932284E-02  -3.8097151187E-03  -5.1020364190E-03
   22     -1.3619614363E-03  -1.1711055565E-01  -1.2725375500E-01   9.2848714576E-04   1.0120365156E-02
   23     -6.6748490564E-03  -1.1898555555E-01  -3.1418032025E-01  -2.5714110084E-03  -1.7013221276E-02
   24     -3.6133972266E-02   6.9662573488E-02   2.8008969386E-03   9.7807344136E-04  -9.6991507868E-03
   25      5.5897281763E-02  -3.5018009733E-01  -1.6829683635E-02   6.6839839409E-03  -1.4128458056E-02
   26      7.2208039499E-03  -2.3351107053E-02  -5.9896673832E-02  -8.6658660648E-03   2.4026514819E-02
   27      9.5038239106E-04   1.1331728390E-03   2.8239693433E-03  -9.7622639097E-04  -7.2416706659E-03
   28      3.1864133943E-03  -4.2646675540E-04  -4.0933175412E-03  -7.1050749663E-04   1.6599844467E-02
   29     -7.3827868323E-04  -5.5751224210E-03  -2.5739866462E-03  -9.7734766332E-04   3.4167267498E-02
   30      2.8311218482E-03   1.0347803787E-03  -1.5246460109E-03   9.5302866011E-04  -8.7945876296E-03
   31     -5.4175508858E-04  -2.9671323180E-04   2.0667355680E-04   2.9479317983E-04   2.8833721099E-03
   32      3.2666793121E-04  -2.5029886252E-04  -1.5420900466E-04   8.1814956135E-05   2.2330618237E-03
   33      1.6259112150E-03   1.7474976160E-03  -5.0371163835E-04  -3.8652761286E-03  -3.3759458363E-03
   34     -9.0726255729E-04  -1.8351053156E-04   5.8767194978E-05   1.3762869044E-03   2.3808440354E-03
   35     -8.9640363205E-04  -8.3061708311E-04   1.3832662769E-04   1.7483865785E-03   8.8974033084E-04
   36      1.1923746335E-03   6.8216316203E-04  -2.6437838581E-04   2.2158516673E-03  -6.9934981368E-04
   37      1.6326283168E-04   2.4399080558E-04  -2.0838287128E-04  -4.8734617564E-04  -1.0096529981E-03
   38     -3.6196046826E-04  -4.1000347825E-04   3.7586497824E-04  -4.7480613640E-04  -2.1825156596E-04
   39     -4.6846850042E-03  -4.1377256187E-03  -4.0652649513E-04   1.3277793985E-03   1.1394909383E-03
   40      1.9466079094E-03   1.4016174203E-03   6.5080287941E-05  -1.9110985802E-04  -1.0326606397E-03
   41      2.0484751986E-03   1.2582942017E-03  -1.4581243082E-03  -3.8459192511E-04  -6.7375369954E-04
   42     -2.2171876322E-02  -7.1636650820E-04   1.0272615940E-02   2.0127486440E-03   9.2027362815E-03
   43      2.3562279790E-03   3.0525802609E-04  -1.5073880497E-03  -4.8521002423E-04  -4.9878171323E-04
   44      2.6595233949E-03  -4.9854404798E-04  -2.6847930135E-03  -1.3165154420E-03  -2.0574839531E-03
                    5                  6                  7                  8                  9        
    0      1.3253037647E-02   3.9506049200E-03  -3.0221919458E-03   2.4159720285E-02   4.0119028802E-02
    1      1.6721855733E-01   2.7423605194E-03   2.0102009904E-02  -8.3441029515E-03   1.4036504457E-02
    2     -3.4290140956E-01   1.3931786989E-02   1.7541808168E-02  -6.5246545361E-02  -1.2908908195E-02
    3     -1.0300876362E-01  -6.1209982002E-02   2.3077731045E-02   5.7391282875E-02  -9.4074957198E-02
    4     -1.2040002588E-01   2.5280869364E-02  -1.3755263020E-01  -9.1669053991E-02   1.9137554633E-02
    5      7.8358820192E-01   2.9978307753E-02  -3.7062579345E-02  -2.8377506054E-01   4.1520322689E-02
    6      2.9978307753E-02   4.4357039720E-02  -6.5322353941E-02  -5.7483400805E-02   1.1861156236E-02
    7     -3.7062579345E-02  -6.5322353941E-02   4.9179495194E-01  -1.4272498924E-01   3.2269713246E-02
    8     -2.8377506054E-01  -5.7483400805E-02  -1.4272498924E-01   6.1662754317E-01   3.1743140794E-03
    9      4.1520322689E-02   1.1861156236E-02   3.2269713246E-02   3.1743140794E-03   1.4608389524E-01
   10     -7.6684665680E-03   2.3322109746E-02  -5.8583857073E-02  -3.1918966344E-02  -4.6468189088E-02
   11     -1.0603279974E-01   1.7760465846E-02  -5.8669058710E-02  -1.6852490797E-03  -6.0802163517E-02
   12     -4.4319359896E-02  -4.5813639702E-04  -1.9727669213E-02  -1.6500321979E-03   2.5128927939E-02
   13     -1.3017522775E-02   1.4910519500E-04  -6.2439193557E-04   4.0456446677E-03   4.9221889249E-03
   14     -1.8333101756E-03  -5.4729880810E-05  -1.8096409202E-03  -4.9515402524E-04   1.2888397100E-02
   15     -1.1149562309E-02   5.2859474462E-03   3.4439220061E-03   6.1404947129E-03  -5.2498380201E-02
   16      4.1407890123E-02  -8.7428652531E-04   4.1682015957E-03  -9.3104833489E-03  -6.0855882228E-02
   17     -6.6132757674E-03  -3.0462044416E-03   1.0179424769E-03   7.2129220734E-03   2.3332826897E-02
   18      4.9499257660E-02   4.2984292921E-03   1.9939832479E-03  -1.8255879843E-02  -4.0067080222E-02
   19     -2.4724319189E-02  -2.7892899843E-03  -1.4256928404E-03   7.4758447498E-03   2.5892451356E-02
   20      1.0970520193E-02   1.8298924887E-03   1.5823172015E-03  -4.9563803589E-03  -1.8810833083E-02
   21      1.7024637286E-02   5.5093352171E-03  -1.5807458298E-03  -1.2104346343E-03  -8.6990151083E-03
   22      1.7944178528E-02  -7.3550912593E-04  -1.8563855908E-03   3.5570529471E-03  -9.1910203261E-04
   23     -1.7073308190E-02   5.0498386482E-04   4.1556894912E-03  -3.2032697751E-03   7.1859178215E-04
   24      4.2914152239E-03  -3.0641680908E-03  -1.5703498625E-03  -3.0373289152E-03   7.1440528622E-03
   25     -7.3592248223E-03  -7.4758721247E-04   8.6494021732E-04  -1.5168711963E-03   4.4173611167E-05
   26      8.1864816769E-03   5.9290246769E-05  -7.3479751802E-04   4.7215870254E-04   1.5239404734E-03
   27      6.0363142807E-03  -8.1155371942E-03   2.6535813424E-02  -1.3383343521E-02  -2.9799638996E-03
   28     -1.4814547057E-02   1.8674191056E-02  -3.1575852227E-01   2.7084372431E-01  -2.3813282004E-03
   29     -4.4694823722E-02  -4.5743819587E-03   2.1777871533E-01  -2.6492610208E-01  -4.0371173628E-03
   30      5.5637074448E-03  -4.6656295253E-04   2.8627808484E-03   3.6469785424E-04  -1.9840309470E-02
   31     -2.5826044698E-03  -7.6915827113E-05  -1.1455566505E-03  -1.6228029388E-04   7.9385847408E-03
   32     -1.0621867045E-03   2.1700821533E-05  -7.9530647134E-04  -3.3963039279E-04   7.6112201792E-03
   33      2.4142729641E-04  -2.4227248677E-04   4.6083335012E-04  -2.2406208236E-04  -1.8778433578E-02
   34     -6.7512922213E-05  -4.1867284258E-05  -3.6062847336E-04  -2.8749169161E-04   6.6801520661E-03
   35     -4.5627998877E-04  -2.3512897275E-06  -2.5667840487E-04   5.2521112774E-05   8.2273226831E-03
   36      2.1623651088E-04  -9.2432957141E-04   1.0332414993E-04   4.1578200127E-04   1.1687299749E-03
   37      2.8754517475E-04   1.2775442337E-04   1.5756865448E-04  -2.1430255834E-04  -8.0662536604E-06
   38     -1.6635695284E-03   7.3551352400E-04   2.1749061301E-04   8.7657477528E-04  -6.1355682052E-04
   39     -2.0843156677E-03  -4.7948380011E-04   2.5773383098E-04   4.0927400597E-04   1.8047755721E-03
   40      7.6909848933E-04   5.8169483453E-05   7.9817277044E-05  -2.2826105036E-05  -4.9453451425E-04
   41      1.8020545339E-03  -2.5066597496E-05  -3.3643391769E-04  -6.2738085973E-04  -1.6074547019E-03
   42     -7.0340335438E-03  -3.0204033596E-04   2.0526895180E-04   3.1713021673E-03   3.6275730513E-03
   43      4.0335335156E-05   2.4545680448E-04   1.4017544285E-04   2.6191110184E-04   2.1850426292E-04
   44      1.5587655882E-03   3.8180745585E-04   8.2711184331E-05   1.3052634075E-05  -2.3101885307E-04
                   10                 11                 12                 13                 14        
    0     -3.9198897406E-02  -8.8601284012E-03  -4.7287051843E-02  -9.4507089417E-03   2.9976848455E-03
    1     -6.4399598025E-02   3.3470225575E-02  -1.8952567480E-02  -1.9442765244E-03   6.0763812119E-03
    2      3.2248792529E-02   1.2500589011E-02   2.3242845316E-02   1.0761427438E-03  -1.9209683671E-03
    3      3.1154371871E-02   1.2371030615E-02  -1.6268362260E-02   2.7206261620E-02  -3.7103406844E-03
    4     -3.1997376276E-01   2.8753613353E-02   1.0941871456E-01  -1.2589594076E-02  -1.1921936016E-02
    5     -7.6684665680E-03  -1.0603279974E-01  -4.4319359896E-02  -1.3017522775E-02  -1.8333101756E-03
    6      2.3322109746E-02   1.7760465846E-02  -4.5813639702E-04   1.4910519500E-04  -5.4729880810E-05
    7     -5.8583857073E-02  -5.8669058710E-02  -1.9727669213E-02  -6.2439193557E-04  -1.8096409202E-03
    8     -3.1918966344E-02  -1.6852490797E-03  -1.6500321979E-03   4.0456446677E-03  -4.9515402524E-04
    9     -4.6468189088E-02  -6.0802163517E-02   2.5128927939E-02   4.9221889249E-03   1.2888397100E-02
   10      5.0308606782E-01  -9.6217999019E-03  -6.5388605369E-02  -6.7905799626E-02   9.7355929472E-03
   11     -9.6217999019E-03   1.3181560794E-01   1.0520521489E-02   3.4926267623E-03  -4.7253834823E-02
   12     -6.5388605369E-02   1.0520521489E-02   1.9451152465E-01   7.2766271377E-02   9.9382471282E-02
   13     -6.7905799626E-02   3.4926267623E-03   7.2766271377E-02   6.6813269483E-01  -4.6749352159E-02
   14      9.7355929472E-03  -4.7253834823E-02   9.9382471282E-02  -4.6749352159E-02   6.4064958619E-01
   15     -7.3099888427E-04   3.4095371327E-03  -1.1694160633E-01  -1.0091796333E-01  -3.5186535457E-02
   16      4.8423943149E-02   5.8836392772E-03  -6.0848577244E-02  -2.1870142871E-01  -3.1980734210E-02
   17     -7.6142088588E-03  -3.2100305366E-04  -4.8511654624E-02  -3.3534936908E-02  -1.1110840875E-01
   18      4.9860289714E-02   3.9703777875E-03   5.1748689649E-02  -6.6316449068E-03   7.8807170124E-03
   19     -2.7847954890E-02  -6.7175297514E-04  -3.1410427032E-02  -4.5537090149E-02   2.4560665024E-02
   20      1.8695016845E-02   2.8880622729E-03   2.4211925142E-02   4.3765819201E-03   5.7257476242E-03
   21      6.0009724526E-03  -8.0566217931E-04   5.2113939902E-03   1.0310849407E-03  -1.5547674283E-03
   22      5.1634125669E-04  -7.9534240031E-04   2.7535953247E-04   3.8968118402E-04   4.3231241353E-04
   23     -5.1937153590E-04   2.2806157679E-03  -3.8625240166E-04  -2.3825727174E-05  -5.6412037996E-04
   24      2.0111648970E-03   3.3871967072E-03   9.1632804736E-04  -4.7770760435E-04   5.3901266797E-04
   25     -7.3348025029E-04   4.2623685378E-03  -8.7833847123E-04   3.0584207430E-04  -2.2339521324E-04
   26      6.0526099508E-03  -4.3758958151E-03   1.4603836849E-03  -5.4554348304E-04  -3.3892556579E-04
   27     -4.4947701939E-04  -2.5516302325E-03   6.3012682818E-04  -2.1407960671E-05   5.6625807651E-04
   28     -2.5327860382E-03   3.5355446128E-04   2.8920198501E-03   3.7882190330E-04  -5.4296019501E-04
   29      4.9881499861E-03   6.7857319071E-03   4.1294641594E-03  -7.3213119302E-04   8.0328633777E-05
   30      1.7877267999E-02   2.8739490849E-02  -4.0494720777E-02  -1.0157895168E-02  -3.9574991159E-02
   31     -4.0333047185E-03  -9.6453539225E-03  -1.4564815085E-02  -7.5425523610E-02  -6.1930107229E-02
   32     -4.5768108708E-03  -2.3749947717E-03  -3.6837366805E-02  -6.4390063782E-02  -3.2006028303E-01
   33      3.0942181085E-02  -7.1187514613E-03  -4.5750227927E-02   2.6781120885E-02  -2.7599027616E-02
   34     -8.8330884086E-03   2.0022868659E-03   2.7728180287E-02  -2.4130659913E-01   1.3726976855E-01
   35     -1.2355772551E-02   5.1941499049E-03  -3.3405447755E-02   1.4149998166E-01  -1.6036903408E-01
   36      7.5288584040E-04   2.8718365229E-04  -4.6458946701E-03  -4.2491554472E-03  -1.6215671931E-02
   37      1.6618466452E-03   1.3604968219E-03  -4.6309027208E-03  -3.9345908834E-03  -2.8451927410E-02
   38      3.1095090694E-04   6.2524275448E-04   2.5031266811E-03   1.2524995670E-03  -2.0120572067E-03
   39     -4.9564826559E-04   1.4163686497E-05   5.6240345236E-03  -2.6151651149E-03  -3.8527668170E-03
   40      1.2360005343E-03  -2.7304755186E-05   1.4421880222E-03  -3.1368650172E-03   4.1448559695E-03
   41      7.7839832292E-04   3.5447962663E-05  -1.4175427576E-03   4.4247506180E-03  -1.6787193741E-03
   42     -9.2021525526E-03  -3.0751532416E-04  -1.1925025415E-02   1.6477748696E-03   3.4906092855E-03
   43     -8.0567614107E-05  -1.4018703497E-04   1.8970096437E-03   1.8991196748E-03   1.4072802354E-03
   44      1.4578731894E-03  -8.1670236053E-05   1.0805993854E-03  -1.1916549134E-03   1.1791533302E-03
                   15                 16                 17                 18                 19        
    0     -1.5536614511E-02   5.7142667564E-02  -1.9361623253E-02   5.1722690069E-02  -3.3705363512E-02
    1      1.4999990477E-03   1.0833544505E-02  -4.9848672451E-03   1.4262318820E-02  -1.5059162832E-02
    2      3.3511601642E-04  -1.9156033018E-02   7.1906231930E-03  -2.4480403279E-02   1.2763256473E-02
    3     -2.9003520521E-02   9.4804331253E-03   8.3018495664E-03  -2.5743645092E-02   1.0532018194E-02
    4     -6.8824835393E-03  -5.5146660397E-02   1.7484898342E-02  -6.4406906242E-02   3.1258710800E-02
    5     -1.1149562309E-02   4.1407890123E-02  -6.6132757674E-03   4.9499257660E-02  -2.4724319189E-02
    6      5.2859474462E-03  -8.7428652531E-04  -3.0462044416E-03   4.2984292921E-03  -2.7892899843E-03
    7      3.4439220061E-03   4.1682015957E-03   1.0179424769E-03   1.9939832479E-03  -1.4256928404E-03
    8      6.1404947129E-03  -9.3104833489E-03   7.2129220734E-03  -1.8255879843E-02   7.4758447498E-03
    9     -5.2498380201E-02  -6.0855882228E-02   2.3332826897E-02  -4.0067080222E-02   2.5892451356E-02
   10     -7.3099888427E-04   4.8423943149E-02  -7.6142088588E-03   4.9860289714E-02  -2.7847954890E-02
   11      3.4095371327E-03   5.8836392772E-03  -3.2100305366E-04   3.9703777875E-03  -6.7175297514E-04
   12     -1.1694160633E-01  -6.0848577244E-02  -4.8511654624E-02   5.1748689649E-02  -3.1410427032E-02
   13     -1.0091796333E-01  -2.1870142871E-01  -3.3534936908E-02  -6.6316449068E-03  -4.5537090149E-02
   14     -3.5186535457E-02  -3.1980734210E-02  -1.1110840875E-01   7.8807170124E-03   2.4560665024E-02
   15      3.0985720562E-01   1.2617214959E-01   1.6455899993E-01  -5.4141183856E-02   8.5835534027E-03
   16      1.2617214959E-01   5.9698935909E-01  -1.1640593883E-01  -3.0459613738E-02  -2.9838569081E-01
   17      1.6455899993E-01  -1.1640593883E-01   6.8696972051E-01  -3.0362125437E-02   1.8486728937E-01
   18     -5.4141183856E-02  -3.0459613738E-02  -3.0362125437E-02   1.3807129765E-01   1.4483740108E-01
   19      8.5835534027E-03  -2.9838569081E-01   1.8486728937E-01   1.4483740108E-01   7.2319831540E-01
   20     -3.9338801336E-02   1.7055741101E-01  -2.6871069860E-01   9.5946512814E-02  -8.4375866158E-02
   21      7.2442561041E-04  -5.2026414880E-03   2.4926530058E-03  -1.3385727395E-02   2.1381263563E-03
   22      1.6646329149E-04   2.5777732930E-04   4.8883933137E-04   1.4641795297E-03  -3.4239516270E-04
   23      1.1724396863E-04   1.4979339424E-04   3.3276516534E-04   2.4619225188E-03  -3.8857826104E-04
   24     -1.0028458231E-03  -8.9807307327E-04   5.4751186724E-04  -1.2694666780E-03   4.9400701599E-03
   25      2.5407369187E-04  -5.6378910896E-05   1.5019334702E-04  -1.0827495571E-03   5.8150682771E-04
   26     -2.3954380697E-04  -3.8426716999E-04   2.1523329515E-04  -1.4060466901E-04   9.7789203933E-04
   27     -4.2071099264E-04   2.5946463918E-04  -7.2058508438E-05   1.1723139755E-03  -4.9583074972E-04
   28      4.5021261739E-04  -1.4698557595E-03   9.3404561734E-04  -1.9860682234E-03   7.1702747871E-04
   29     -8.6903626845E-04  -4.1726211540E-04   1.1832518539E-04   3.0718260107E-04  -8.5823714498E-05
   30     -2.8974445586E-03  -9.3247879922E-03  -2.1565145214E-02  -3.9077657644E-03   4.3256817226E-03
   31     -3.5479536068E-03  -1.8666036607E-03  -2.4739360974E-02   9.0869100400E-04   7.9667567894E-04
   32     -1.9933004428E-03  -1.3755577504E-04  -2.4987745448E-03   6.9944241096E-05   1.3418387692E-03
   33      7.3404294992E-03  -1.8494964862E-02   1.5714343449E-02  -2.8465918957E-03  -4.8901708115E-03
   34      5.4920618532E-03  -1.1991617971E-02   1.5298054072E-02  -2.3600756871E-03  -4.5203700371E-03
   35      1.7957103383E-03  -5.0324820891E-03   5.1733925859E-03  -1.5423893944E-05  -4.4752586626E-04
   36     -5.9566498922E-02  -2.2120675711E-02  -7.9951440650E-02   6.8804195489E-04  -6.1720811169E-04
   37     -2.7580385862E-02  -6.5035487414E-02  -4.9747744926E-02   6.7695612070E-03   7.6893074025E-03
   38     -9.2525550696E-02  -4.5315628547E-02  -3.1140035934E-01  -3.8978475450E-03  -6.7139979421E-03
   39      8.6562798339E-03   6.2047065930E-03   1.0845561809E-03  -7.8002666804E-02  -1.0402205303E-01
   40     -1.1929447729E-02  -1.4832833698E-02  -9.1579316221E-03  -9.6310433971E-02  -3.0166251158E-01
   41      9.1870317868E-03   1.8040734275E-02   8.4100501987E-03  -3.0202959282E-02  -6.1357893530E-02
   42      1.4451770834E-04   9.8403516563E-03  -1.3165918285E-02  -2.8337334882E-02  -2.3305912009E-02
   43      5.5065271515E-03   6.8137316534E-03   2.5938808481E-02  -1.6871979305E-02  -6.9460675287E-02
   44     -4.2383740569E-03  -7.8941646393E-03  -1.4970512150E-02  -5.2774137039E-02  -5.3248411841E-02
                   20                 21                 22                 23                 24        
    0      2.1552915493E-02  -1.4057709830E-02  -1.3619614363E-03  -6.6748490564E-03  -3.6133972266E-02
    1      6.5703005627E-03   3.9910642066E-04  -1.1711055565E-01  -1.1898555555E-01   6.9662573488E-02
    2     -1.5175209617E-02  -1.9016932284E-02  -1.2725375500E-01  -3.1418032025E-01   2.8008969386E-03
    3     -1.8591680951E-03  -3.8097151187E-03   9.2848714576E-04  -2.5714110084E-03   9.7807344136E-04
    4     -2.0034637523E-02  -5.1020364190E-03   1.0120365156E-02  -1.7013221276E-02  -9.6991507868E-03
    5      1.0970520193E-02   1.7024637286E-02   1.7944178528E-02  -1.7073308190E-02   4.2914152239E-03
    6      1.8298924887E-03   5.5093352171E-03  -7.3550912593E-04   5.0498386482E-04  -3.0641680908E-03
    7      1.5823172015E-03  -1.5807458298E-03  -1.8563855908E-03   4.1556894912E-03  -1.5703498625E-03
    8     -4.9563803589E-03  -1.2104346343E-03   3.5570529471E-03  -3.2032697751E-03  -3.0373289152E-03
    9     -1.8810833083E-02  -8.6990151083E-03  -9.1910203261E-04   7.1859178215E-04   7.1440528622E-03
   10      1.8695016845E-02   6.0009724526E-03   5.1634125669E-04  -5.1937153590E-04   2.0111648970E-03
   11      2.8880622729E-03  -8.0566217931E-04  -7.9534240031E-04   2.2806157679E-03   3.3871967072E-03
   12      2.4211925142E-02   5.2113939902E-03   2.7535953247E-04  -3.8625240166E-04   9.1632804736E-04
   13      4.3765819201E-03   1.0310849407E-03   3.8968118402E-04  -2.3825727174E-05  -4.7770760435E-04
   14      5.7257476242E-03  -1.5547674283E-03   4.3231241353E-04  -5.6412037996E-04   5.3901266797E-04
   15     -3.9338801336E-02   7.2442561041E-04   1.6646329149E-04   1.1724396863E-04  -1.0028458231E-03
   16      1.7055741101E-01  -5.2026414880E-03   2.5777732930E-04   1.4979339424E-04  -8.9807307327E-04
   17     -2.6871069860E-01   2.4926530058E-03   4.8883933137E-04   3.3276516534E-04   5.4751186724E-04
   18      9.5946512814E-02  -1.3385727395E-02   1.4641795297E-03   2.4619225188E-03  -1.2694666780E-03
   19     -8.4375866158E-02   2.1381263563E-03  -3.4239516270E-04  -3.8857826104E-04   4.9400701599E-03
   20      7.0396995796E-01  -6.7062013693E-03  -1.0020928187E-03  -1.6410675291E-03  -7.4400671886E-04
   21     -6.7062013693E-03   3.1500400787E-02   6.4596189855E-04   4.1820028173E-03  -6.3446191870E-04
   22     -1.0020928187E-03   6.4596189855E-04   1.1178784392E-01   1.2991745744E-01  -1.4877198575E-03
   23     -1.6410675291E-03   4.1820028173E-03   1.2991745744E-01   3.2797267522E-01  -7.9545993796E-04
   24     -7.4400671886E-04  -6.3446191870E-04  -1.4877198575E-03  -7.9545993796E-04   3.4331523068E-02
   25     -3.5071215830E-04   1.5057523673E-03  -5.1119226591E-03   2.7560230571E-03  -6.1893390815E-02
   26     -8.1478001897E-04   5.5729623751E-03  -2.5013162976E-02   3.5714679367E-03  -6.0773786406E-03
   27     -5.7681153469E-04   2.1250750186E-03  -2.9121216736E-04   8.1749942442E-04  -1.1720202341E-03
   28     -7.7709116198E-04  -1.4153268883E-04   4.2501392574E-04  -5.9906507759E-04  -3.5307063647E-04
   29     -1.5702165607E-04   1.3637076851E-03   8.8525379798E-04  -7.2419750003E-04  -3.9202754483E-04
   30     -6.1183595197E-04  -3.5947582187E-04   2.2475488910E-04  -1.5747069215E-04  -1.7194168026E-04
   31     -8.2117198492E-04   4.3186020669E-04  -4.1211438077E-04   1.1765564603E-04   1.1375516644E-04
   32      1.5135810819E-03   2.5653882341E-04   3.3503888345E-05   1.7276141210E-04  -2.1553620070E-04
   33     -3.1267724992E-03  -3.0960705967E-04  -5.2949272063E-05  -6.1420379497E-05   5.1999641583E-05
   34     -1.6765442692E-03   1.9674365678E-04  -1.3919351199E-04   2.7994395900E-06  -7.3148158761E-05
   35      1.1818886959E-03   3.8240635422E-04  -1.5151575838E-04   6.7200250136E-05  -9.1217732193E-05
   36     -2.6223814574E-03   9.0599301912E-05  -2.6760301974E-04  -3.2937590920E-04  -1.0471493044E-04
   37      2.6930536699E-02  -1.5658075265E-04  -4.4091462942E-05   7.6021240325E-05  -1.2071115229E-05
   38     -1.6196005467E-02   1.2947318931E-04   1.0543173182E-04   2.2314877995E-04   4.9707002839E-05
   39     -2.7344105890E-02  -6.0990007834E-04   2.5930448406E-06   3.7607033498E-05   2.7126715089E-04
   40     -6.0168990616E-02   1.1016650633E-04   1.4405093049E-04   1.3963164818E-04  -2.0126012996E-04
   41     -7.4451835648E-02  -4.5709413219E-05   5.7223178495E-05   2.9187853028E-04  -3.8555796470E-04
   42     -4.1806861649E-02  -3.2956175948E-03   1.4028991346E-03   2.1340780665E-03  -1.3965258999E-04
   43     -5.9477674488E-02  -2.7087918265E-04   1.3755847155E-03   2.0333848957E-04  -6.9603146744E-05
   44     -3.4414675893E-01  -2.0623643190E-03   8.0582327686E-04   2.4737705609E-03   1.2392573781E-04
                   25                 26                 27                 28                 29        
    0      5.5897281763E-02   7.2208039499E-03   9.5038239106E-04   3.1864133943E-03  -7.3827868323E-04
    1     -3.5018009733E-01  -2.3351107053E-02   1.1331728390E-03  -4.2646675540E-04  -5.5751224210E-03
    2     -1.6829683635E-02  -5.9896673832E-02   2.8239693433E-03  -4.0933175412E-03  -2.5739866462E-03
    3      6.6839839409E-03  -8.6658660648E-03  -9.7622639097E-04  -7.1050749663E-04  -9.7734766332E-04
    4     -1.4128458056E-02   2.4026514819E-02  -7.2416706659E-03   1.6599844467E-02   3.4167267498E-02
    5     -7.3592248223E-03   8.1864816769E-03   6.0363142807E-03  -1.4814547057E-02  -4.4694823722E-02
    6     -7.4758721247E-04   5.9290246769E-05  -8.1155371942E-03   1.8674191056E-02  -4.5743819587E-03
    7      8.6494021732E-04  -7.3479751802E-04   2.6535813424E-02  -3.1575852227E-01   2.1777871533E-01
    8     -1.5168711963E-03   4.7215870254E-04  -1.3383343521E-02   2.7084372431E-01  -2.6492610208E-01
    9      4.4173611167E-05   1.5239404734E-03  -2.9799638996E-03  -2.3813282004E-03  -4.0371173628E-03
   10     -7.3348025029E-04   6.0526099508E-03  -4.4947701939E-04  -2.5327860382E-03   4.9881499861E-03
   11      4.2623685378E-03  -4.3758958151E-03  -2.5516302325E-03   3.5355446128E-04   6.7857319071E-03
   12     -8.7833847123E-04   1.4603836849E-03   6.3012682818E-04   2.8920198501E-03   4.1294641594E-03
   13      3.0584207430E-04  -5.4554348304E-04  -2.1407960671E-05   3.7882190330E-04  -7.3213119302E-04
   14     -2.2339521324E-04  -3.3892556579E-04   5.6625807651E-04  -5.4296019501E-04   8.0328633777E-05
   15      2.5407369187E-04  -2.3954380697E-04  -4.2071099264E-04   4.5021261739E-04  -8.6903626845E-04
   16     -5.6378910896E-05  -3.8426716999E-04   2.5946463918E-04  -1.4698557595E-03  -4.1726211540E-04
   17      1.5019334702E-04   2.1523329515E-04  -7.2058508438E-05   9.3404561734E-04   1.1832518539E-04
   18     -1.0827495571E-03  -1.4060466901E-04   1.1723139755E-03  -1.9860682234E-03   3.0718260107E-04
   19      5.8150682771E-04   9.7789203933E-04  -4.9583074972E-04   7.1702747871E-04  -8.5823714498E-05
   20     -3.5071215830E-04  -8.1478001897E-04  -5.7681153469E-04  -7.7709116198E-04  -1.5702165607E-04
   21      1.5057523673E-03   5.5729623751E-03   2.1250750186E-03  -1.4153268883E-04   1.3637076851E-03
   22     -5.1119226591E-03  -2.5013162976E-02  -2.9121216736E-04   4.2501392574E-04   8.8525379798E-04
   23      2.7560230571E-03   3.5714679367E-03   8.1749942442E-04  -5.9906507759E-04  -7.2419750003E-04
   24     -6.1893390815E-02  -6.0773786406E-03  -1.1720202341E-03  -3.5307063647E-04  -3.9202754483E-04
   25      3.6811439872E-01   1.9022668673E-02  -2.3624017911E-04  -1.2038689618E-05  -1.0948335299E-04
   26      1.9022668673E-02   5.1901733343E-02  -2.6114153514E-04  -7.9911409000E-05   2.4100936618E-04
   27     -2.3624017911E-04  -2.6114153514E-04   9.2600472617E-03  -1.9415630420E-02   6.6663525718E-03
   28     -1.2038689618E-05  -7.9911409000E-05  -1.9415630420E-02   3.0217996446E-01  -2.5121991758E-01
   29     -1.0948335299E-04   2.4100936618E-04   6.6663525718E-03  -2.5121991758E-01   3.0540046856E-01
   30      6.2348641473E-05  -2.5301264292E-04  -7.7527329101E-05  -3.6155886074E-04  -6.7248096768E-04
   31     -1.1253668536E-05   1.8922176240E-04   3.6262574016E-05   1.9601204193E-05   2.6746379794E-04
   32     -1.8515893113E-05   1.4709369813E-04  -4.7727797176E-05   7.4489064568E-05   2.5070673933E-04
   33      3.3328918646E-05  -5.5490301259E-05   4.2559696133E-05  -7.0186483131E-05  -1.3521098667E-04
   34      3.0524776004E-06   4.2973756628E-05   1.2724242947E-04  -1.1878846769E-04   1.4063891185E-04
   35     -2.8187529835E-05   1.1045553951E-04   1.0327123287E-04  -4.3655095116E-05   8.3167148390E-05
   36     -4.3518375475E-05  -3.6575849783E-06  -6.4106693608E-04  -5.8139446975E-05   4.2542432119E-05
   37      1.0504220949E-05   2.3660313382E-05  -2.4461823254E-05   6.2026537905E-05  -1.2571984850E-04
   38      2.7958977530E-06  -1.0627885806E-05  -2.0255341987E-04  -2.5129942886E-05  -1.1071142520E-05
   39      1.4227106710E-04   7.8721337597E-05   1.1044585730E-04  -3.1081055640E-05   1.4563324681E-05
   40      3.7245614117E-04  -6.7967852344E-05  -3.2341458422E-06  -6.7839361268E-05  -2.4191291844E-05
   41      4.3457423467E-05   4.5717251639E-04  -1.1021787608E-05   1.2103095117E-05   3.4120149906E-05
   42      2.6659208294E-04  -2.2055931240E-04   9.2101948229E-05   3.1299821697E-04  -1.3472881548E-04
   43     -1.9071114906E-05  -1.5899758665E-04   8.0477602383E-05   3.9973649962E-06   6.3943076973E-05
   44      1.9878059863E-04   1.3409704302E-04   9.9420883463E-05  -2.4102370999E-05   9.3345050320E-05
                   30                 31                 32                 33                 34        
    0      2.8311218482E-03  -5.4175508858E-04   3.2666793121E-04   1.6259112150E-03  -9.0726255729E-04
    1      1.0347803787E-03  -2.9671323180E-04  -2.5029886252E-04   1.7474976160E-03  -1.8351053156E-04
    2     -1.5246460109E-03   2.0667355680E-04  -1.5420900466E-04  -5.0371163835E-04   5.8767194978E-05
    3      9.5302866011E-04   2.9479317983E-04   8.1814956135E-05  -3.8652761286E-03   1.3762869044E-03
    4     -8.7945876296E-03   2.8833721099E-03   2.2330618237E-03  -3.3759458363E-03   2.3808440354E-03
    5      5.5637074448E-03  -2.5826044698E-03  -1.0621867045E-03   2.4142729641E-04  -6.7512922213E-05
    6     -4.6656295253E-04  -7.6915827113E-05   2.1700821533E-05  -2.4227248677E-04  -4.1867284258E-05
    7      2.8627808484E-03  -1.1455566505E-03  -7.9530647134E-04   4.6083335012E-04  -3.6062847336E-04
    8      3.6469785424E-04  -1.6228029388E-04  -3.3963039279E-04  -2.2406208236E-04  -2.8749169161E-04
    9     -1.9840309470E-02   7.9385847408E-03   7.6112201792E-03  -1.8778433578E-02   6.6801520661E-03
   10      1.7877267999E-02  -4.0333047185E-03  -4.5768108708E-03   3.0942181085E-02  -8.8330884086E-03
   11      2.8739490849E-02  -9.6453539225E-03  -2.3749947717E-03  -7.1187514613E-03   2.0022868659E-03
   12     -4.0494720777E-02  -1.4564815085E-02  -3.6837366805E-02  -4.5750227927E-02   2.7728180287E-02
   13     -1.0157895168E-02  -7.5425523610E-02  -6.4390063782E-02   2.6781120885E-02  -2.4130659913E-01
   14     -3.9574991159E-02  -6.1930107229E-02  -3.2006028303E-01  -2.7599027616E-02   1.3726976855E-01
   15     -2.8974445586E-03  -3.5479536068E-03  -1.9933004428E-03   7.3404294992E-03   5.4920618532E-03
   16     -9.3247879922E-03  -1.8666036607E-03  -1.3755577504E-04  -1.8494964862E-02  -1.1991617971E-02
   17     -2.1565145214E-02  -2.4739360974E-02  -2.4987745448E-03   1.5714343449E-02   1.5298054072E-02
   18     -3.9077657644E-03   9.0869100400E-04   6.9944241096E-05  -2.8465918957E-03  -2.3600756871E-03
   19      4.3256817226E-03   7.9667567894E-04   1.3418387692E-03  -4.8901708115E-03  -4.5203700371E-03
   20     -6.1183595197E-04  -8.2117198492E-04   1.5135810819E-03  -3.1267724992E-03  -1.6765442692E-03
   21     -3.5947582187E-04   4.3186020669E-04   2.5653882341E-04  -3.0960705967E-04   1.9674365678E-04
   22      2.2475488910E-04  -4.1211438077E-04   3.3503888345E-05  -5.2949272063E-05  -1.3919351199E-04
   23     -1.5747069215E-04   1.1765564603E-04   1.7276141210E-04  -6.1420379497E-05   2.7994395900E-06
   24     -1.7194168026E-04   1.1375516644E-04  -2.1553620070E-04   5.1999641583E-05  -7.3148158761E-05
   25      6.2348641473E-05  -1.1253668536E-05  -1.8515893113E-05   3.3328918646E-05   3.0524776004E-06
   26     -2.5301264292E-04   1.8922176240E-04   1.4709369813E-04  -5.5490301259E-05   4.2973756628E-05
   27     -7.7527329101E-05   3.6262574016E-05  -4.7727797176E-05   4.2559696133E-05   1.2724242947E-04
   28     -3.6155886074E-04   1.9601204193E-05   7.4489064568E-05  -7.0186483131E-05  -1.1878846769E-04
   29     -6.7248096768E-04   2.6746379794E-04   2.5070673933E-04  -1.3521098667E-04   1.4063891185E-04
   30      6.0891111288E-02   9.1864574833E-03   3.3606236712E-02   1.6618595258E-03  -2.2850531234E-03
   31      9.1864574833E-03   7.3530889127E-02   7.4021905902E-02   2.6989451776E-03   9.2253743705E-03
   32      3.3606236712E-02   7.4021905902E-02   3.3628235098E-01  -2.9712515679E-03  -6.2273249717E-03
   33      1.6618595258E-03   2.6989451776E-03  -2.9712515679E-03   6.2412739587E-02  -3.6300156003E-02
   34     -2.2850531234E-03   9.2253743705E-03  -6.2273249717E-03  -3.6300156003E-02   2.5556219282E-01
   35     -3.7421376231E-03   2.4454913829E-02  -1.3152288034E-02   2.5119350330E-02  -1.4738703650E-01
   36      8.6358392579E-04  -2.4814607595E-03  -1.1802241549E-05  -1.0843453716E-03   4.5132022103E-04
   37     -4.8692049989E-03  -3.3173985755E-03  -4.7864975327E-04   1.5380985453E-03   8.6387171717E-04
   38     -1.0485863237E-03  -3.8445930888E-04   9.9905655299E-04   2.4357080636E-04  -3.8691975034E-04
   39     -7.2939292422E-05  -1.6665181873E-04  -2.1555005659E-04  -6.9545786593E-04   5.0487063608E-06
   40      2.2451852354E-04   2.8126981992E-04   6.1261518074E-05  -1.0225377360E-03  -6.3449790594E-04
   41      8.6646164167E-05   3.5719326245E-04   3.0976960262E-04   8.4212488986E-04   1.0931888200E-03
   42      1.0879823983E-03  -2.3082057788E-04   3.0789052980E-04   4.3671314879E-04  -9.0776664667E-05
   43     -4.4794819718E-06  -2.2871381372E-04  -8.8668124488E-04   6.2087814773E-06   5.2959023152E-05
   44      8.0004847686E-04   6.4545708502E-04  -3.2953588568E-05  -3.6448892402E-04   1.3269155631E-04
                   35                 36                 37                 38                 39        
    0     -8.9640363205E-04   1.1923746335E-03   1.6326283168E-04  -3.6196046826E-04  -4.6846850042E-03
    1     -8.3061708311E-04   6.8216316203E-04   2.4399080558E-04  -4.1000347825E-04  -4.1377256187E-03
    2      1.3832662769E-04  -2.6437838581E-04  -2.0838287128E-04   3.7586497824E-04  -4.0652649513E-04
    3      1.7483865785E-03   2.2158516673E-03  -4.8734617564E-04  -4.7480613640E-04   1.3277793985E-03
    4      8.8974033084E-04  -6.9934981368E-04  -1.0096529981E-03  -2.1825156596E-04   1.1394909383E-03
    5     -4.5627998877E-04   2.1623651088E-04   2.8754517475E-04  -1.6635695284E-03  -2.0843156677E-03
    6     -2.3512897275E-06  -9.2432957141E-04   1.2775442337E-04   7.3551352400E-04  -4.7948380011E-04
    7     -2.5667840487E-04   1.0332414993E-04   1.5756865448E-04   2.1749061301E-04   2.5773383098E-04
    8      5.2521112774E-05   4.1578200127E-04  -2.1430255834E-04   8.7657477528E-04   4.0927400597E-04
    9      8.2273226831E-03   1.1687299749E-03  -8.0662536604E-06  -6.1355682052E-04   1.8047755721E-03
   10     -1.2355772551E-02   7.5288584040E-04   1.6618466452E-03   3.1095090694E-04  -4.9564826559E-04
   11      5.1941499049E-03   2.8718365229E-04   1.3604968219E-03   6.2524275448E-04   1.4163686497E-05
   12     -3.3405447755E-02  -4.6458946701E-03  -4.6309027208E-03   2.5031266811E-03   5.6240345236E-03
   13      1.4149998166E-01  -4.2491554472E-03  -3.9345908834E-03   1.2524995670E-03  -2.6151651149E-03
   14     -1.6036903408E-01  -1.6215671931E-02  -2.8451927410E-02  -2.0120572067E-03  -3.8527668170E-03
   15      1.7957103383E-03  -5.9566498922E-02  -2.7580385862E-02  -9.2525550696E-02   8.6562798339E-03
   16     -5.0324820891E-03  -2.2120675711E-02  -6.5035487414E-02  -4.5315628547E-02   6.2047065930E-03
   17      5.1733925859E-03  -7.9951440650E-02  -4.9747744926E-02  -3.1140035934E-01   1.0845561809E-03
   18     -1.5423893944E-05   6.8804195489E-04   6.7695612070E-03  -3.8978475450E-03  -7.8002666804E-02
   19     -4.4752586626E-04  -6.1720811169E-04   7.6893074025E-03  -6.7139979421E-03  -1.0402205303E-01
   20      1.1818886959E-03  -2.6223814574E-03   2.6930536699E-02  -1.6196005467E-02  -2.7344105890E-02
   21      3.8240635422E-04   9.0599301912E-05  -1.5658075265E-04   1.2947318931E-04  -6.0990007834E-04
   22     -1.5151575838E-04  -2.6760301974E-04  -4.4091462942E-05   1.0543173182E-04   2.5930448406E-06
   23      6.7200250136E-05  -3.2937590920E-04   7.6021240325E-05   2.2314877995E-04   3.7607033498E-05
   24     -9.1217732193E-05  -1.0471493044E-04  -1.2071115229E-05   4.9707002839E-05   2.7126715089E-04
   25     -2.8187529835E-05  -4.3518375475E-05   1.0504220949E-05   2.7958977530E-06   1.4227106710E-04
   26      1.1045553951E-04  -3.6575849783E-06   2.3660313382E-05  -1.0627885806E-05   7.8721337597E-05
   27      1.0327123287E-04  -6.4106693608E-04  -2.4461823254E-05  -2.0255341987E-04   1.1044585730E-04
   28     -4.3655095116E-05  -5.8139446975E-05   6.2026537905E-05  -2.5129942886E-05  -3.1081055640E-05
   29      8.3167148390E-05   4.2542432119E-05  -1.2571984850E-04  -1.1071142520E-05   1.4563324681E-05
   30     -3.7421376231E-03   8.6358392579E-04  -4.8692049989E-03  -1.0485863237E-03  -7.2939292422E-05
   31      2.4454913829E-02  -2.4814607595E-03  -3.3173985755E-03  -3.8445930888E-04  -1.6665181873E-04
   32     -1.3152288034E-02  -1.1802241549E-05  -4.7864975327E-04   9.9905655299E-04  -2.1555005659E-04
   33      2.5119350330E-02  -1.0843453716E-03   1.5380985453E-03   2.4357080636E-04  -6.9545786593E-04
   34     -1.4738703650E-01   4.5132022103E-04   8.6387171717E-04  -3.8691975034E-04   5.0487063608E-06
   35      1.6065987718E-01   1.0043633048E-03   7.6275010347E-05   4.1779005989E-04   1.2127689534E-04
   36      1.0043633048E-03   5.8453455991E-02   2.8384380827E-02   9.6612396499E-02  -5.2285243022E-03
   37      7.6275010347E-05   2.8384380827E-02   6.4623835708E-02   4.8157698407E-02   1.5602954692E-03
   38      4.1779005989E-04   9.6612396499E-02   4.8157698407E-02   3.2786330752E-01   1.8265044056E-03
   39      1.2127689534E-04  -5.2285243022E-03   1.5602954692E-03   1.8265044056E-03   7.1284409000E-02
   40     -2.2510303860E-04   1.4116363087E-03   8.3649782453E-04  -2.4633585178E-04   1.0585606751E-01
   41      4.0531486780E-04   1.7734267072E-03  -9.3479699445E-04   6.4133918930E-04   3.0433149314E-02
   42     -3.4973510605E-04   7.5227372546E-03  -7.7391845729E-04  -2.9732456889E-03   6.9466581074E-04
   43     -1.7067598857E-04  -1.2490149684E-03  -2.8082281828E-03   3.6430735148E-03  -3.7004336847E-03
   44      4.9351812914E-04  -9.5540795766E-04   3.2600764446E-03  -7.2863404461E-04  -1.1662396551E-04
                   40                 41                 42                 43                 44        
    0      1.9466079094E-03   2.0484751986E-03  -2.2171876322E-02   2.3562279790E-03   2.6595233949E-03
    1      1.4016174203E-03   1.2582942017E-03  -7.1636650820E-04   3.0525802609E-04  -4.9854404798E-04
    2      6.5080287941E-05  -1.4581243082E-03   1.0272615940E-02  -1.5073880497E-03  -2.6847930135E-03
    3     -1.9110985802E-04  -3.8459192511E-04   2.0127486440E-03  -4.8521002423E-04  -1.3165154420E-03
    4     -1.0326606397E-03  -6.7375369954E-04   9.2027362815E-03  -4.9878171323E-04  -2.0574839531E-03
    5      7.6909848933E-04   1.8020545339E-03  -7.0340335438E-03   4.0335335156E-05   1.5587655882E-03
    6      5.8169483453E-05  -2.5066597496E-05  -3.0204033596E-04   2.4545680448E-04   3.8180745585E-04
    7      7.9817277044E-05  -3.3643391769E-04   2.0526895180E-04   1.4017544285E-04   8.2711184331E-05
    8     -2.2826105036E-05  -6.2738085973E-04   3.1713021673E-03   2.6191110184E-04   1.3052634075E-05
    9     -4.9453451425E-04  -1.6074547019E-03   3.6275730513E-03   2.1850426292E-04  -2.3101885307E-04
   10      1.2360005343E-03   7.7839832292E-04  -9.2021525526E-03  -8.0567614107E-05   1.4578731894E-03
   11     -2.7304755186E-05   3.5447962663E-05  -3.0751532416E-04  -1.4018703497E-04  -8.1670236053E-05
   12      1.4421880222E-03  -1.4175427576E-03  -1.1925025415E-02   1.8970096437E-03   1.0805993854E-03
   13     -3.1368650172E-03   4.4247506180E-03   1.6477748696E-03   1.8991196748E-03  -1.1916549134E-03
