
$orca_hessian_file

$act_atom
  0

$act_coord
  0

$act_energy
        0.000000

$multiplicity
  1

$hessian
42
                    0                  1                  2                  3                  4        
    0      7.9899082320E-01   1.2956877504E-01   6.8213670933E-03  -2.9114684582E-01  -2.0466480769E-01
    1      1.2956877504E-01   5.6292221680E-01  -3.3675395154E-01  -2.1224102206E-01  -2.9633124005E-01
    2      6.8213670933E-03  -3.3675395154E-01   3.5360258256E-01   1.2326880929E-01   1.5227701016E-01
    3     -2.9114684582E-01  -2.1224102206E-01   1.2326880929E-01   7.0856927016E-01   2.2674224732E-01
    4     -2.0466480769E-01  -2.9633124005E-01   1.5227701016E-01   2.2674224732E-01   4.9512906925E-01
    5      1.2006016715E-01   1.5182460411E-01  -1.5161050877E-01  -8.7673253484E-02  -2.1260878168E-01
    6      7.7043169906E-03  -6.6691777502E-03   5.1660718950E-03  -4.2364807194E-02   1.8721626034E-02
    7      1.2357579779E-02  -2.4693066611E-02   2.6557589142E-02   5.8995546646E-03  -1.0053827759E-01
    8     -8.6307821408E-03   2.3898299438E-02  -1.2152932672E-02  -7.8959902727E-03   5.6591083469E-02
    9     -6.1002698575E-02  -5.9327953920E-03   4.2632150269E-05  -3.3290621982E-01   6.0660571429E-03
   10     -3.5149505050E-02   1.0833464570E-02  -2.9176284805E-03  -2.3295004637E-03  -9.0813662377E-02
   11      1.3917643571E-02   1.5016030850E-03   9.9845077605E-03  -2.8182452900E-02  -4.0679258981E-03
   12      3.6859628395E-03   2.9198167171E-03  -3.0399999532E-03  -4.7919359340E-02  -3.2382544264E-02
   13      9.4038144928E-03   1.4690991109E-03  -1.0429910145E-03  -2.2184717755E-02   6.0365886398E-03
   14      6.0021338608E-03   8.9364959460E-05   1.6057538857E-03  -1.3574710387E-02   2.3281229594E-03
   15      9.8272932597E-05   3.7991149338E-04  -2.0311451604E-04  -2.1683931133E-03  -1.5313308391E-03
   16     -1.8789065924E-03   3.6409929147E-04  -3.2254233058E-04   1.1210316442E-03  -6.9255529660E-03
   17     -8.6085760925E-04   6.7403218248E-06   2.4945520001E-04  -3.5503913407E-04  -1.7350033575E-03
   18     -2.3536508417E-04  -1.9563020497E-04  -7.4700747304E-05   1.7776544229E-03   9.3110078135E-04
   19      3.5584598147E-04   8.2595902177E-05  -9.9046073988E-05  -2.0414480798E-03  -1.9694830083E-05
   20      3.9551175446E-05  -5.0413889889E-05   1.4168919497E-05  -2.5719604572E-04   4.5425852396E-04
   21     -9.7831131135E-02   8.0952813110E-02  -7.1466652343E-02   7.8919280073E-03  -1.5161227780E-02
   22      7.5274680875E-02  -2.0623681510E-01   1.4450257270E-01   9.7599535334E-03  -8.5640778344E-03
   23     -6.7467202772E-02   1.4424393080E-01  -1.4882262876E-01  -6.4238105861E-03   1.1020547854E-02
   24     -3.5880390270E-01   1.1012124018E-02  -6.1167651574E-02  -1.3475495253E-02   6.0633397142E-03
   25      1.7432458902E-02  -4.8026973653E-02   1.6931825401E-02  -1.9557785302E-02   2.5620512334E-03
   26     -6.7826719347E-02   1.5265253994E-02  -5.2657419368E-02   1.4065122409E-02  -2.1910187389E-03
   27     -8.1486836993E-04   3.3012218093E-04  -3.9038175035E-04   5.2795814053E-03  -3.1020882482E-03
   28     -1.5638580152E-03   7.1329100066E-05  -1.8143069744E-04   6.9522279523E-03  -2.4736407252E-03
   29     -4.4182932521E-04   9.7830276713E-05  -1.4790900364E-04   2.0942716989E-03  -5.4214516286E-04
   30     -5.8749101123E-05  -1.1382970304E-04   1.1557848371E-03   5.7127534238E-03  -2.3909823516E-04
   31     -1.0212304959E-03  -2.7985465848E-04   9.7807093752E-04   6.4027233497E-03   6.9789657889E-04
   32     -1.4595524877E-03  -1.8249173411E-04   1.1862326791E-04   4.4705252899E-03  -9.1276044979E-04
   33     -7.0095085578E-04   3.0531833907E-05  -8.2035495908E-05   1.1545147426E-03  -1.6187051637E-03
   34      1.7836303702E-04  -3.8194333938E-05   3.8917027472E-05   2.2507611278E-04   6.7608577465E-04
   35     -1.2920684125E-04   7.2943163084E-05  -1.3604244781E-04   1.0854219013E-04  -5.5258326208E-04
   36     -1.5422985930E-04  -3.8321107759E-05   8.0491742737E-06   6.9706944513E-04   3.5820977039E-05
   37     -4.8819860084E-05  -1.8848797429E-05   5.4394292165E-05   2.8760737357E-04   1.8317040144E-04
   38     -5.0824322685E-05   6.1571285604E-06  -6.3929477223E-05   2.0690564915E-04  -1.3197666040E-04
   39      2.6936554261E-04  -2.0023232667E-05  -2.5807942073E-05  -1.1016510691E-03   1.4274213772E-04
   40     -2.2768534815E-04  -1.1781156853E-04  -2.3296889312E-06   9.6091982411E-04   3.8128448547E-04
   41      1.3741872776E-05  -4.0329939647E-05   1.6278904398E-05   1.4531157479E-04   8.2620126219E-05
                    5                  6                  7                  8                  9        
    0      1.2006016715E-01   7.7043169906E-03   1.2357579779E-02  -8.6307821408E-03  -6.1002698575E-02
    1      1.5182460411E-01  -6.6691777502E-03  -2.4693066611E-02   2.3898299438E-02  -5.9327953920E-03
    2     -1.5161050877E-01   5.1660718950E-03   2.6557589142E-02  -1.2152932672E-02   4.2632150269E-05
    3     -8.7673253484E-02  -4.2364807194E-02   5.8995546646E-03  -7.8959902727E-03  -3.3290621982E-01
    4     -2.1260878168E-01   1.8721626034E-02  -1.0053827759E-01   5.6591083469E-02   6.0660571429E-03
    5      2.8946043698E-01  -1.6546277351E-02   5.4842443737E-02  -7.3450197618E-02  -1.0197851008E-03
    6     -1.6546277351E-02   6.4659444570E-02  -4.0484728026E-02   3.9045536036E-02  -2.7863401373E-02
    7      5.4842443737E-02  -4.0484728026E-02   1.3471004603E-01  -9.6256666349E-02   2.7625202425E-02
    8     -7.3450197618E-02   3.9045536036E-02  -9.6256666349E-02   9.0748336634E-02  -2.2468653834E-02
    9     -1.0197851008E-03  -2.7863401373E-02   2.7625202425E-02  -2.2468653834E-02   5.5172032308E-01
   10      1.3862172076E-03   2.5533859193E-02  -7.7582880308E-03   1.0201802416E-02   7.2463862337E-02
   11     -5.6412075888E-02  -2.7364645764E-02   1.5339821672E-02  -6.7220202601E-03   8.0243618459E-02
   12     -1.9459242735E-02  -3.1738184254E-04  -4.6333290545E-03   6.7875914212E-04  -9.3254094584E-02
   13     -3.7882860837E-03   4.9402180084E-03  -3.9479348418E-03   3.2863326433E-03  -4.6095204380E-02
   14     -1.0587117851E-02   9.5124318867E-04  -3.5756883537E-03   2.3485108896E-03  -2.7238847648E-02
   15     -4.8210049161E-04   4.8206807609E-04   9.4311255266E-05   1.8701255251E-04  -2.4294086639E-02
   16     -9.8684411692E-04   3.2215840962E-05   1.3180694646E-03  -2.1033185234E-04  -4.4643580236E-02
   17     -1.1404733167E-03  -3.2509754940E-04  -3.6061997861E-05  -1.0751436985E-04  -2.1846664071E-02
   18      3.9689781496E-04  -4.9943949499E-04  -1.4159059804E-04  -2.4941514058E-04  -3.8488212852E-04
   19     -2.4479609439E-04   1.9776505656E-04  -1.5851212798E-04   1.8460490933E-04   2.0069010966E-03
   20     -3.0225089027E-04   5.4616261121E-05  -2.2807364816E-04   1.6848958145E-04   4.3684430267E-04
   21      1.1447091274E-02  -2.4778038776E-04  -3.2544422636E-03   1.3914305706E-03   5.5153354830E-04
   22      1.3619071611E-02  -1.8076401130E-03   2.7520628811E-05   5.0120038212E-03   2.4275769701E-03
   23     -1.6262228400E-03   5.5665924469E-04   4.0386794594E-03   4.1812476551E-03   1.5982790051E-04
   24     -6.4991657077E-03   1.0086839538E-03   1.1341499008E-03  -7.5098597543E-05  -3.7495704855E-04
   25     -6.6119113667E-03  -2.0167341003E-04  -1.5536571035E-03  -1.8225075094E-03  -5.5905237018E-03
   26      1.7120498469E-03   8.8882937512E-04  -1.3373423059E-03  -2.6563741332E-03  -9.8674604153E-04
   27      2.7374459987E-03  -2.1958142744E-03   9.1660894654E-04  -1.8434564516E-03  -4.1211261735E-03
   28      2.3213685875E-03   3.6256978543E-04   2.2220634397E-03  -4.7050911261E-04  -1.0026751739E-02
   29      1.4989273704E-03  -1.7560415734E-03  -3.6164813476E-04  -1.4503952227E-03  -1.2860230885E-03
   30     -2.4213302196E-03  -2.0434945035E-04   4.1900021006E-04  -7.1943368946E-05   2.0372447484E-03
   31     -1.9691685579E-04  -3.5311588314E-04   1.5339860781E-04  -2.3556568131E-04   8.0162512541E-04
   32      1.5309475097E-03  -5.6447222643E-04   6.9039833169E-04  -6.4216652117E-04  -4.3519419263E-03
   33     -2.7194160270E-04  -2.3267497739E-04   2.9419240058E-04  -1.6957076130E-04  -8.0431092082E-03
   34     -3.1336121076E-05  -1.7043845132E-05  -3.9006753396E-05   1.4295622001E-05   2.6757237911E-03
   35      5.8803297635E-04  -3.9983167095E-06   8.0361395854E-05  -6.4232859162E-05  -7.8576449599E-04
   36      1.0543592207E-04  -1.5664094188E-04   5.3847031224E-05  -1.0082674959E-04  -2.3385624203E-04
   37      1.0920760569E-04  -9.4342981852E-05   9.8563665405E-05  -8.7981106622E-05  -1.0750783960E-03
   38      3.1174560902E-04   6.9034089242E-05   1.5182218913E-04  -1.8434478447E-05  -4.1779175725E-04
   39     -3.7097676466E-04   2.2777634621E-04  -2.7248303244E-04   1.9976823034E-04  -1.8306695835E-03
   40      3.5451157025E-04  -1.6840554810E-04   1.5908121725E-04  -1.0444403682E-04  -6.8140230474E-04
   41      2.6706880117E-05  -1.6822652276E-04   9.3948192575E-05  -1.8231662538E-04  -4.7748254240E-04
                   10                 11                 12                 13                 14        
    0     -3.5149505050E-02   1.3917643571E-02   3.6859628395E-03   9.4038144928E-03   6.0021338608E-03
    1      1.0833464570E-02   1.5016030850E-03   2.9198167171E-03   1.4690991109E-03   8.9364959460E-05
    2     -2.9176284805E-03   9.9845077605E-03  -3.0399999532E-03  -1.0429910145E-03   1.6057538857E-03
    3     -2.3295004637E-03  -2.8182452900E-02  -4.7919359340E-02  -2.2184717755E-02  -1.3574710387E-02
    4     -9.0813662377E-02  -4.0679258981E-03  -3.2382544264E-02   6.0365886398E-03   2.3281229594E-03
    5      1.3862172076E-03  -5.6412075888E-02  -1.9459242735E-02  -3.7882860837E-03  -1.0587117851E-02
    6      2.5533859193E-02  -2.7364645764E-02  -3.1738184254E-04   4.9402180084E-03   9.5124318867E-04
    7     -7.7582880308E-03   1.5339821672E-02  -4.6333290545E-03  -3.9479348418E-03  -3.5756883537E-03
    8      1.0201802416E-02  -6.7220202601E-03   6.7875914212E-04   3.2863326433E-03   2.3485108896E-03
    9      7.2463862337E-02   8.0243618459E-02  -9.3254094584E-02  -4.6095204380E-02  -2.7238847648E-02
   10      3.2473124977E-01   7.5634882875E-02  -2.6164245495E-02  -1.8791947533E-01  -5.6572983634E-02
   11      7.5634882875E-02   1.3880545792E-01  -1.6538330040E-02  -5.5012803076E-02  -8.7137614973E-02
   12     -2.6164245495E-02  -1.6538330040E-02   5.6254061634E-01  -3.9446834117E-02  -2.5260348140E-02
   13     -1.8791947533E-01  -5.5012803076E-02  -3.9446834117E-02   5.4968104135E-01  -3.0945021295E-02
   14     -5.6572983634E-02  -8.7137614973E-02  -2.5260348140E-02  -3.0945021295E-02   5.8242749783E-01
   15     -3.3833251449E-03  -6.9408473719E-03  -2.4050631990E-01   2.7535217996E-02  -2.3292052338E-02
   16      1.6720023632E-03  -9.5420292222E-03   4.5052222888E-02  -9.9426821671E-02   9.4496105759E-04
   17     -6.6445184527E-04  -2.0593507837E-03  -1.6483303067E-02  -2.3918748927E-03  -8.4056870889E-02
   18      1.8138651151E-03   7.3791624215E-04  -1.6660140314E-02   3.2732048043E-02   7.5581078689E-03
   19     -6.2702476796E-04  -1.9289423293E-04   9.3864337450E-03  -1.0930830343E-03  -1.2704571722E-03
   20     -9.6261440139E-05   3.9584044339E-04  -1.4733551972E-03   3.6889517322E-03   8.4295645679E-03
   21      8.5831329593E-04   7.0516339419E-04   8.5566240194E-05  -1.9438897795E-04  -1.1730042147E-04
   22     -3.5303742084E-04  -4.6733865084E-03  -8.4957145207E-04  -7.6509764191E-04  -3.3047247186E-05
   23     -3.7945388874E-03  -4.2527375638E-03  -4.6309411593E-04  -3.6381857492E-04   3.2074715100E-04
   24     -3.6556140813E-03  -5.5520114316E-04  -2.7648463465E-04   3.9412689004E-04   9.8235100255E-04
   25      1.0325033431E-03   6.5412496698E-03   9.8576116465E-04   1.5263774806E-03   7.2028741891E-04
   26      6.3827476785E-03   7.5203811283E-03   1.8136430018E-03   6.3882196420E-04  -1.4153839967E-04
   27     -2.0758068077E-02   5.7268492782E-03  -5.5154729586E-02   3.0487468526E-02  -2.3077900187E-02
   28     -3.4961277664E-02   7.6084339803E-03   2.3237560790E-02  -2.0762515686E-01   1.2842895644E-01
   29     -1.8465748811E-02   1.2141631261E-02  -1.9188011285E-02   1.3475934827E-01  -1.6231207684E-01
   30     -1.2205969413E-02  -2.0874179497E-02  -1.0576888283E-01   2.4233787583E-02   1.0853666029E-01
   31     -1.8406118856E-02  -3.4549158096E-02   1.9664219050E-02  -5.9303149381E-02  -3.8153341644E-02
   32     -1.2852567219E-02  -1.2706210591E-02   1.0137992274E-01  -4.1673672052E-02  -2.5562426935E-01
   33      1.5142801420E-03  -1.1624987151E-03  -8.0465997712E-03  -2.3908164179E-02  -1.1392075121E-02
   34      6.9436287835E-04   5.9206897475E-04   4.2767009825E-03   5.3425908733E-03   2.2659377985E-03
   35      4.4670110401E-04   8.9925692170E-04  -3.8062652879E-04  -3.7599316941E-03   3.5244107470E-04
   36      1.5623683994E-04   6.8224452373E-05   1.7111714227E-03   2.2700147246E-03  -1.6039213806E-03
   37      9.8114678569E-04   1.7881604610E-04   7.8244457571E-04  -2.8385291430E-03  -6.1946569980E-03
   38      2.8456816446E-04   8.1632246765E-05  -2.1727125687E-03  -5.8669793452E-03   1.1067376004E-02
   39      1.2841980634E-03   2.1551772968E-04  -1.1932404369E-04  -1.8116673610E-04   1.5370819175E-03
   40      8.9415473217E-04   6.3415079809E-04  -2.8148556495E-03  -1.1364495478E-03   1.9945480458E-03
   41      1.0344308063E-03  -5.3869761878E-04   5.7627624116E-04   2.4449410876E-03  -6.6924030945E-03
                   15                 16                 17                 18                 19        
    0      9.8272932597E-05  -1.8789065924E-03  -8.6085760925E-04  -2.3536508417E-04   3.5584598147E-04
    1      3.7991149338E-04   3.6409929147E-04   6.7403218248E-06  -1.9563020497E-04   8.2595902177E-05
    2     -2.0311451604E-04  -3.2254233058E-04   2.4945520001E-04  -7.4700747304E-05  -9.9046073988E-05
    3     -2.1683931133E-03   1.1210316442E-03  -3.5503913407E-04   1.7776544229E-03  -2.0414480798E-03
    4     -1.5313308391E-03  -6.9255529660E-03  -1.7350033575E-03   9.3110078135E-04  -1.9694830083E-05
    5     -4.8210049161E-04  -9.8684411692E-04  -1.1404733167E-03   3.9689781496E-04  -2.4479609439E-04
    6      4.8206807609E-04   3.2215840962E-05  -3.2509754940E-04  -4.9943949499E-04   1.9776505656E-04
    7      9.4311255266E-05   1.3180694646E-03  -3.6061997861E-05  -1.4159059804E-04  -1.5851212798E-04
    8      1.8701255251E-04  -2.1033185234E-04  -1.0751436985E-04  -2.4941514058E-04   1.8460490933E-04
    9     -2.4294086639E-02  -4.4643580236E-02  -2.1846664071E-02  -3.8488212852E-04   2.0069010966E-03
   10     -3.3833251449E-03   1.6720023632E-03  -6.6445184527E-04   1.8138651151E-03  -6.2702476796E-04
   11     -6.9408473719E-03  -9.5420292222E-03  -2.0593507837E-03   7.3791624215E-04  -1.9289423293E-04
   12     -2.4050631990E-01   4.5052222888E-02  -1.6483303067E-02  -1.6660140314E-02   9.3864337450E-03
   13      2.7535217996E-02  -9.9426821671E-02  -2.3918748927E-03   3.2732048043E-02  -1.0930830343E-03
   14     -2.3292052338E-02   9.4496105759E-04  -8.4056870889E-02   7.5581078689E-03  -1.2704571722E-03
   15      6.3980281892E-01  -1.2948626846E-01   5.1742056664E-02  -2.1732385834E-01   1.9267654921E-01
   16     -1.2948626846E-01   8.1722657608E-01   2.2770566886E-01   1.9576202972E-01  -4.7242201605E-01
   17      5.1742056664E-02   2.2770566886E-01   2.4922888456E-01   4.1290116614E-02  -1.2070694574E-01
   18     -2.1732385834E-01   1.9576202972E-01   4.1290116614E-02   7.1396705474E-01  -1.2908094946E-01
   19      1.9267654921E-01  -4.7242201605E-01  -1.2070694574E-01  -1.2908094946E-01   7.7934327602E-01
   20      4.0293757135E-02  -1.2045818853E-01  -9.1122464215E-02   7.4273244856E-02   2.2962226965E-01
   21      7.1750181971E-05   9.1046520115E-05   2.8942997029E-05  -1.1577555110E-05  -4.8369555255E-06
   22     -7.3356740807E-05  -7.7806690559E-05  -1.0735914464E-04   6.4251110900E-05   1.1398924070E-05
   23     -7.9795439273E-05  -1.9247034955E-04  -1.0214894848E-04   3.5642540700E-05   7.2372449130E-05
   24     -3.9546090604E-05  -2.6674191611E-04  -7.5510986457E-05  -1.1795635925E-06   9.8967010701E-06
   25     -2.3380164234E-05  -3.7775982657E-06  -5.2568515721E-05  -2.4665440132E-05  -5.7095556381E-06
   26      6.1458775706E-05   4.6605959007E-04   1.5996743436E-04  -1.1684439688E-05  -3.1105382177E-05
   27     -4.6631880293E-03   2.8731609716E-02  -2.0384320881E-02  -3.5860356086E-03  -9.7683804022E-04
   28      4.0266646462E-03  -3.5814009200E-03   4.0885809466E-03   8.9774259544E-06   1.2598477250E-03
   29      3.9193272682E-04   8.1445241260E-04   5.0753910812E-04  -1.1636300730E-04  -6.0165362662E-04
   30     -1.4295978676E-02   8.8528498511E-03   2.9205471430E-02  -3.4330076335E-03  -1.0233578949E-03
   31      6.5804490814E-03  -1.2265551795E-03  -6.5899750631E-03   3.8734790413E-04   7.3231704275E-04
   32     -2.1663513359E-03   2.1589744127E-03   8.0125437216E-03  -1.0307967936E-03   8.9477450617E-04
   33     -1.4052220225E-01  -1.1411690405E-01  -6.4575011309E-02   1.1938746238E-02   1.4849847013E-02
   34     -1.1217596885E-01  -2.1927750970E-01  -9.1691748548E-02  -1.6371784062E-02  -1.7729552986E-02
   35     -6.3677623480E-02  -9.1863059899E-02  -8.7995134964E-02  -5.2728915580E-03  -6.4104755462E-03
   36     -9.9695363293E-03  -1.4828880286E-03  -3.3591306968E-03  -3.4851393737E-01   3.1899377235E-02
   37      3.0769029247E-02  -7.3077966610E-04   4.5872184518E-03   2.6694931403E-02  -5.8422935037E-02
   38      8.8939452942E-03  -1.8606526915E-03   4.8755000090E-03  -5.3809136463E-02  -2.3887952957E-03
   39      1.3328199256E-02   1.2240353217E-02   5.9936187977E-03  -1.3703403231E-01  -1.1823289282E-01
   40     -1.5396572848E-02  -1.6908526758E-02  -1.2417714663E-02  -1.1260222452E-01  -2.3095090723E-01
   41     -4.7235493744E-03  -6.6485021545E-03   3.5500674500E-03  -6.3725935450E-02  -9.8818399671E-02
                   20                 21                 22                 23                 24        
    0      3.9551175446E-05  -9.7831131135E-02   7.5274680875E-02  -6.7467202772E-02  -3.5880390270E-01
    1     -5.0413889889E-05   8.0952813110E-02  -2.0623681510E-01   1.4424393080E-01   1.1012124018E-02
    2      1.4168919497E-05  -7.1466652343E-02   1.4450257270E-01  -1.4882262876E-01  -6.1167651574E-02
    3     -2.5719604572E-04   7.8919280073E-03   9.7599535334E-03  -6.4238105861E-03  -1.3475495253E-02
    4      4.5425852396E-04  -1.5161227780E-02  -8.5640778344E-03   1.1020547854E-02   6.0633397142E-03
    5     -3.0225089027E-04   1.1447091274E-02   1.3619071611E-02  -1.6262228400E-03  -6.4991657077E-03
    6      5.4616261121E-05  -2.4778038776E-04  -1.8076401130E-03   5.5665924469E-04   1.0086839538E-03
    7     -2.2807364816E-04  -3.2544422636E-03   2.7520628811E-05   4.0386794594E-03   1.1341499008E-03
    8      1.6848958145E-04   1.3914305706E-03   5.0120038212E-03   4.1812476551E-03  -7.5098597543E-05
    9      4.3684430267E-04   5.5153354830E-04   2.4275769701E-03   1.5982790051E-04  -3.7495704855E-04
   10     -9.6261440139E-05   8.5831329593E-04  -3.5303742084E-04  -3.7945388874E-03  -3.6556140813E-03
   11      3.9584044339E-04   7.0516339419E-04  -4.6733865084E-03  -4.2527375638E-03  -5.5520114316E-04
   12     -1.4733551972E-03   8.5566240194E-05  -8.4957145207E-04  -4.6309411593E-04  -2.7648463465E-04
   13      3.6889517322E-03  -1.9438897795E-04  -7.6509764191E-04  -3.6381857492E-04   3.9412689004E-04
   14      8.4295645679E-03  -1.1730042147E-04  -3.3047247186E-05   3.2074715100E-04   9.8235100255E-04
   15      4.0293757135E-02   7.1750181971E-05  -7.3356740807E-05  -7.9795439273E-05  -3.9546090604E-05
   16     -1.2045818853E-01   9.1046520115E-05  -7.7806690559E-05  -1.9247034955E-04  -2.6674191611E-04
   17     -9.1122464215E-02   2.8942997029E-05  -1.0735914464E-04  -1.0214894848E-04  -7.5510986457E-05
   18      7.4273244856E-02  -1.1577555110E-05   6.4251110900E-05   3.5642540700E-05  -1.1795635925E-06
   19      2.2962226965E-01  -4.8369555255E-06   1.1398924070E-05   7.2372449130E-05   9.8967010701E-06
   20      2.1571618501E-01  -7.9061741826E-05  -1.2329006467E-05   1.7381695534E-05   6.1593378649E-06
   21     -7.9061741826E-05   9.1702277095E-02  -8.2527732525E-02   7.2881720337E-02  -2.2966721994E-03
   22     -1.2329006467E-05  -8.2527732525E-02   2.1256609924E-01  -1.5660730840E-01  -2.2339491849E-03
   23      1.7381695534E-05   7.2881720337E-02  -1.5660730840E-01   1.5005038781E-01   9.6947153607E-04
   24      6.1593378649E-06  -2.2966721994E-03  -2.2339491849E-03   9.6947153607E-04   3.7448404765E-01
   25     -3.3089386063E-05   1.9176824447E-02   3.3418803235E-03   1.7586635125E-03  -1.2320857343E-02
   26     -7.5234268186E-06  -1.4900750859E-02  -1.8250267888E-03   2.6899165746E-04   6.6596234800E-02
   27     -6.9755038444E-04   6.0198651841E-05   9.8250188116E-05  -9.1097405836E-05  -1.6265013722E-04
   28      4.5819868730E-04   4.7003589411E-05   1.2663781941E-04  -1.1695229814E-04  -1.6629687584E-04
   29     -1.3755375146E-04   2.6893240338E-05  -1.5798642912E-05  -8.7843028225E-05  -1.0963984927E-04
   30     -1.5202785285E-03   5.4189147075E-05  -8.5691436841E-05  -9.3491367007E-05  -5.7750377277E-06
   31      3.2786912843E-04  -2.6457332621E-05  -1.1844560032E-04  -8.8526358363E-05   4.2406791254E-06
   32      5.3149680873E-05  -2.2473828918E-05   9.6132175752E-05   3.1215323346E-05  -4.7985462635E-05
   33      6.6943294717E-03   2.8852625757E-05  -1.0942409211E-05  -5.6972978501E-05  -6.8225649728E-05
   34     -1.2824090880E-02   2.5528577498E-06  -9.1625356540E-07  -1.0726942446E-06   3.1861498484E-05
   35      3.5043548737E-03   1.8749413018E-05   1.4555758144E-05   5.4606456896E-06  -2.2328583235E-05
   36     -5.1912781905E-02   7.6000222664E-06   1.2059337604E-05  -5.0202474333E-06  -9.5182355675E-06
   37     -3.3717083438E-03   2.5107579459E-05   2.1394667810E-06  -1.7591740301E-05   1.3138706225E-06
   38     -4.7464416618E-02   1.3011326842E-05   1.7057244134E-05   2.0051887416E-06   4.6408543260E-07
   39     -6.5859281075E-02  -6.6734242259E-05  -2.5279017191E-05   7.0418127665E-05   2.1674943094E-05
   40     -9.7486845271E-02  -7.1847003984E-06   4.0520136111E-05   3.2828154547E-05  -7.8104152696E-06
   41     -8.9264925872E-02   7.9981866166E-05   2.8119503096E-05   1.4144012040E-05   2.5396510232E-06
                   25                 26                 27                 28                 29        
    0      1.7432458902E-02  -6.7826719347E-02  -8.1486836993E-04  -1.5638580152E-03  -4.4182932521E-04
    1     -4.8026973653E-02   1.5265253994E-02   3.3012218093E-04   7.1329100066E-05   9.7830276713E-05
    2      1.6931825401E-02  -5.2657419368E-02  -3.9038175035E-04  -1.8143069744E-04  -1.4790900364E-04
    3     -1.9557785302E-02   1.4065122409E-02   5.2795814053E-03   6.9522279523E-03   2.0942716989E-03
    4      2.5620512334E-03  -2.1910187389E-03  -3.1020882482E-03  -2.4736407252E-03  -5.4214516286E-04
    5     -6.6119113667E-03   1.7120498469E-03   2.7374459987E-03   2.3213685875E-03   1.4989273704E-03
    6     -2.0167341003E-04   8.8882937512E-04  -2.1958142744E-03   3.6256978543E-04  -1.7560415734E-03
    7     -1.5536571035E-03  -1.3373423059E-03   9.1660894654E-04   2.2220634397E-03  -3.6164813476E-04
    8     -1.8225075094E-03  -2.6563741332E-03  -1.8434564516E-03  -4.7050911261E-04  -1.4503952227E-03
    9     -5.5905237018E-03  -9.8674604153E-04  -4.1211261735E-03  -1.0026751739E-02  -1.2860230885E-03
   10      1.0325033431E-03   6.3827476785E-03  -2.0758068077E-02  -3.4961277664E-02  -1.8465748811E-02
   11      6.5412496698E-03   7.5203811283E-03   5.7268492782E-03   7.6084339803E-03   1.2141631261E-02
   12      9.8576116465E-04   1.8136430018E-03  -5.5154729586E-02   2.3237560790E-02  -1.9188011285E-02
   13      1.5263774806E-03   6.3882196420E-04   3.0487468526E-02  -2.0762515686E-01   1.3475934827E-01
   14      7.2028741891E-04  -1.4153839967E-04  -2.3077900187E-02   1.2842895644E-01  -1.6231207684E-01
   15     -2.3380164234E-05   6.1458775706E-05  -4.6631880293E-03   4.0266646462E-03   3.9193272682E-04
   16     -3.7775982657E-06   4.6605959007E-04   2.8731609716E-02  -3.5814009200E-03   8.1445241260E-04
   17     -5.2568515721E-05   1.5996743436E-04  -2.0384320881E-02   4.0885809466E-03   5.0753910812E-04
   18     -2.4665440132E-05  -1.1684439688E-05  -3.5860356086E-03   8.9774259544E-06  -1.1636300730E-04
   19     -5.7095556381E-06  -3.1105382177E-05  -9.7683804022E-04   1.2598477250E-03  -6.0165362662E-04
   20     -3.3089386063E-05  -7.5234268186E-06  -6.9755038444E-04   4.5819868730E-04  -1.3755375146E-04
   21      1.9176824447E-02  -1.4900750859E-02   6.0198651841E-05   4.7003589411E-05   2.6893240338E-05
   22      3.3418803235E-03  -1.8250267888E-03   9.8250188116E-05   1.2663781941E-04  -1.5798642912E-05
   23      1.7586635125E-03   2.6899165746E-04  -9.1097405836E-05  -1.1695229814E-04  -8.7843028225E-05
   24     -1.2320857343E-02   6.6596234800E-02  -1.6265013722E-04  -1.6629687584E-04  -1.0963984927E-04
   25      4.1431819819E-02  -1.7281258980E-02  -1.0668221857E-05  -1.2205576166E-04   4.8007864901E-05
   26     -1.7281258980E-02   4.5992934927E-02   1.8869507650E-05   3.3573796403E-05  -6.9127283574E-06
   27     -1.0668221857E-05   1.8869507650E-05   6.1790281827E-02  -2.3408785466E-02   2.5390961246E-02
   28     -1.2205576166E-04   3.3573796403E-05  -2.3408785466E-02   2.3781586637E-01  -1.3809022575E-01
   29      4.8007864901E-05  -6.9127283574E-06   2.5390961246E-02  -1.3809022575E-01   1.6610113145E-01
   30      1.4214417189E-04   1.3404935534E-04   3.4526962221E-03   1.8047703701E-04  -4.4453763574E-03
   31     -1.2578626883E-04  -1.4339908308E-05  -1.1419668756E-02   7.0986279970E-03   2.2274673873E-02
   32     -2.0129066694E-04  -1.6778497021E-04   1.0678396453E-02  -3.9926421870E-03  -1.6304969725E-02
   33     -1.1076364959E-05   1.3043667975E-04   6.2439637560E-04   6.1882876025E-04  -5.0962110144E-04
   34     -1.7757761126E-06  -5.0125704006E-05  -1.1021930491E-03   2.7526129711E-04   7.3180067019E-05
   35     -2.3199270008E-05   1.2268992693E-05   5.2754194862E-04  -1.5578789615E-04   7.3224924384E-05
   36     -1.0663972134E-05  -2.2572307437E-06  -8.1665263868E-04   1.5920280514E-04   1.1078317165E-05
   37     -6.2164240305E-06  -2.3080025964E-05  -2.3573355918E-04   4.4140945594E-05   6.2134033980E-05
   38     -8.1104688731E-06  -1.0792041898E-05   2.5191793335E-03  -3.6474412246E-04   2.9267829806E-05
   39      1.4321777710E-05   1.4875505828E-05   3.0791033555E-04  -4.1806720773E-04  -7.0220003342E-05
   40     -4.8680058387E-05  -3.2169908020E-05   4.4023037315E-04  -1.5024275855E-04  -6.3875023367E-05
   41      3.2913015941E-05  -1.8248917825E-05  -1.1065483444E-03   4.4464798131E-04   9.5938351925E-05
                   30                 31                 32                 33                 34        
    0     -5.8749101123E-05  -1.0212304959E-03  -1.4595524877E-03  -7.0095085578E-04   1.7836303702E-04
    1     -1.1382970304E-04  -2.7985465848E-04  -1.8249173411E-04   3.0531833907E-05  -3.8194333938E-05
    2      1.1557848371E-03   9.7807093752E-04   1.1862326791E-04  -8.2035495908E-05   3.8917027472E-05
    3      5.7127534238E-03   6.4027233497E-03   4.4705252899E-03   1.1545147426E-03   2.2507611278E-04
    4     -2.3909823516E-04   6.9789657889E-04  -9.1276044979E-04  -1.6187051637E-03   6.7608577465E-04
    5     -2.4213302196E-03  -1.9691685579E-04   1.5309475097E-03  -2.7194160270E-04  -3.1336121076E-05
    6     -2.0434945035E-04  -3.5311588314E-04  -5.6447222643E-04  -2.3267497739E-04  -1.7043845132E-05
    7      4.1900021006E-04   1.5339860781E-04   6.9039833169E-04   2.9419240058E-04  -3.9006753396E-05
    8     -7.1943368946E-05  -2.3556568131E-04  -6.4216652117E-04  -1.6957076130E-04   1.4295622001E-05
    9      2.0372447484E-03   8.0162512541E-04  -4.3519419263E-03  -8.0431092082E-03   2.6757237911E-03
   10     -1.2205969413E-02  -1.8406118856E-02  -1.2852567219E-02   1.5142801420E-03   6.9436287835E-04
   11     -2.0874179497E-02  -3.4549158096E-02  -1.2706210591E-02  -1.1624987151E-03   5.9206897475E-04
   12     -1.0576888283E-01   1.9664219050E-02   1.0137992274E-01  -8.0465997712E-03   4.2767009825E-03
   13      2.4233787583E-02  -5.9303149381E-02  -4.1673672052E-02  -2.3908164179E-02   5.3425908733E-03
   14      1.0853666029E-01  -3.8153341644E-02  -2.5562426935E-01  -1.1392075121E-02   2.2659377985E-03
   15     -1.4295978676E-02   6.5804490814E-03  -2.1663513359E-03  -1.4052220225E-01  -1.1217596885E-01
   16      8.8528498511E-03  -1.2265551795E-03   2.1589744127E-03  -1.1411690405E-01  -2.1927750970E-01
   17      2.9205471430E-02  -6.5899750631E-03   8.0125437216E-03  -6.4575011309E-02  -9.1691748548E-02
   18     -3.4330076335E-03   3.8734790413E-04  -1.0307967936E-03   1.1938746238E-02  -1.6371784062E-02
   19     -1.0233578949E-03   7.3231704275E-04   8.9477450617E-04   1.4849847013E-02  -1.7729552986E-02
   20     -1.5202785285E-03   3.2786912843E-04   5.3149680873E-05   6.6943294717E-03  -1.2824090880E-02
   21      5.4189147075E-05  -2.6457332621E-05  -2.2473828918E-05   2.8852625757E-05   2.5528577498E-06
   22     -8.5691436841E-05  -1.1844560032E-04   9.6132175752E-05  -1.0942409211E-05  -9.1625356540E-07
   23     -9.3491367007E-05  -8.8526358363E-05   3.1215323346E-05  -5.6972978501E-05  -1.0726942446E-06
   24     -5.7750377277E-06   4.2406791254E-06  -4.7985462635E-05  -6.8225649728E-05   3.1861498484E-05
   25      1.4214417189E-04  -1.2578626883E-04  -2.0129066694E-04  -1.1076364959E-05  -1.7757761126E-06
   26      1.3404935534E-04  -1.4339908308E-05  -1.6778497021E-04   1.3043667975E-04  -5.0125704006E-05
   27      3.4526962221E-03  -1.1419668756E-02   1.0678396453E-02   6.2439637560E-04  -1.1021930491E-03
   28      1.8047703701E-04   7.0986279970E-03  -3.9926421870E-03   6.1882876025E-04   2.7526129711E-04
   29     -4.4453763574E-03   2.2274673873E-02  -1.6304969725E-02  -5.0962110144E-04   7.3180067019E-05
   30      1.1197748542E-01  -2.0816178872E-02  -1.0771658108E-01   5.4237427604E-04  -4.7641530138E-04
   31     -2.0816178872E-02   7.0675774295E-02   5.5976084142E-02  -4.7964226452E-05   2.0174276579E-04
   32     -1.0771658108E-01   5.5976084142E-02   2.7594955272E-01   9.6037438677E-04  -3.0414137711E-04
   33      5.4237427604E-04  -4.7964226452E-05   9.6037438677E-04   1.4312293010E-01   1.1958096684E-01
   34     -4.7641530138E-04   2.0174276579E-04  -3.0414137711E-04   1.1958096684E-01   2.3156287665E-01
   35     -9.2539246030E-04   3.3855720347E-04   1.2856630219E-04   6.9963752714E-02   1.0313083004E-01
   36      1.3356679573E-04  -3.3770974655E-06   4.6944528650E-05   7.8655067056E-04  -4.8642030438E-04
   37      1.5556671033E-03  -3.4173015221E-04   3.2634400378E-04  -7.8058882958E-04   9.1501485711E-05
   38     -2.0918495839E-03   5.6176867289E-04  -5.1610275106E-04   1.6411877843E-03   3.2169587673E-03
   39     -1.4356730385E-04  -1.5531595446E-04  -1.6579616204E-04  -5.8460231786E-04   3.6642652360E-03
   40     -4.2068167314E-04   2.4188280967E-04  -2.3018650594E-05   3.6000132980E-03  -1.7574659165E-03
   41      1.1182444616E-03  -6.2932358569E-04   1.3690539007E-04  -1.1739304756E-03  -4.4305233504E-03
                   35                 36                 37                 38                 39        
    0     -1.2920684125E-04  -1.5422985930E-04  -4.8819860084E-05  -5.0824322685E-05   2.6936554261E-04
    1      7.2943163084E-05  -3.8321107759E-05  -1.8848797429E-05   6.1571285604E-06  -2.0023232667E-05
    2     -1.3604244781E-04   8.0491742737E-06   5.4394292165E-05  -6.3929477223E-05  -2.5807942073E-05
    3      1.0854219013E-04   6.9706944513E-04   2.8760737357E-04   2.0690564915E-04  -1.1016510691E-03
    4     -5.5258326208E-04   3.5820977039E-05   1.8317040144E-04  -1.3197666040E-04   1.4274213772E-04
    5      5.8803297635E-04   1.0543592207E-04   1.0920760569E-04   3.1174560902E-04  -3.7097676466E-04
    6     -3.9983167095E-06  -1.5664094188E-04  -9.4342981852E-05   6.9034089242E-05   2.2777634621E-04
    7      8.0361395854E-05   5.3847031224E-05   9.8563665405E-05   1.5182218913E-04  -2.7248303244E-04
    8     -6.4232859162E-05  -1.0082674959E-04  -8.7981106622E-05  -1.8434478447E-05   1.9976823034E-04
    9     -7.8576449599E-04  -2.3385624203E-04  -1.0750783960E-03  -4.1779175725E-04  -1.8306695835E-03
   10      4.4670110401E-04   1.5623683994E-04   9.8114678569E-04   2.8456816446E-04   1.2841980634E-03
   11      8.9925692170E-04   6.8224452373E-05   1.7881604610E-04   8.1632246765E-05   2.1551772968E-04
   12     -3.8062652879E-04   1.7111714227E-03   7.8244457571E-04  -2.1727125687E-03  -1.1932404369E-04
   13     -3.7599316941E-03   2.2700147246E-03  -2.8385291430E-03  -5.8669793452E-03  -1.8116673610E-04
   14      3.5244107470E-04  -1.6039213806E-03  -6.1946569980E-03   1.1067376004E-02   1.5370819175E-03
   15     -6.3677623480E-02  -9.9695363293E-03   3.0769029247E-02   8.8939452942E-03   1.3328199256E-02
   16     -9.1863059899E-02  -1.4828880286E-03  -7.3077966610E-04  -1.8606526915E-03   1.2240353217E-02
   17     -8.7995134964E-02  -3.3591306968E-03   4.5872184518E-03   4.8755000090E-03   5.9936187977E-03
   18     -5.2728915580E-03  -3.4851393737E-01   2.6694931403E-02  -5.3809136463E-02  -1.3703403231E-01
   19     -6.4104755462E-03   3.1899377235E-02  -5.8422935037E-02  -2.3887952957E-03  -1.1823289282E-01
   20      3.5043548737E-03  -5.1912781905E-02  -3.3717083438E-03  -4.7464416618E-02  -6.5859281075E-02
   21      1.8749413018E-05   7.6000222664E-06   2.5107579459E-05   1.3011326842E-05  -6.6734242259E-05
   22      1.4555758144E-05   1.2059337604E-05   2.1394667810E-06   1.7057244134E-05  -2.5279017191E-05
   23      5.4606456896E-06  -5.0202474333E-06  -1.7591740301E-05   2.0051887416E-06   7.0418127665E-05
   24     -2.2328583235E-05  -9.5182355675E-06   1.3138706225E-06   4.6408543260E-07   2.1674943094E-05
   25     -2.3199270008E-05  -1.0663972134E-05  -6.2164240305E-06  -8.1104688731E-06   1.4321777710E-05
   26      1.2268992693E-05  -2.2572307437E-06  -2.3080025964E-05  -1.0792041898E-05   1.4875505828E-05
   27      5.2754194862E-04  -8.1665263868E-04  -2.3573355918E-04   2.5191793335E-03   3.0791033555E-04
   28     -1.5578789615E-04   1.5920280514E-04   4.4140945594E-05  -3.6474412246E-04  -4.1806720773E-04
   29      7.3224924384E-05   1.1078317165E-05   6.2134033980E-05   2.9267829806E-05  -7.0220003342E-05
   30     -9.2539246030E-04   1.3356679573E-04   1.5556671033E-03  -2.0918495839E-03  -1.4356730385E-04
   31      3.3855720347E-04  -3.3770974655E-06  -3.4173015221E-04   5.6176867289E-04  -1.5531595446E-04
   32      1.2856630219E-04   4.6944528650E-05   3.2634400378E-04  -5.1610275106E-04  -1.6579616204E-04
   33      6.9963752714E-02   7.8655067056E-04  -7.8058882958E-04   1.6411877843E-03  -5.8460231786E-04
   34      1.0313083004E-01  -4.8642030438E-04   9.1501485711E-05   3.2169587673E-03   3.6642652360E-03
   35      7.9786308996E-02   1.7410795564E-03   3.1718465928E-03  -7.0267588363E-03  -1.1582570327E-03
   36      1.7410795564E-03   3.6454074892E-01  -3.7016443432E-02   5.5407962103E-02  -8.0223356621E-03
   37      3.1718465928E-03  -3.7016443432E-02   5.4671273356E-02   3.9708871103E-03  -2.0866707463E-02
   38     -7.0267588363E-03   5.5407962103E-02   3.9708871103E-03   3.7494676203E-02  -1.0208902456E-02
   39     -1.1582570327E-03  -8.0223356621E-03  -2.0866707463E-02  -1.0208902456E-02   1.3474799010E-01
   40     -4.4899073050E-03   4.4531683598E-03   6.2871031133E-03   2.4119991419E-03   1.2284927309E-01
   41      9.8722534000E-03  -4.0530835738E-04  -2.7657897566E-03   1.2382311117E-03   6.9836423263E-02
                   40                 41        
     0     -2.2768534815E-04   1.3741872776E-05
     1     -1.1781156853E-04  -4.0329939647E-05
     2     -2.3296889312E-06   1.6278904398E-05
     3      9.6091982411E-04   1.4531157479E-04
     4      3.8128448547E-04   8.2620126219E-05
     5      3.5451157025E-04   2.6706880117E-05
     6     -1.6840554810E-04  -1.6822652276E-04
     7      1.5908121725E-04   9.3948192575E-05
     8     -1.0444403682E-04  -1.8231662538E-04
     9     -6.8140230474E-04  -4.7748254240E-04
    10      8.9415473217E-04   1.0344308063E-03
    11      6.3415079809E-04  -5.3869761878E-04
    12     -2.8148556495E-03   5.7627624116E-04
    13     -1.1364495478E-03   2.4449410876E-03
    14      1.9945480458E-03  -6.6924030945E-03
    15     -1.5396572848E-02  -4.7235493744E-03
    16     -1.6908526758E-02  -6.6485021545E-03
    17     -1.2417714663E-02   3.5500674500E-03
    18     -1.1260222452E-01  -6.3725935450E-02
    19     -2.3095090723E-01  -9.8818399671E-02
    20     -9.7486845271E-02  -8.9264925872E-02
    21     -7.1847003984E-06   7.9981866166E-05
    22      4.0520136111E-05   2.8119503096E-05
    23      3.2828154547E-05   1.4144012040E-05
    24     -7.8104152696E-06   2.5396510232E-06
    25     -4.8680058387E-05   3.2913015941E-05
    26     -3.2169908020E-05  -1.8248917825E-05
    27      4.4023037315E-04  -1.1065483444E-03
    28     -1.5024275855E-04   4.4464798131E-04
    29     -6.3875023367E-05   9.5938351925E-05
    30     -4.2068167314E-04   1.1182444616E-03
    31      2.4188280967E-04  -6.2932358569E-04
    32     -2.3018650594E-05   1.3690539007E-04
    33      3.6000132980E-03  -1.1739304756E-03
    34     -1.7574659165E-03  -4.4305233504E-03
    35     -4.4899073050E-03   9.8722534000E-03
    36      4.4531683598E-03  -4.0530835738E-04
    37      6.2871031133E-03  -2.7657897566E-03
    38      2.4119991419E-03   1.2382311117E-03
    39      1.2284927309E-01   6.9836423263E-02
    40      2.4306605734E-01   1.0918175729E-01
    41      1.0918175729E-01   8.1746066628E-02

$vibrational_frequencies
42
    0        0.0000000000000000
    1        0.0000000000000000
    2        0.0000000000000000
    3        0.0000000000000000
    4        0.0000000000000000
    5        0.0000000000000000
    6       31.2757977849927364
    7       88.0454621725391604
    8      162.1278875589848383
    9      185.2701153163843628
   10      243.2583206601189829
   11      399.4556495876350368
   12      463.1136723948459917
   13      577.7006944034629896
   14      584.8057167137641272
   15      611.3025995711462883
   16      691.5812853976257202
   17      749.7809665433373993
   18      891.3415980052569694
   19      955.0847964246496531
   20      977.8915324986683117
   21      981.5550669351819124
   22     1034.3530811412961157
   23     1063.6412093306369115
   24     1080.6405962637850280
   25     1176.4996339610761424
   26     1243.4895096213847410
   27     1306.2847942500832232
   28     1346.0620784387065214
   29     1430.8645993973175337
   30     1457.4564638949630080
   31     1478.2597704670961321
   32     1530.9554082213378479
   33     1771.9463511249366547
   34     1780.7500450848326636
   35     3091.6504559232139400
   36     3154.0550333739361122
   37     3221.8644450939286799
   38     3237.9988263869490766
   39     3249.7058659947306296
   40     3327.6099208391015054
   41     3365.1955832876587920

$normal_modes
42 42
                    0                  1                  2                  3                  4        
    0      0.0000000000E+00   0.0000000000E+00   0.0000000000E+00   0.0000000000E+00   0.0000000000E+00
    1      0.0000000000E+00   0.0000000000E+00   0.0000000000E+00   0.0000000000E+00   0.0000000000E+00
    2      0.0000000000E+00   0.0000000000E+00   0.0000000000E+00   0.0000000000E+00   0.0000000000E+00
    3      0.0000000000E+00   0.0000000000E+00   0.0000000000E+00   0.0000000000E+00   0.0000000000E+00
    4      0.0000000000E+00   0.0000000000E+00   0.0000000000E+00   0.0000000000E+00   0.0000000000E+00
