
$orca_hessian_file

$act_atom
  0

$act_coord
  0

$act_energy
        0.000000

$multiplicity
  1

$hessian
42
                    0                  1                  2                  3                  4        
    0      1.1038713167E-01  -1.8862303168E-02   1.6534718726E-01  -6.3681468946E-02   1.5435243460E-02
    1     -1.8862303168E-02   7.7728830431E-01  -6.2487336230E-05   8.6249641632E-02  -3.6549610262E-01
    2      1.6534718726E-01  -6.2487336230E-05   6.5679048789E-01  -3.7542430322E-02   9.4115000395E-02
    3     -6.3681468946E-02   8.6249641632E-02  -3.7542430322E-02   2.5819776361E-01  -1.6681169363E-03
    4      1.5435243460E-02  -3.6549610262E-01   9.4115000395E-02  -1.6681169363E-03   7.9703113277E-01
    5     -5.2739980224E-02   1.0000689103E-01  -1.1410317565E-01   1.0702569748E-01   4.0454497448E-02
    6     -1.7948833433E-03   4.4898430402E-03  -1.6763333218E-02  -3.7086803346E-02   1.3384145542E-02
    7      1.0861214656E-02  -3.4931240378E-03   2.8569081124E-02   7.1772147035E-03  -4.5413826304E-02
    8     -1.3276982480E-02   6.6978808529E-03  -3.0179335013E-02  -2.4237665500E-02   4.2740067956E-02
    9      5.6075749104E-02  -2.3447722098E-02   9.5727519895E-04  -9.0672145251E-02  -9.1153287905E-03
   10      4.6557074934E-02  -8.9314472819E-02  -3.1810573233E-02  -5.3045680846E-02  -3.4021989659E-01
   11      2.1983659003E-02  -2.2860818239E-02   1.3363460991E-02  -3.6014927143E-02  -1.7056730493E-01
   12     -6.7287883130E-02   4.0246942183E-02  -4.3435876973E-04  -2.4480201666E-02  -1.4367562175E-01
   13      1.4831225217E-02  -5.4316130813E-03  -1.2653915844E-03  -1.7440517266E-02   4.3822650534E-03
   14     -4.8009050588E-03   1.7331044474E-03  -1.0866154374E-03  -1.1100289996E-02  -9.4802305124E-03
   15     -2.6351597064E-03  -6.8863445486E-03  -4.0117926659E-03  -1.5819669235E-02   1.5482627786E-02
   16     -7.5590148482E-02   2.4865251592E-02  -1.8444503683E-03  -3.3386396564E-03  -9.2493895968E-02
   17     -1.5734249479E-02   8.9937980245E-03   1.6030936352E-03  -2.1207786721E-03  -1.8403832576E-02
   18      6.8742294414E-02  -2.2363730823E-02  -9.8744936003E-04  -2.4461531173E-02   8.5852790252E-02
   19      5.3094588240E-02  -3.2251158731E-02  -4.5710794101E-04  -8.4812245104E-03   5.6434145926E-02
   20      1.0141330356E-02  -6.1438490327E-03  -1.9012862067E-02  -3.4377699707E-04   1.6710739603E-02
   21     -3.0527724041E-02   4.6525981139E-03  -5.6444037739E-02  -1.8017250220E-03   1.3840433078E-02
   22      1.1257226132E-02  -6.6903707977E-02   4.6953326925E-02   3.0605774947E-03  -1.2997493221E-03
   23     -6.5175815793E-02   5.4981521856E-02  -3.4640802006E-01  -2.9959268114E-04  -5.8119265843E-03
   24     -5.1250044541E-02  -6.8949203617E-02  -5.6092013824E-02   1.1947729111E-03   1.3910724325E-02
   25     -5.5350788262E-02  -2.4077652960E-01  -1.3572443963E-01  -1.2728464112E-02  -1.3662930538E-02
   26     -5.3209995903E-02  -1.4057107669E-01  -1.6014465108E-01   4.3579991263E-03   6.1216812518E-03
   27      4.4136886447E-03  -3.6120730804E-03  -7.4301034105E-04   1.7576623145E-03   1.0108702712E-02
   28      1.2639048028E-03  -1.0467655031E-03  -2.3567539215E-04  -1.0514561186E-03   2.9505524598E-03
   29     -3.0090748642E-04   2.0876613201E-04  -8.2572623135E-05  -5.6099727866E-04  -1.1755243452E-03
   30      4.1335934177E-04  -5.6961650790E-04  -4.8206458922E-04  -3.6159894445E-03   4.8459247109E-04
   31      5.9620840399E-04   7.9552041465E-05  -1.6700296977E-04  -1.2578310764E-03   6.0878417796E-04
   32     -5.1004251928E-04   4.2536492602E-04   2.3677310407E-04   1.1443426976E-03  -3.0693505099E-04
   33      9.4178258726E-04  -3.8319396641E-04  -3.8884816364E-04   9.4566878528E-04   1.2666674954E-03
   34      7.5409411177E-05   3.0891701252E-04   7.8890885326E-05   5.3108851927E-05  -5.7663731606E-04
   35     -1.7760917958E-04   2.5671608363E-04  -3.5574215500E-05   2.0072048751E-04  -5.2819434418E-04
   36     -1.0023104451E-02   6.6980154718E-03  -1.2992965490E-03   1.4965943178E-03  -4.6896171570E-03
   37     -3.0379860124E-03   2.1965256162E-03   2.7602679459E-05   5.6607738633E-04  -1.6858147204E-03
   38      5.1652170429E-03  -3.1296743474E-03   6.0325739584E-04   8.8097766075E-05   3.3857590133E-03
   39     -1.3773737601E-02   2.7354364943E-03   8.8838827193E-03  -1.9729278521E-03  -1.0631843611E-02
   40     -1.1291584590E-03  -2.5076212048E-05   1.8303673443E-03   1.9199115812E-03  -5.5802700887E-04
   41      3.2893848176E-03  -5.4327860693E-04  -1.5442668669E-03  -5.9977722789E-04   2.7863174807E-03
                    5                  6                  7                  8                  9        
    0     -5.2739980224E-02  -1.7948833433E-03   1.0861214656E-02  -1.3276982480E-02   5.6075749104E-02
    1      1.0000689103E-01   4.4898430402E-03  -3.4931240378E-03   6.6978808529E-03  -2.3447722098E-02
    2     -1.1410317565E-01  -1.6763333218E-02   2.8569081124E-02  -3.0179335013E-02   9.5727519895E-04
    3      1.0702569748E-01  -3.7086803346E-02   7.1772147035E-03  -2.4237665500E-02  -9.0672145251E-02
    4      4.0454497448E-02   1.3384145542E-02  -4.5413826304E-02   4.2740067956E-02  -9.1153287905E-03
    5      3.7577069498E-01  -1.4471421110E-02   1.7312439890E-02  -8.1208111404E-02  -2.3900905923E-02
    6     -1.4471421110E-02   3.4167120907E-02  -9.1497222407E-03   5.8845834237E-02  -2.7047383786E-03
    7      1.7312439890E-02  -9.1497222407E-03   4.5135584722E-02  -2.0699256161E-02  -1.2592363865E-02
    8     -8.1208111404E-02   5.8845834237E-02  -2.0699256161E-02   1.6764777452E-01  -2.4136411260E-02
    9     -2.3900905923E-02  -2.7047383786E-03  -1.2592363865E-02  -2.4136411260E-02   7.1023940986E-02
   10     -1.5794436200E-01  -1.4110761592E-02   5.1581291480E-03  -3.5325135274E-02   1.6166604318E-02
   11     -1.8156450991E-01  -2.3962943424E-02  -2.7823583821E-02  -5.5677714235E-02   2.6047076328E-02
   12     -4.6999363339E-02   3.9591936759E-03   4.0311446876E-03   6.0802944945E-03   9.5190140655E-02
   13      2.4399268293E-03   4.8307737303E-05  -5.2402710810E-04   3.5059227694E-03  -9.6419549700E-03
   14      3.1213960156E-03  -8.9662381131E-04  -5.6637757222E-04  -2.3124845361E-03   1.5850776475E-02
   15      5.9819610606E-03   1.0554686319E-03  -1.6693658009E-04  -3.2548886423E-03  -4.7966322670E-02
   16     -1.8440989305E-02   9.0119001841E-04   2.7741445438E-03  -2.4848159079E-03   8.4302232747E-02
   17     -2.1096913262E-03  -4.4672343285E-04   4.0488348912E-04   1.9157883538E-03   1.8935550116E-02
   18      1.2344246787E-02   1.9121066405E-03  -3.2199959149E-03   4.4609905935E-03  -4.8255421816E-02
   19      5.7497784919E-03   2.1172884675E-03  -1.8838047489E-03   2.6817224532E-03  -3.8345151225E-02
   20      4.7342593822E-03  -1.5162255993E-03   3.0033223638E-04  -2.7334112747E-03  -1.9492366700E-02
   21     -9.9243317944E-03   3.2368284339E-03   2.3406217548E-03  -3.1951106685E-03  -8.9390066624E-03
   22      2.7279402502E-02   2.1733380738E-03  -2.8618802533E-03   3.4928117596E-03   4.1886597908E-04
   23     -5.8488035149E-03  -1.3729468464E-03   1.2513532039E-03   8.3423808677E-04   2.6674266751E-03
   24      8.5990663187E-03  -1.8888659826E-03   3.8027843729E-04   1.2272361120E-03   4.6328601804E-03
   25     -2.0221499918E-02   3.7392599377E-04   8.6903809633E-04   3.6908709021E-04   2.5010079263E-03
   26      4.4161076502E-03   4.8772884339E-04   1.5742159939E-03  -9.0029765076E-04  -1.8454432150E-03
   27      7.6346787760E-03  -4.3822864590E-04   2.9274643273E-04  -1.1826061801E-03  -2.4460312151E-02
   28      3.9213963945E-03   2.8769009609E-04   2.7683876228E-05  -4.3285427229E-04  -8.6378128117E-03
   29     -3.7409453445E-05   3.7775307396E-04   2.1999827369E-04   6.0276036886E-04   3.6170296110E-03
   30      2.3077589141E-03   4.9447594008E-05  -4.8441388149E-05   3.2141799351E-05  -1.0178662028E-02
   31      1.4973098907E-03   1.9058311688E-04   9.3012314744E-05   2.1434113020E-05  -2.7436649600E-03
   32     -1.3824367578E-03  -2.1602029612E-04  -1.0395404244E-04   3.2289284074E-04   3.7061006100E-03
   33     -4.6840514490E-04  -5.8252913204E-04  -1.0395998373E-05  -3.9332549259E-05  -6.5119499181E-04
   34     -2.5451462056E-04  -1.3219163350E-04   8.1154562033E-05  -8.4245255549E-06   1.4587448504E-05
   35     -1.6735476871E-04   7.4361176249E-05  -4.1192483793E-05   2.1044454276E-04   3.4915222298E-04
   36      4.5495794658E-04  -6.6169657564E-04   1.4017462565E-04  -5.5968143892E-04   2.1553500259E-03
   37     -4.5568765768E-04  -2.5545421286E-04   1.2631133392E-04  -3.9067695605E-04   4.8063854146E-04
   38     -1.3236096390E-03  -4.5240806415E-04  -9.6885253912E-06   6.3889590460E-04  -2.1583776885E-03
   39      4.1594185055E-03   7.7757952160E-04  -3.5135288891E-05  -7.6270332750E-04   4.7497629954E-03
   40     -1.3847037881E-03  -3.1858642898E-04  -8.8396145117E-05  -1.6630965186E-04   6.3472914583E-04
   41     -2.9735560745E-04   3.1185328041E-04  -3.8970585094E-04   8.3855949460E-04  -6.1518866330E-04
                   10                 11                 12                 13                 14        
    0      4.6557074934E-02   2.1983659003E-02  -6.7287883130E-02   1.4831225217E-02  -4.8009050588E-03
    1     -8.9314472819E-02  -2.2860818239E-02   4.0246942183E-02  -5.4316130813E-03   1.7331044474E-03
    2     -3.1810573233E-02   1.3363460991E-02  -4.3435876973E-04  -1.2653915844E-03  -1.0866154374E-03
    3     -5.3045680846E-02  -3.6014927143E-02  -2.4480201666E-02  -1.7440517266E-02  -1.1100289996E-02
    4     -3.4021989659E-01  -1.7056730493E-01  -1.4367562175E-01   4.3822650534E-03  -9.4802305124E-03
    5     -1.5794436200E-01  -1.8156450991E-01  -4.6999363339E-02   2.4399268293E-03   3.1213960156E-03
    6     -1.4110761592E-02  -2.3962943424E-02   3.9591936759E-03   4.8307737303E-05  -8.9662381131E-04
    7      5.1581291480E-03  -2.7823583821E-02   4.0311446876E-03  -5.2402710810E-04  -5.6637757222E-04
    8     -3.5325135274E-02  -5.5677714235E-02   6.0802944945E-03   3.5059227694E-03  -2.3124845361E-03
    9      1.6166604318E-02   2.6047076328E-02   9.5190140655E-02  -9.6419549700E-03   1.5850776475E-02
   10      4.5008105823E-01   2.2534753644E-01   9.8717539139E-02  -4.0524540251E-02  -1.5982703992E-03
   11      2.2534753644E-01   2.4496656862E-01   3.8087849779E-02  -1.2415339986E-02  -2.9973457855E-02
   12      9.8717539139E-02   3.8087849779E-02   1.0035305640E-01  -1.1679080230E-01   9.9713646385E-02
   13     -4.0524540251E-02  -1.2415339986E-02  -1.1679080230E-01   7.0794349009E-01   3.4022346819E-02
   14     -1.5982703992E-03  -2.9973457855E-02   9.9713646385E-02   3.4022346819E-02   6.7578389124E-01
   15     -9.7912485144E-03  -5.0218284469E-03  -1.0342215079E-01   1.2650597185E-01  -4.8064373986E-02
   16      6.5858642084E-02   2.1576619249E-02   4.4002539503E-02  -2.9635641748E-01   5.0486448061E-02
   17      6.4685937292E-03   5.2555849855E-03  -6.4642867276E-02   6.3725845819E-02  -1.3061710115E-01
   18     -5.1181458265E-02  -1.9961598633E-02   6.4047594776E-02  -2.5703156873E-03   1.4932434116E-02
   19     -4.0443872369E-02  -1.4248433456E-02   5.2010663303E-02  -5.1260198282E-02  -1.8258531036E-02
   20     -1.3375843751E-02  -3.5609164350E-03   2.5580775134E-02  -4.7651408109E-03   1.1805444892E-02
   21     -7.7968241902E-03  -1.4171869061E-03   7.4855463879E-03  -2.3403139537E-03   5.2337615845E-04
   22      1.9982837945E-03  -1.7905518628E-03  -2.7666182756E-04  -1.7765356953E-04   2.6345624557E-04
   23      4.4917757279E-04   1.5382816368E-03  -2.0490900194E-03   9.9521547445E-04  -8.2996067410E-05
   24     -1.7011758671E-04  -3.9581590535E-03   1.2117493332E-03   7.1527810644E-04  -8.2998281240E-04
   25     -6.1692725465E-03   1.6342379966E-03   8.4475857119E-04   4.8447734813E-04  -2.2941299504E-04
   26      4.0900211014E-03   3.1282231071E-03  -1.3907095126E-03   1.1497577693E-05   2.6364794391E-04
   27     -1.6535573971E-02   1.3147959734E-02  -2.9804877718E-02   8.7339637750E-03  -3.8518708962E-02
   28     -4.8886047280E-03   3.4770845616E-03   1.9340728487E-02  -7.9609070045E-02   6.8377410261E-02
   29      1.3922655841E-03  -3.5599351165E-04  -3.9714105183E-02   7.1686998149E-02  -3.3604384430E-01
   30     -1.6911280444E-02  -1.1040955892E-02  -3.8786582499E-02  -5.9155108668E-03  -1.0487777998E-02
   31     -4.1292997258E-03  -3.0495004098E-03  -2.5121747966E-03  -2.3457147453E-01  -1.4948756608E-01
   32      5.4474971669E-03   3.6190920781E-03  -1.5183453910E-02  -1.5391626819E-01  -1.8759595962E-01
   33     -1.3535430702E-03  -6.3172548743E-05  -1.2687566692E-04   2.4571533347E-03  -1.4073341577E-02
   34      3.4075917995E-04  -3.9856499096E-04   7.8029177521E-03  -3.0269216204E-03   2.9828002665E-02
   35      5.6490858356E-04   4.1899501313E-04  -6.3402771687E-04  -1.0028355008E-03  -3.3420661510E-03
   36      2.8096282585E-03   9.6464556674E-04   2.9971032885E-03   2.3777850323E-04  -3.8796446899E-03
   37      1.6220401571E-03   8.0182017676E-04  -1.2320252344E-03  -3.2204209371E-03  -4.7804374597E-03
   38     -2.1864905228E-03  -6.6770276768E-04  -2.4160660602E-04  -3.8212592642E-03  -1.0564632856E-03
   39      6.6509744453E-03   1.2278878495E-03  -1.1335813049E-02   1.1908647783E-03   1.6325120842E-03
   40      6.3104643257E-04   3.4347840338E-04  -2.5310759664E-03   1.8921044112E-03  -2.9462968660E-04
   41     -1.5460041421E-03  -4.8991171157E-04   1.8259202134E-03   7.8316913192E-04   1.1366083076E-03
                   15                 16                 17                 18                 19        
    0     -2.6351597064E-03  -7.5590148482E-02  -1.5734249479E-02   6.8742294414E-02   5.3094588240E-02
    1     -6.8863445486E-03   2.4865251592E-02   8.9937980245E-03  -2.2363730823E-02  -3.2251158731E-02
    2     -4.0117926659E-03  -1.8444503683E-03   1.6030936352E-03  -9.8744936003E-04  -4.5710794101E-04
    3     -1.5819669235E-02  -3.3386396564E-03  -2.1207786721E-03  -2.4461531173E-02  -8.4812245104E-03
    4      1.5482627786E-02  -9.2493895968E-02  -1.8403832576E-02   8.5852790252E-02   5.6434145926E-02
    5      5.9819610606E-03  -1.8440989305E-02  -2.1096913262E-03   1.2344246787E-02   5.7497784919E-03
    6      1.0554686319E-03   9.0119001841E-04  -4.4672343285E-04   1.9121066405E-03   2.1172884675E-03
    7     -1.6693658009E-04   2.7741445438E-03   4.0488348912E-04  -3.2199959149E-03  -1.8838047489E-03
    8     -3.2548886423E-03  -2.4848159079E-03   1.9157883538E-03   4.4609905935E-03   2.6817224532E-03
    9     -4.7966322670E-02   8.4302232747E-02   1.8935550116E-02  -4.8255421816E-02  -3.8345151225E-02
   10     -9.7912485144E-03   6.5858642084E-02   6.4685937292E-03  -5.1181458265E-02  -4.0443872369E-02
   11     -5.0218284469E-03   2.1576619249E-02   5.2555849855E-03  -1.9961598633E-02  -1.4248433456E-02
   12     -1.0342215079E-01   4.4002539503E-02  -6.4642867276E-02   6.4047594776E-02   5.2010663303E-02
   13      1.2650597185E-01  -2.9635641748E-01   6.3725845819E-02  -2.5703156873E-03  -5.1260198282E-02
   14     -4.8064373986E-02   5.0486448061E-02  -1.3061710115E-01   1.4932434116E-02  -1.8258531036E-02
   15      2.9002521162E-01  -1.2070009875E-01   1.9281743511E-01  -6.8636156097E-02  -2.8057605560E-02
   16     -1.2070009875E-01   6.5902268414E-01   6.8754188549E-02   3.3539220983E-02  -2.8017678089E-01
   17      1.9281743511E-01   6.8754188549E-02   6.7394833134E-01  -3.4430715357E-02  -1.6156345450E-01
   18     -6.8636156097E-02   3.3539220983E-02  -3.4430715357E-02   1.4584068682E-01  -1.5123691712E-01
   19     -2.8057605560E-02  -2.8017678089E-01  -1.6156345450E-01  -1.5123691712E-01   7.0348795820E-01
   20     -4.7042871837E-02  -1.4935680318E-01  -2.3660038762E-01   1.2962406015E-01   7.4911165716E-02
   21     -5.4567759640E-04   7.1820957123E-03   2.8567315468E-03  -1.0317834503E-02  -8.2927400383E-03
   22     -8.1834764366E-04  -3.5132163585E-04   9.2417125319E-04  -1.1189217194E-03  -7.4147716302E-04
   23     -8.2062639934E-04  -2.5255657454E-03   9.5501448048E-04   1.1676305660E-03   1.1688174141E-03
   24     -1.8644613018E-03   4.7597792623E-04   1.4280918586E-03  -2.2720453002E-03  -5.6791419129E-03
   25     -5.3847684261E-04  -2.4429222733E-05   3.8766537539E-04   4.0393197329E-04  -8.7891692955E-05
   26      5.7081802267E-04  -7.3098115757E-04  -6.0571227071E-04   1.6698488807E-03   2.5537322833E-03
   27     -1.5400588754E-03   1.3798669511E-02  -1.6831067108E-02  -7.4642842233E-03  -5.9283516508E-03
   28      2.2515341486E-03   1.3630184137E-03   2.6383667590E-02  -1.9702250611E-03   1.6962379157E-04
   29     -1.0001788050E-03  -1.2658652607E-03  -2.2187270646E-03   6.9484188829E-04  -4.4888838664E-04
   30      7.2004520096E-03   1.5063456434E-02   1.2765119181E-02   1.1658079349E-03   4.4853737671E-03
   31     -3.9486271811E-03  -1.2217541337E-02  -1.7841758452E-02   3.6272353870E-03  -3.8194807357E-03
   32      6.0624836058E-04   8.0176168424E-03   8.1077458495E-03  -9.1348324022E-04   1.2794471728E-03
   33     -6.6019203529E-02   1.8901170761E-02  -8.5210251763E-02   9.0130513467E-04   3.5958415673E-04
   34      2.0159146328E-02  -6.3137391500E-02   3.8339027002E-02  -7.7928349059E-03   6.1697249947E-03
   35     -9.5149611747E-02   3.5928885626E-02  -3.1598755519E-01  -4.3726008487E-03   5.1126810867E-03
   36      8.4832087482E-03  -9.8839741634E-03   1.3781646504E-03  -8.1314338936E-02   1.1389844228E-01
   37      1.1865144360E-02  -1.6066275330E-02   1.0326094965E-02   1.0418587821E-01  -2.9133935506E-01
   38      8.5035042905E-03  -1.5056144525E-02   8.8603832314E-03  -3.8547907077E-02   6.7665614399E-02
   39      1.6845187924E-03  -8.6722833577E-03  -1.0773894595E-02  -3.9888183670E-02   2.0077073575E-02
   40     -5.3381480490E-03   6.9403125871E-03  -2.6912272340E-02   1.3823460926E-02  -6.4257433238E-02
   41     -4.1043390989E-03   6.9552391978E-03  -1.2506767252E-02  -6.5686468365E-02   3.3868159286E-02
                   20                 21                 22                 23                 24        
    0      1.0141330356E-02  -3.0527724041E-02   1.1257226132E-02  -6.5175815793E-02  -5.1250044541E-02
    1     -6.1438490327E-03   4.6525981139E-03  -6.6903707977E-02   5.4981521856E-02  -6.8949203617E-02
    2     -1.9012862067E-02  -5.6444037739E-02   4.6953326925E-02  -3.4640802006E-01  -5.6092013824E-02
    3     -3.4377699707E-04  -1.8017250220E-03   3.0605774947E-03  -2.9959268114E-04   1.1947729111E-03
    4      1.6710739603E-02   1.3840433078E-02  -1.2997493221E-03  -5.8119265843E-03   1.3910724325E-02
    5      4.7342593822E-03  -9.9243317944E-03   2.7279402502E-02  -5.8488035149E-03   8.5990663187E-03
    6     -1.5162255993E-03   3.2368284339E-03   2.1733380738E-03  -1.3729468464E-03  -1.8888659826E-03
    7      3.0033223638E-04   2.3406217548E-03  -2.8618802533E-03   1.2513532039E-03   3.8027843729E-04
    8     -2.7334112747E-03  -3.1951106685E-03   3.4928117596E-03   8.3423808677E-04   1.2272361120E-03
    9     -1.9492366700E-02  -8.9390066624E-03   4.1886597908E-04   2.6674266751E-03   4.6328601804E-03
   10     -1.3375843751E-02  -7.7968241902E-03   1.9982837945E-03   4.4917757279E-04  -1.7011758671E-04
   11     -3.5609164350E-03  -1.4171869061E-03  -1.7905518628E-03   1.5382816368E-03  -3.9581590535E-03
   12      2.5580775134E-02   7.4855463879E-03  -2.7666182756E-04  -2.0490900194E-03   1.2117493332E-03
   13     -4.7651408109E-03  -2.3403139537E-03  -1.7765356953E-04   9.9521547445E-04   7.1527810644E-04
   14      1.1805444892E-02   5.2337615845E-04   2.6345624557E-04  -8.2996067410E-05  -8.2998281240E-04
   15     -4.7042871837E-02  -5.4567759640E-04  -8.1834764366E-04  -8.2062639934E-04  -1.8644613018E-03
   16     -1.4935680318E-01   7.1820957123E-03  -3.5132163585E-04  -2.5255657454E-03   4.7597792623E-04
   17     -2.3660038762E-01   2.8567315468E-03   9.2417125319E-04   9.5501448048E-04   1.4280918586E-03
   18      1.2962406015E-01  -1.0317834503E-02  -1.1189217194E-03   1.1676305660E-03  -2.2720453002E-03
   19      7.4911165716E-02  -8.2927400383E-03  -7.4147716302E-04   1.1688174141E-03  -5.6791419129E-03
   20      6.7661764555E-01   7.3830058015E-03   8.7315993969E-04  -1.2990874498E-03  -4.3803392321E-03
   21      7.3830058015E-03   4.2998139471E-02  -1.1720380797E-02   6.6118153355E-02  -4.2178353016E-04
   22      8.7315993969E-04  -1.1720380797E-02   6.1957310494E-02  -5.6169312822E-02  -3.1990402997E-03
   23     -1.2990874498E-03   6.6118153355E-02  -5.6169312822E-02   3.5830521615E-01  -8.9074097061E-04
   24     -4.3803392321E-03  -4.2178353016E-04  -3.1990402997E-03  -8.9074097061E-04   4.9502469085E-02
   25     -4.6648554217E-04   2.5532680747E-03   8.4085737471E-03   5.8351486794E-03   6.2234742395E-02
   26      1.6048345561E-03  -5.5039502282E-03  -2.1410499190E-02  -8.2135372464E-03   5.5364624615E-02
   27     -8.8907698069E-04  -7.6981406817E-04   2.6277917677E-05   1.4610283514E-04   6.4373560317E-05
   28      4.7115019011E-04  -1.7233298948E-04   3.0771724245E-05   8.8095524102E-06   4.7144636908E-05
   29      1.3222738837E-03  -9.7886174169E-06  -2.2103376889E-05  -3.1986508928E-05  -2.6145935342E-05
   30     -3.3292680273E-03  -1.8128757755E-04   2.8387381721E-05   8.0155114015E-05   2.1737711207E-06
   31      1.4880541451E-03  -1.0633969215E-04  -2.3334933783E-05  -1.2289505158E-05   6.3091828782E-05
   32      5.9472132795E-04   1.1753007916E-04  -2.9392976195E-06  -1.5432208256E-05  -4.5693325563E-05
   33     -3.1658168266E-03  -1.5783727462E-04  -1.0216912148E-04   2.5400741734E-04  -1.0142482947E-04
   34     -2.8223178149E-02  -2.3526064927E-04   5.0117825640E-05   1.3210964919E-04   1.2562078803E-04
   35     -1.4904395369E-02  -2.8622445039E-04  -1.2037168182E-04   2.3264314108E-05   9.3666194706E-05
   36     -3.4842272477E-02   8.8580581710E-04   3.3250562475E-04   7.8119093340E-05   3.4650333535E-04
   37      6.7398315587E-02   3.0359699135E-04   9.4769894420E-05  -2.0552239878E-04   2.7837301392E-04
   38     -7.8782213239E-02  -2.0483853305E-04  -2.8565535675E-04   1.3011749197E-04  -5.5991764458E-04
   39     -5.7720986869E-02  -9.4362983391E-04  -5.8680085783E-05   8.9118277686E-05   8.4372330888E-04
   40      4.0163680072E-02  -2.1139852422E-04  -1.8070262613E-04  -9.4820202572E-05  -2.2823625042E-04
   41     -3.3978590614E-01  -5.2286267018E-06   1.2388819059E-05   1.1373089990E-04   7.4436526850E-05
                   25                 26                 27                 28                 29        
    0     -5.5350788262E-02  -5.3209995903E-02   4.4136886447E-03   1.2639048028E-03  -3.0090748642E-04
    1     -2.4077652960E-01  -1.4057107669E-01  -3.6120730804E-03  -1.0467655031E-03   2.0876613201E-04
    2     -1.3572443963E-01  -1.6014465108E-01  -7.4301034105E-04  -2.3567539215E-04  -8.2572623135E-05
    3     -1.2728464112E-02   4.3579991263E-03   1.7576623145E-03  -1.0514561186E-03  -5.6099727866E-04
    4     -1.3662930538E-02   6.1216812518E-03   1.0108702712E-02   2.9505524598E-03  -1.1755243452E-03
    5     -2.0221499918E-02   4.4161076502E-03   7.6346787760E-03   3.9213963945E-03  -3.7409453445E-05
    6      3.7392599377E-04   4.8772884339E-04  -4.3822864590E-04   2.8769009609E-04   3.7775307396E-04
    7      8.6903809633E-04   1.5742159939E-03   2.9274643273E-04   2.7683876228E-05   2.1999827369E-04
    8      3.6908709021E-04  -9.0029765076E-04  -1.1826061801E-03  -4.3285427229E-04   6.0276036886E-04
    9      2.5010079263E-03  -1.8454432150E-03  -2.4460312151E-02  -8.6378128117E-03   3.6170296110E-03
   10     -6.1692725465E-03   4.0900211014E-03  -1.6535573971E-02  -4.8886047280E-03   1.3922655841E-03
   11      1.6342379966E-03   3.1282231071E-03   1.3147959734E-02   3.4770845616E-03  -3.5599351165E-04
   12      8.4475857119E-04  -1.3907095126E-03  -2.9804877718E-02   1.9340728487E-02  -3.9714105183E-02
   13      4.8447734813E-04   1.1497577693E-05   8.7339637750E-03  -7.9609070045E-02   7.1686998149E-02
   14     -2.2941299504E-04   2.6364794391E-04  -3.8518708962E-02   6.8377410261E-02  -3.3604384430E-01
   15     -5.3847684261E-04   5.7081802267E-04  -1.5400588754E-03   2.2515341486E-03  -1.0001788050E-03
   16     -2.4429222733E-05  -7.3098115757E-04   1.3798669511E-02   1.3630184137E-03  -1.2658652607E-03
   17      3.8766537539E-04  -6.0571227071E-04  -1.6831067108E-02   2.6383667590E-02  -2.2187270646E-03
   18      4.0393197329E-04   1.6698488807E-03  -7.4642842233E-03  -1.9702250611E-03   6.9484188829E-04
   19     -8.7891692955E-05   2.5537322833E-03  -5.9283516508E-03   1.6962379157E-04  -4.4888838664E-04
   20     -4.6648554217E-04   1.6048345561E-03  -8.8907698069E-04   4.7115019011E-04   1.3222738837E-03
   21      2.5532680747E-03  -5.5039502282E-03  -7.6981406817E-04  -1.7233298948E-04  -9.7886174169E-06
   22      8.4085737471E-03  -2.1410499190E-02   2.6277917677E-05   3.0771724245E-05  -2.2103376889E-05
   23      5.8351486794E-03  -8.2135372464E-03   1.4610283514E-04   8.8095524102E-06  -3.1986508928E-05
   24      6.2234742395E-02   5.5364624615E-02   6.4373560317E-05   4.7144636908E-05  -2.6145935342E-05
   25      2.5105719100E-01   1.4827470759E-01  -5.8216116374E-05  -2.5621808162E-05  -3.5556280343E-05
   26      1.4827470759E-01   1.6022789431E-01   9.9358809101E-05   2.6506049257E-05  -9.6547080655E-06
   27     -5.8216116374E-05   9.9358809101E-05   5.0910719061E-02  -1.2924677406E-02   3.9622504661E-02
   28     -2.5621808162E-05   2.6506049257E-05  -1.2924677406E-02   7.4862590256E-02  -7.8509518711E-02
   29     -3.5556280343E-05  -9.6547080655E-06   3.9622504661E-02  -7.8509518711E-02   3.4707382132E-01
   30      5.3190995290E-06   3.5039458028E-06   2.4703701165E-03  -1.7184574782E-03  -2.5513811227E-03
   31     -6.4898621210E-07   1.1097758444E-06   1.5803946060E-03   9.6814695597E-03   7.1018641338E-03
   32      2.3825238084E-05  -1.0213338663E-05  -1.3260261386E-03  -2.2687147606E-02  -1.1637090501E-02
   33     -4.1722296216E-05   1.4742473951E-04   3.5030069427E-03   2.7176185366E-03  -4.1352238113E-04
   34     -1.6663106649E-05   1.8167793913E-05   4.5512657808E-03  -3.3517113760E-03   3.4581269843E-04
   35     -3.9470967040E-06   8.1515501792E-05  -1.8093907539E-03   2.7943955864E-04   1.1787331821E-03
   36     -7.4405353610E-05  -4.1929554159E-04  -9.5481251829E-05   3.3141521225E-04  -3.2527887847E-04
   37      7.4103844970E-05  -8.6716259012E-05  -1.1693855031E-04   2.1920889182E-04  -1.0474109236E-04
   38      4.5746709729E-05   8.0796326893E-05  -2.1953815189E-06  -5.1059273667E-04   1.9721370977E-04
   39     -1.3037284194E-04  -3.3604140900E-04   1.4532362937E-03   2.3400487681E-04   5.8407407548E-04
   40     -1.2939654166E-04   1.2444578685E-04   8.4731109236E-05  -3.8314551229E-04   5.8795905582E-04
   41      1.1411086700E-04   8.1046903358E-05   6.5757940949E-04  -5.5114201261E-04   4.2476204567E-05
                   30                 31                 32                 33                 34        
    0      4.1335934177E-04   5.9620840399E-04  -5.1004251928E-04   9.4178258726E-04   7.5409411177E-05
    1     -5.6961650790E-04   7.9552041465E-05   4.2536492602E-04  -3.8319396641E-04   3.0891701252E-04
    2     -4.8206458922E-04  -1.6700296977E-04   2.3677310407E-04  -3.8884816364E-04   7.8890885326E-05
    3     -3.6159894445E-03  -1.2578310764E-03   1.1443426976E-03   9.4566878528E-04   5.3108851927E-05
    4      4.8459247109E-04   6.0878417796E-04  -3.0693505099E-04   1.2666674954E-03  -5.7663731606E-04
    5      2.3077589141E-03   1.4973098907E-03  -1.3824367578E-03  -4.6840514490E-04  -2.5451462056E-04
    6      4.9447594008E-05   1.9058311688E-04  -2.1602029612E-04  -5.8252913204E-04  -1.3219163350E-04
    7     -4.8441388149E-05   9.3012314744E-05  -1.0395404244E-04  -1.0395998373E-05   8.1154562033E-05
    8      3.2141799351E-05   2.1434113020E-05   3.2289284074E-04  -3.9332549259E-05  -8.4245255549E-06
    9     -1.0178662028E-02  -2.7436649600E-03   3.7061006100E-03  -6.5119499181E-04   1.4587448504E-05
   10     -1.6911280444E-02  -4.1292997258E-03   5.4474971669E-03  -1.3535430702E-03   3.4075917995E-04
   11     -1.1040955892E-02  -3.0495004098E-03   3.6190920781E-03  -6.3172548743E-05  -3.9856499096E-04
   12     -3.8786582499E-02  -2.5121747966E-03  -1.5183453910E-02  -1.2687566692E-04   7.8029177521E-03
   13     -5.9155108668E-03  -2.3457147453E-01  -1.5391626819E-01   2.4571533347E-03  -3.0269216204E-03
   14     -1.0487777998E-02  -1.4948756608E-01  -1.8759595962E-01  -1.4073341577E-02   2.9828002665E-02
   15      7.2004520096E-03  -3.9486271811E-03   6.0624836058E-04  -6.6019203529E-02   2.0159146328E-02
   16      1.5063456434E-02  -1.2217541337E-02   8.0176168424E-03   1.8901170761E-02  -6.3137391500E-02
   17      1.2765119181E-02  -1.7841758452E-02   8.1077458495E-03  -8.5210251763E-02   3.8339027002E-02
   18      1.1658079349E-03   3.6272353870E-03  -9.1348324022E-04   9.0130513467E-04  -7.7928349059E-03
   19      4.4853737671E-03  -3.8194807357E-03   1.2794471728E-03   3.5958415673E-04   6.1697249947E-03
   20     -3.3292680273E-03   1.4880541451E-03   5.9472132795E-04  -3.1658168266E-03  -2.8223178149E-02
   21     -1.8128757755E-04  -1.0633969215E-04   1.1753007916E-04  -1.5783727462E-04  -2.3526064927E-04
   22      2.8387381721E-05  -2.3334933783E-05  -2.9392976195E-06  -1.0216912148E-04   5.0117825640E-05
   23      8.0155114015E-05  -1.2289505158E-05  -1.5432208256E-05   2.5400741734E-04   1.3210964919E-04
   24      2.1737711207E-06   6.3091828782E-05  -4.5693325563E-05  -1.0142482947E-04   1.2562078803E-04
   25      5.3190995290E-06  -6.4898621210E-07   2.3825238084E-05  -4.1722296216E-05  -1.6663106649E-05
   26      3.5039458028E-06   1.1097758444E-06  -1.0213338663E-05   1.4742473951E-04   1.8167793913E-05
   27      2.4703701165E-03   1.5803946060E-03  -1.3260261386E-03   3.5030069427E-03   4.5512657808E-03
   28     -1.7184574782E-03   9.6814695597E-03  -2.2687147606E-02   2.7176185366E-03  -3.3517113760E-03
   29     -2.5513811227E-03   7.1018641338E-03  -1.1637090501E-02  -4.1352238113E-04   3.4581269843E-04
   30      4.4702033860E-02   6.0723946844E-03   1.1602874428E-02  -2.8068954557E-03  -1.6176449418E-03
   31      6.0723946844E-03   2.4430328438E-01   1.6112902723E-01  -1.1627970493E-03   7.7118779842E-04
   32      1.1602874428E-02   1.6112902723E-01   1.8642586166E-01   1.1070009773E-03   3.6455119482E-06
   33     -2.8068954557E-03  -1.1627970493E-03   1.1070009773E-03   6.1674586048E-02  -2.2205906103E-02
   34     -1.6176449418E-03   7.7118779842E-04   3.6455119482E-06  -2.2205906103E-02   6.4920631018E-02
   35      9.9684940994E-04   3.8764611636E-04   5.8047594904E-04   1.0182368733E-01  -3.7928328205E-02
   36     -5.3456451239E-04  -4.7173217916E-04  -3.9307339787E-06  -4.3614742314E-03  -9.1039865902E-04
   37      7.4254812654E-04  -7.8687246183E-04   4.2965692565E-04  -1.5068742094E-03   8.1652514598E-04
   38      4.9454676846E-04  -9.2181611014E-04   4.3606088965E-04   1.7139644329E-03   8.3049754255E-04
   39      1.0033688845E-04   6.8466678974E-05  -8.9029003355E-05   6.8410856130E-03   1.0894490868E-04
   40     -9.6328109012E-05   1.1362439455E-05   2.6718520088E-04   1.0676431538E-03  -3.3496926184E-03
   41     -3.8791991661E-04  -1.5253390567E-04   3.1750872569E-04  -1.2274592393E-03  -2.7746322850E-03
                   35                 36                 37                 38                 39        
    0     -1.7760917958E-04  -1.0023104451E-02  -3.0379860124E-03   5.1652170429E-03  -1.3773737601E-02
    1      2.5671608363E-04   6.6980154718E-03   2.1965256162E-03  -3.1296743474E-03   2.7354364943E-03
    2     -3.5574215500E-05  -1.2992965490E-03   2.7602679459E-05   6.0325739584E-04   8.8838827193E-03
    3      2.0072048751E-04   1.4965943178E-03   5.6607738633E-04   8.8097766075E-05  -1.9729278521E-03
    4     -5.2819434418E-04  -4.6896171570E-03  -1.6858147204E-03   3.3857590133E-03  -1.0631843611E-02
    5     -1.6735476871E-04   4.5495794658E-04  -4.5568765768E-04  -1.3236096390E-03   4.1594185055E-03
    6      7.4361176249E-05  -6.6169657564E-04  -2.5545421286E-04  -4.5240806415E-04   7.7757952160E-04
    7     -4.1192483793E-05   1.4017462565E-04   1.2631133392E-04  -9.6885253912E-06  -3.5135288891E-05
    8      2.1044454276E-04  -5.5968143892E-04  -3.9067695605E-04   6.3889590460E-04  -7.6270332750E-04
    9      3.4915222298E-04   2.1553500259E-03   4.8063854146E-04  -2.1583776885E-03   4.7497629954E-03
   10      5.6490858356E-04   2.8096282585E-03   1.6220401571E-03  -2.1864905228E-03   6.6509744453E-03
   11      4.1899501313E-04   9.6464556674E-04   8.0182017676E-04  -6.6770276768E-04   1.2278878495E-03
   12     -6.3402771687E-04   2.9971032885E-03  -1.2320252344E-03  -2.4160660602E-04  -1.1335813049E-02
   13     -1.0028355008E-03   2.3777850323E-04  -3.2204209371E-03  -3.8212592642E-03   1.1908647783E-03
   14     -3.3420661510E-03  -3.8796446899E-03  -4.7804374597E-03  -1.0564632856E-03   1.6325120842E-03
   15     -9.5149611747E-02   8.4832087482E-03   1.1865144360E-02   8.5035042905E-03   1.6845187924E-03
   16      3.5928885626E-02  -9.8839741634E-03  -1.6066275330E-02  -1.5056144525E-02  -8.6722833577E-03
   17     -3.1598755519E-01   1.3781646504E-03   1.0326094965E-02   8.8603832314E-03  -1.0773894595E-02
   18     -4.3726008487E-03  -8.1314338936E-02   1.0418587821E-01  -3.8547907077E-02  -3.9888183670E-02
   19      5.1126810867E-03   1.1389844228E-01  -2.9133935506E-01   6.7665614399E-02   2.0077073575E-02
   20     -1.4904395369E-02  -3.4842272477E-02   6.7398315587E-02  -7.8782213239E-02  -5.7720986869E-02
   21     -2.8622445039E-04   8.8580581710E-04   3.0359699135E-04  -2.0483853305E-04  -9.4362983391E-04
   22     -1.2037168182E-04   3.3250562475E-04   9.4769894420E-05  -2.8565535675E-04  -5.8680085783E-05
   23      2.3264314108E-05   7.8119093340E-05  -2.0552239878E-04   1.3011749197E-04   8.9118277686E-05
   24      9.3666194706E-05   3.4650333535E-04   2.7837301392E-04  -5.5991764458E-04   8.4372330888E-04
   25     -3.9470967040E-06  -7.4405353610E-05   7.4103844970E-05   4.5746709729E-05  -1.3037284194E-04
   26      8.1515501792E-05  -4.1929554159E-04  -8.6716259012E-05   8.0796326893E-05  -3.3604140900E-04
   27     -1.8093907539E-03  -9.5481251829E-05  -1.1693855031E-04  -2.1953815189E-06   1.4532362937E-03
   28      2.7943955864E-04   3.3141521225E-04   2.1920889182E-04  -5.1059273667E-04   2.3400487681E-04
   29      1.1787331821E-03  -3.2527887847E-04  -1.0474109236E-04   1.9721370977E-04   5.8407407548E-04
   30      9.9684940994E-04  -5.3456451239E-04   7.4254812654E-04   4.9454676846E-04   1.0033688845E-04
   31      3.8764611636E-04  -4.7173217916E-04  -7.8687246183E-04  -9.2181611014E-04   6.8466678974E-05
   32      5.8047594904E-04  -3.9307339787E-06   4.2965692565E-04   4.3606088965E-04  -8.9029003355E-05
   33      1.0182368733E-01  -4.3614742314E-03  -1.5068742094E-03   1.7139644329E-03   6.8410856130E-03
   34     -3.7928328205E-02  -9.1039865902E-04   8.1652514598E-04   8.3049754255E-04   1.0894490868E-04
   35      3.3129994370E-01   1.6718837786E-03   4.0462198770E-04   5.4824859149E-04  -2.7767906017E-03
   36      1.6718837786E-03   8.0143633013E-02  -1.1224736732E-01   3.7107660230E-02   4.8246141289E-04
   37      4.0462198770E-04  -1.1224736732E-01   3.0772890482E-01  -7.1267139085E-02  -2.7638154480E-05
   38      5.4824859149E-04   3.7107660230E-02  -7.1267139085E-02   7.2265622391E-02  -1.0904824268E-02
   39     -2.7767906017E-03   4.8246141289E-04  -2.7638154480E-05  -1.0904824268E-02   5.0981587180E-02
   40     -3.2985407045E-03   3.8315619321E-03   2.2034880681E-04   2.5261946413E-02  -1.1509459240E-02
   41      9.5324900748E-05  -3.2694622573E-04  -2.0982950178E-03  -1.9306070018E-03   6.6790764839E-02
                   40                 41        
     0     -1.1291584590E-03   3.2893848176E-03
     1     -2.5076212048E-05  -5.4327860693E-04
     2      1.8303673443E-03  -1.5442668669E-03
     3      1.9199115812E-03  -5.9977722789E-04
     4     -5.5802700887E-04   2.7863174807E-03
     5     -1.3847037881E-03  -2.9735560745E-04
     6     -3.1858642898E-04   3.1185328041E-04
     7     -8.8396145117E-05  -3.8970585094E-04
     8     -1.6630965186E-04   8.3855949460E-04
     9      6.3472914583E-04  -6.1518866330E-04
    10      6.3104643257E-04  -1.5460041421E-03
    11      3.4347840338E-04  -4.8991171157E-04
    12     -2.5310759664E-03   1.8259202134E-03
    13      1.8921044112E-03   7.8316913192E-04
    14     -2.9462968660E-04   1.1366083076E-03
    15     -5.3381480490E-03  -4.1043390989E-03
    16      6.9403125871E-03   6.9552391978E-03
    17     -2.6912272340E-02  -1.2506767252E-02
    18      1.3823460926E-02  -6.5686468365E-02
    19     -6.4257433238E-02   3.3868159286E-02
    20      4.0163680072E-02  -3.3978590614E-01
    21     -2.1139852422E-04  -5.2286267018E-06
    22     -1.8070262613E-04   1.2388819059E-05
    23     -9.4820202572E-05   1.1373089990E-04
    24     -2.2823625042E-04   7.4436526850E-05
    25     -1.2939654166E-04   1.1411086700E-04
    26      1.2444578685E-04   8.1046903358E-05
    27      8.4731109236E-05   6.5757940949E-04
    28     -3.8314551229E-04  -5.5114201261E-04
    29      5.8795905582E-04   4.2476204567E-05
    30     -9.6328109012E-05  -3.8791991661E-04
    31      1.1362439455E-05  -1.5253390567E-04
    32      2.6718520088E-04   3.1750872569E-04
    33      1.0676431538E-03  -1.2274592393E-03
    34     -3.3496926184E-03  -2.7746322850E-03
    35     -3.2985407045E-03   9.5324900748E-05
    36      3.8315619321E-03  -3.2694622573E-04
    37      2.2034880681E-04  -2.0982950178E-03
    38      2.5261946413E-02  -1.9306070018E-03
    39     -1.1509459240E-02   6.6790764839E-02
    40      5.9276695225E-02  -3.6445789432E-02
    41     -3.6445789432E-02   3.5392955914E-01

$vibrational_frequencies
42
    0        0.0000000000000000
    1        0.0000000000000000
    2        0.0000000000000000
    3        0.0000000000000000
    4        0.0000000000000000
    5        0.0000000000000000
    6     -611.7567658817880556
    7      113.5374381497781116
    8      147.4872896111660054
    9      311.4211175299427055
   10      366.6083897100085665
   11      394.3923326239780067
   12      416.2909628262544857
   13      465.8836881119638633
   14      507.7061893503528722
   15      648.2326732773482263
   16      728.2388204912595029
   17      778.8104672297288289
   18      826.0950526098865794
   19      891.0446114902483714
   20      932.8569373315934854
   21     1004.3854820153874243
   22     1047.0839678950687812
   23     1053.0724231441463417
   24     1074.3435756003400456
   25     1101.6159141135715345
   26     1159.2727890210969690
   27     1278.0801508346721675
   28     1285.3719165258005432
   29     1324.9242808898911790
   30     1448.9526410266491894
   31     1491.9117953169859447
   32     1555.8278092088314679
   33     1585.6697480838768115
   34     1699.9200531489843797
   35     3207.0816634151069593
   36     3217.4295457083280780
   37     3235.5789680155107817
   38     3245.2309639367231284
   39     3306.3118424276431142
   40     3320.7288426792997598
   41     3345.9263308709096236

$normal_modes
42 42
                    0                  1                  2                  3                  4        
    0      0.0000000000E+00   0.0000000000E+00   0.0000000000E+00   0.0000000000E+00   0.0000000000E+00
    1      0.0000000000E+00   0.0000000000E+00   0.0000000000E+00   0.0000000000E+00   0.0000000000E+00
    2      0.0000000000E+00   0.0000000000E+00   0.0000000000E+00   0.0000000000E+00   0.0000000000E+00
    3      0.0000000000E+00   0.0000000000E+00   0.0000000000E+00   0.0000000000E+00   0.0000000000E+00
    4      0.0000000000E+00   0.0000000000E+00   0.0000000000E+00   0.0000000000E+00   0.0000000000E+00
