
$orca_hessian_file

$act_atom
  0

$act_coord
  0

$act_energy
        0.000000

$multiplicity
  1

$hessian
42
                    0                  1                  2                  3                  4        
    0      1.4991123236E-01  -3.7046744787E-02   1.8508508791E-01  -5.9005434569E-02   5.7837064397E-02
    1     -3.7046744787E-02   8.3594336341E-01  -2.0034239930E-02   9.1298302919E-02  -4.5029524433E-01
    2      1.8508508791E-01  -2.0034239930E-02   6.5233461311E-01  -3.9863501300E-02   1.0836458233E-01
    3     -5.9005434569E-02   9.1298302919E-02  -3.9863501300E-02   2.6554843892E-01  -1.5576648194E-02
    4      5.7837064397E-02  -4.5029524433E-01   1.0836458233E-01  -1.5576648194E-02   8.1028184501E-01
    5     -5.1521228160E-02   1.0833575439E-01  -1.1791289124E-01   1.1840891852E-01  -2.3605815251E-02
    6     -4.3310613596E-03   6.2535728916E-03  -1.5895691249E-02  -3.7306273283E-02   1.0855593644E-02
    7      1.1371898648E-02  -4.3465843146E-03   3.0854228562E-02   9.6225538136E-03  -5.0029403001E-02
    8     -1.1514500796E-02   8.3151590129E-03  -2.8347679987E-02  -3.6024720948E-02   4.6003879893E-02
    9      3.4789576639E-02  -1.4080497628E-02  -2.6540823322E-03  -8.9716430867E-02  -4.3094629836E-02
   10      1.9675092467E-02  -7.5045305296E-02  -3.4026925138E-02  -3.8248861522E-02  -2.5781336863E-01
   11      1.1135867116E-02  -1.8666186440E-02   1.0245267886E-02  -2.2936969837E-02  -1.2386930131E-01
   12     -4.3402774898E-02   2.7949815366E-02   1.6065376175E-03  -3.1435083368E-02  -9.7659580033E-02
   13      5.6710497369E-03  -8.8875526008E-04  -1.5300035975E-03  -3.0302002533E-02  -1.5954400347E-02
   14     -1.1634748610E-03   5.3449627131E-04  -1.0721526436E-03  -1.8622462811E-02  -8.1535291824E-03
   15     -8.8559204766E-03  -2.3660301950E-03  -2.8229741447E-03  -1.8208300909E-02   3.6986357098E-03
   16     -5.2544969718E-02   1.5071268545E-02  -9.7816647863E-04  -7.8127973957E-04  -5.0941875139E-02
   17     -1.2218174433E-02   7.4412400451E-03   4.3977592967E-05  -2.9465410489E-03  -1.2224136658E-02
   18      4.4085489273E-02  -2.0957992626E-02   4.0442762290E-03  -2.7220860022E-02   6.0718063268E-02
   19      3.3260997703E-02  -1.7012550166E-02   3.3839894545E-04  -1.0570133711E-02   2.9102090816E-02
   20      1.1597939165E-02  -3.8305334486E-03  -1.0796917926E-02  -8.1156622169E-06   1.0068399508E-02
   21     -4.1538163901E-02   1.1554704473E-02  -7.9238036218E-02  -1.9760700027E-03   1.1360425493E-02
   22      1.7350173362E-02  -6.8767165305E-02   5.1962223431E-02   5.8906795624E-03  -1.5395418475E-03
   23     -8.5866454698E-02   6.0944134745E-02  -3.3934757377E-01  -3.9365485530E-04  -6.1256377398E-03
   24     -5.4001352409E-02  -6.5690788826E-02  -5.5135245393E-02   2.0891194772E-03   1.2111014054E-02
   25     -5.3118447737E-02  -2.3629498542E-01  -1.3645349557E-01  -1.2461906125E-02  -1.3289059580E-02
   26     -5.3201400426E-02  -1.4127945756E-01  -1.6446542443E-01   3.1276943040E-03   6.5203515824E-03
   27      2.4465254572E-03  -2.5823807289E-03  -9.2477440550E-04   3.6194923073E-03   8.0926020766E-03
   28      4.3157431282E-04  -4.1806626081E-04  -3.2826654546E-04  -8.0919611253E-04   1.4551069632E-03
   29     -7.6503922681E-05   1.6756042959E-04   1.4993605200E-04  -9.4538342917E-04  -1.7155428013E-03
   30     -3.0432567532E-04  -5.6600500634E-04  -7.1148446944E-04  -4.6188677728E-03  -9.6192744274E-04
   31      4.9653569153E-04   1.5049089666E-04  -2.4171327655E-04  -1.2980118722E-03   7.5583694126E-04
   32     -2.5776378691E-04   2.3014303237E-04   2.3564128012E-04   1.6799233890E-03   7.0893776172E-04
   33      8.6030453147E-04  -5.4055386365E-04  -3.0781024970E-04   1.0207603833E-03   1.8179816958E-03
   34      9.2707164080E-05   2.6767293854E-04  -5.3547010800E-05  -2.6716473256E-04  -7.4849779740E-04
   35      1.1351258427E-04   1.8447346564E-04  -6.3795435294E-05   3.3130782723E-04  -1.2570018488E-04
   36     -5.3042867162E-03   3.4204921679E-03  -9.1564212723E-04   1.1331873016E-03  -1.0589227945E-03
   37     -1.8952479339E-03   1.1497001244E-03   3.2816480771E-04   7.1215970243E-04  -7.6413287803E-04
   38      3.2865752656E-03  -1.7746330144E-03   6.1466702174E-04  -2.0084747279E-04   1.3571002687E-03
   39     -1.5349808260E-02   3.3368625666E-03   7.7314763557E-03  -3.9236775967E-03  -8.1386644483E-03
   40     -1.5644400277E-03   4.8616043807E-04   1.8085170999E-03   2.7905009545E-03  -2.1935617814E-04
   41      4.6023828294E-03  -5.7766862409E-04  -1.6176675150E-03  -1.6130653324E-03   2.8088176817E-03
                    5                  6                  7                  8                  9        
    0     -5.1521228160E-02  -4.3310613596E-03   1.1371898648E-02  -1.1514500796E-02   3.4789576639E-02
    1      1.0833575439E-01   6.2535728916E-03  -4.3465843146E-03   8.3151590129E-03  -1.4080497628E-02
    2     -1.1791289124E-01  -1.5895691249E-02   3.0854228562E-02  -2.8347679987E-02  -2.6540823322E-03
    3      1.1840891852E-01  -3.7306273283E-02   9.6225538136E-03  -3.6024720948E-02  -8.9716430867E-02
    4     -2.3605815251E-02   1.0855593644E-02  -5.0029403001E-02   4.6003879893E-02  -4.3094629836E-02
    5      3.7295308495E-01  -2.4433150688E-02   2.5207812795E-02  -1.0897938291E-01  -2.5618327359E-02
    6     -2.4433150688E-02   3.8187726552E-02  -1.1988808861E-02   6.7328733266E-02  -5.6034229939E-03
    7      2.5207812795E-02  -1.1988808861E-02   4.9437079424E-02  -3.3879538305E-02  -1.1110119875E-02
    8     -1.0897938291E-01   6.7328733266E-02  -3.3879538305E-02   1.8642668388E-01  -2.3801214231E-02
    9     -2.5618327359E-02  -5.6034229939E-03  -1.1110119875E-02  -2.3801214231E-02   1.9026541210E-01
   10     -1.1200299202E-01  -8.6946438320E-03   6.6855925085E-03  -2.5794289526E-02   5.9384336049E-02
   11     -1.5004675744E-01  -2.2703765655E-02  -2.3048457162E-02  -4.8413113427E-02   9.5728359034E-03
   12     -4.1864025710E-02   2.2250114634E-03   2.3342083827E-03   7.2512827061E-03  -5.3634390325E-03
   13      1.1590558084E-03   4.3001986047E-04  -3.2727161328E-04   4.6712362659E-03  -1.6002754296E-02
   14      4.0550537681E-03  -1.6882060963E-03  -1.4960625540E-03  -4.1306999164E-03   2.9758108579E-02
   15      3.0478083897E-03   1.3492800391E-03   5.7012117754E-04  -3.5289114711E-03  -4.9730694116E-02
   16     -1.1145410218E-02  -1.0028347141E-03   1.5421779714E-03  -2.4821893217E-03   5.5504027929E-02
   17      2.0711000583E-04  -9.1861482010E-04   2.0901411544E-04   1.8138811818E-03   1.5957400758E-02
   18      9.1849238254E-03   4.0121521790E-03  -3.0311538683E-03   3.7522870393E-03  -3.3012686063E-02
   19      2.3248604190E-03   2.8419884014E-03  -9.5196603511E-04   8.2947621254E-04  -2.0106937359E-02
   20      2.4775956177E-03  -1.5516673536E-03   7.5914820148E-04  -2.3930748539E-03  -1.3455066033E-02
   21     -1.0077205212E-02   4.7269836019E-03   1.9938021134E-03  -2.9989683490E-03  -8.2257739608E-03
   22      2.6370701936E-02   1.8058678731E-03  -3.1942780503E-03   3.1847549655E-03   3.8003817234E-04
   23     -4.4513742185E-03  -1.9055546644E-03   9.9201559111E-04   1.3120781325E-03   2.9835325365E-03
   24      6.8024212025E-03  -2.5810502826E-03   3.4568539627E-04   1.6869762539E-03   6.8937037537E-03
   25     -1.9922032301E-02   7.3990329439E-05   7.9229575458E-04   1.6144068075E-04   1.7418397827E-03
   26      4.7678076725E-03   9.3092599081E-04   1.3494482538E-03  -7.8496942185E-04  -2.4784661403E-03
   27      7.8969602240E-03  -4.9951900389E-04   3.6195577968E-04  -1.4621073955E-03  -2.5796050394E-02
   28      4.3202115999E-03   2.9229462546E-04   7.3678483705E-05  -4.1770224842E-04  -9.1343222805E-03
   29     -1.0931883506E-03   2.0769643900E-04  -1.0977322786E-05   1.2394719820E-03   6.2216488863E-03
   30      3.1759869123E-03   1.8626685834E-05  -5.5729590205E-05  -2.9751947308E-04  -1.7270769265E-02
   31      1.8945222806E-03   1.7707633648E-04   7.9214055154E-05  -1.5126242203E-04  -4.7472793857E-03
   32     -8.9694276616E-04  -2.6723654924E-04  -1.2235661195E-04   3.5351371160E-04   5.3081462939E-03
   33     -2.1591075596E-04  -6.4302265852E-04  -2.9470521752E-05  -1.5463323565E-04  -1.5687699182E-03
   34     -4.3362898868E-04  -1.4098402362E-04   1.0232333321E-04  -1.9824401191E-05   6.7148427016E-04
   35     -1.4208539929E-05   1.3970732332E-04  -7.4903766910E-05   2.2054262241E-04  -1.0913728245E-04
   36      2.0663520030E-04  -4.6537367329E-04  -6.4794959781E-05   1.3516119128E-04   1.3392595933E-03
   37     -6.9423531918E-04  -2.8136175095E-04   1.6548488742E-04  -2.4840259253E-04   4.2609992284E-04
   38     -1.1182916333E-03  -2.9302402011E-04   2.7124115320E-05   5.1586715469E-04  -1.5468982906E-03
   39      5.0136122719E-03   9.0994273359E-04  -3.2120612311E-04  -3.6594471717E-04   3.0000845224E-03
   40     -1.8212110216E-03  -6.2071229270E-04  -2.8343403508E-05  -1.7257420407E-04   1.5376137734E-04
   41      5.2385075973E-05   1.0439282362E-03  -7.6665992185E-04   1.1668818484E-03  -1.3904924489E-04
                   10                 11                 12                 13                 14        
    0      1.9675092467E-02   1.1135867116E-02  -4.3402774898E-02   5.6710497369E-03  -1.1634748610E-03
    1     -7.5045305296E-02  -1.8666186440E-02   2.7949815366E-02  -8.8875526008E-04   5.3449627131E-04
    2     -3.4026925138E-02   1.0245267886E-02   1.6065376175E-03  -1.5300035975E-03  -1.0721526436E-03
    3     -3.8248861522E-02  -2.2936969837E-02  -3.1435083368E-02  -3.0302002533E-02  -1.8622462811E-02
    4     -2.5781336863E-01  -1.2386930131E-01  -9.7659580033E-02  -1.5954400347E-02  -8.1535291824E-03
    5     -1.1200299202E-01  -1.5004675744E-01  -4.1864025710E-02   1.1590558084E-03   4.0550537681E-03
    6     -8.6946438320E-03  -2.2703765655E-02   2.2250114634E-03   4.3001986047E-04  -1.6882060963E-03
    7      6.6855925085E-03  -2.3048457162E-02   2.3342083827E-03  -3.2727161328E-04  -1.4960625540E-03
    8     -2.5794289526E-02  -4.8413113427E-02   7.2512827061E-03   4.6712362659E-03  -4.1306999164E-03
    9      5.9384336049E-02   9.5728359034E-03  -5.3634390325E-03  -1.6002754296E-02   2.9758108579E-02
   10      3.8008647109E-01   1.7243767926E-01   4.8203594259E-02  -6.2346000542E-02  -5.3128975273E-03
   11      1.7243767926E-01   2.3901704265E-01   3.3242515389E-02  -1.4099795578E-02  -6.1734387411E-02
   12      4.8203594259E-02   3.3242515389E-02   2.2500776814E-01  -3.7658763128E-02   6.9189017780E-02
   13     -6.2346000542E-02  -1.4099795578E-02  -3.7658763128E-02   6.5679787021E-01   4.9195822604E-02
   14     -5.3128975273E-03  -6.1734387411E-02   6.9189017780E-02   4.9195822604E-02   6.5794874003E-01
   15      8.1913853654E-03  -1.6202666696E-03  -1.1238833524E-01   9.0919621781E-02  -3.8421414040E-02
   16      4.1345819735E-02   1.0803269663E-02   4.9556524312E-02  -2.1972846138E-01   3.1861501728E-02
   17     -6.0213669621E-04   4.0298755657E-03  -4.6907665858E-02   3.7763543375E-02  -1.1570288530E-01
   18     -3.6914094078E-02  -1.3180309489E-02   4.6108487649E-02   9.5027603028E-03   1.1534403150E-02
   19     -2.0163636055E-02  -5.8758280556E-03   2.6393992751E-02  -3.9405032184E-02  -1.7835078397E-02
   20     -9.0227854703E-03  -1.5849396116E-03   1.6164193212E-02   1.3612861166E-03   1.0726267772E-02
   21     -4.8721782905E-03   3.2874173573E-05   5.3658040000E-03  -1.7241672688E-03   3.8675808363E-04
   22      2.2089071919E-03  -1.2706478979E-03  -6.1993335954E-04  -2.9819080340E-04   3.9423947237E-04
   23      1.7870441251E-04   7.8666984186E-04  -1.7863925024E-03   1.0135017370E-03  -5.1964701717E-05
   24     -1.4028103516E-03  -4.6328684296E-03   9.6880908033E-04   2.1843927586E-03  -6.2819190130E-04
   25     -6.3651112342E-03   8.6762525680E-04   1.5123627355E-03   4.0008103210E-04  -2.0871986136E-04
   26      4.1473314141E-03   3.3446370715E-03  -1.0025571402E-03  -6.6869013498E-04   2.2771379859E-04
   27     -1.8869568001E-02   2.7620825000E-02  -3.5854738667E-02   6.2841000120E-04  -1.0428465756E-02
   28     -3.6840845740E-03   7.2349699695E-03   5.7170385858E-03  -7.8276669251E-02   6.6781228443E-02
   29      2.9774831795E-03  -1.2756474339E-03  -5.3476233265E-03   6.9975783730E-02  -3.2076574540E-01
   30     -2.9177816069E-02  -1.7731447895E-02  -4.7628322178E-02  -2.6073748349E-02  -2.3072226578E-02
   31     -6.4340392357E-03  -4.6499181422E-03  -2.9555560788E-02  -2.3710667719E-01  -1.3797870105E-01
   32      8.4877053526E-03   5.9754980030E-03  -3.0809213950E-02  -1.4421459861E-01  -1.6693562009E-01
   33     -2.6958282461E-03   2.7839727569E-04   9.4510704582E-05   1.8004977829E-03  -1.5146996551E-02
   34      1.5539240119E-04  -7.0151427239E-04   7.7296827576E-03  -1.6211142920E-03   2.7081716787E-02
   35      6.4030143052E-04   3.3468379377E-04   2.1309874728E-04  -1.5663573937E-03  -2.7712163398E-03
   36     -5.3092259084E-04   1.6185158785E-05   6.4348542648E-03   1.7780522587E-03  -4.5492539610E-03
   37      9.7146091006E-04   5.4127723079E-04  -1.4285105137E-03  -2.9886543162E-03  -4.6708405761E-03
   38     -4.5817787177E-04  -2.7196520133E-04  -2.1638850349E-03  -4.1880961954E-03  -2.7378662536E-04
   39      5.9672679978E-03   9.0669591339E-04  -1.0132551917E-02  -1.1533926219E-03   2.8315994627E-03
   40      3.9790173304E-04   2.9771118273E-04  -2.4748476115E-03   1.7432759435E-03  -1.8899364630E-04
   41     -1.6498845036E-03  -4.0686428567E-04   2.2355235709E-03   1.1231293604E-03   4.8068306526E-04
                   15                 16                 17                 18                 19        
    0     -8.8559204766E-03  -5.2544969718E-02  -1.2218174433E-02   4.4085489273E-02   3.3260997703E-02
    1     -2.3660301950E-03   1.5071268545E-02   7.4412400451E-03  -2.0957992626E-02  -1.7012550166E-02
    2     -2.8229741447E-03  -9.7816647863E-04   4.3977592967E-05   4.0442762290E-03   3.3839894545E-04
    3     -1.8208300909E-02  -7.8127973957E-04  -2.9465410489E-03  -2.7220860022E-02  -1.0570133711E-02
    4      3.6986357098E-03  -5.0941875139E-02  -1.2224136658E-02   6.0718063268E-02   2.9102090816E-02
    5      3.0478083897E-03  -1.1145410218E-02   2.0711000583E-04   9.1849238254E-03   2.3248604190E-03
    6      1.3492800391E-03  -1.0028347141E-03  -9.1861482010E-04   4.0121521790E-03   2.8419884014E-03
    7      5.7012117754E-04   1.5421779714E-03   2.0901411544E-04  -3.0311538683E-03  -9.5196603511E-04
    8     -3.5289114711E-03  -2.4821893217E-03   1.8138811818E-03   3.7522870393E-03   8.2947621254E-04
    9     -4.9730694116E-02   5.5504027929E-02   1.5957400758E-02  -3.3012686063E-02  -2.0106937359E-02
   10      8.1913853654E-03   4.1345819735E-02  -6.0213669621E-04  -3.6914094078E-02  -2.0163636055E-02
   11     -1.6202666696E-03   1.0803269663E-02   4.0298755657E-03  -1.3180309489E-02  -5.8758280556E-03
   12     -1.1238833524E-01   4.9556524312E-02  -4.6907665858E-02   4.6108487649E-02   2.6393992751E-02
   13      9.0919621781E-02  -2.1972846138E-01   3.7763543375E-02   9.5027603028E-03  -3.9405032184E-02
   14     -3.8421414040E-02   3.1861501728E-02  -1.1570288530E-01   1.1534403150E-02  -1.7835078397E-02
   15      3.1454331522E-01  -1.0388191900E-01   1.9523166862E-01  -6.3724646257E-02  -1.6707929475E-02
   16     -1.0388191900E-01   6.5339485327E-01   1.4181490348E-01   1.8097010566E-02  -3.5394548429E-01
   17      1.9523166862E-01   1.4181490348E-01   6.6738522353E-01  -3.8036343017E-02  -1.9424511500E-01
   18     -6.3724646257E-02   1.8097010566E-02  -3.8036343017E-02   1.8372687547E-01  -1.3669832835E-01
   19     -1.6707929475E-02  -3.5394548429E-01  -1.9424511500E-01  -1.3669832835E-01   7.4352662942E-01
   20     -4.4390499203E-02  -1.8686166780E-01  -2.5114443034E-01   1.5207817790E-01   1.1473920824E-01
   21     -1.3875706402E-03   4.5238316638E-03   3.5006828803E-03  -1.2010357054E-02  -8.1724161463E-03
   22     -1.3114892600E-03  -5.6211194833E-04   1.2204846833E-03  -1.9414365883E-03  -8.2587121192E-04
   23     -1.5292945136E-03  -2.6394451026E-03   1.4878454235E-03   1.8124940374E-03   1.1099703607E-03
   24     -1.2992401810E-03   4.9050008164E-04   1.0935191960E-03  -1.8682533698E-03  -3.4280458792E-03
   25     -5.1417467057E-04   1.2646915128E-04   4.9914522818E-04   1.6206098751E-04  -8.8888646807E-05
   26      1.8237843332E-04  -4.9845859887E-04  -3.0642432991E-04   1.5584789138E-03   1.6602094061E-03
   27     -4.0499910709E-04   9.9550532742E-03  -1.9573731955E-02  -4.2166804982E-03  -3.5736086044E-03
   28      1.3312827190E-03  -2.5793984115E-03   2.5725264199E-02  -2.7372511674E-04   1.0592647389E-03
   29     -1.7770187838E-03   1.6749773358E-04  -3.5573603803E-03   1.7097648511E-04  -8.7971542315E-04
   30      6.9598384142E-03   1.6336620051E-02   1.4024867231E-02  -1.4003017783E-03   4.8478249899E-03
   31     -5.1626451422E-03  -1.4376154388E-02  -1.6512456903E-02   2.8256110618E-03  -3.9260905547E-03
   32      1.6065352064E-03   8.3005107467E-03   6.6288881338E-03  -7.2985664242E-04   9.9053853827E-04
   33     -7.6401082884E-02   1.7695162135E-02  -1.0014897212E-01   1.7810481975E-03   1.4791577939E-03
   34      1.9906295123E-02  -5.8090407998E-02   2.5871909750E-02  -9.2725169230E-03   5.5817919911E-03
   35     -1.0949801649E-01   2.1706268429E-02  -3.0821339072E-01  -5.9305095462E-03   3.8525518116E-03
   36      8.6316035864E-03  -6.3752456699E-03   1.1205346228E-03  -8.7015830272E-02   1.1186938530E-01
   37      1.3746819844E-02  -1.6718854002E-02   1.0510007766E-02   1.0407684791E-01  -2.8128904367E-01
   38      8.4754325357E-03  -1.6185606534E-02   8.6404842717E-03  -4.1339303563E-02   7.2723852317E-02
   39      9.1675255038E-04  -7.5858526621E-03  -1.0171473959E-02  -4.9244437450E-02   1.8587891581E-02
   40     -8.4066024887E-03   5.4621588868E-03  -2.7468015734E-02   1.3683054457E-02  -6.1661214154E-02
   41     -4.9625839637E-03   6.1333406256E-03  -1.1312794630E-02  -8.4927514640E-02   2.0294291237E-02
                   20                 21                 22                 23                 24        
    0      1.1597939165E-02  -4.1538163901E-02   1.7350173362E-02  -8.5866454698E-02  -5.4001352409E-02
    1     -3.8305334486E-03   1.1554704473E-02  -6.8767165305E-02   6.0944134745E-02  -6.5690788826E-02
    2     -1.0796917926E-02  -7.9238036218E-02   5.1962223431E-02  -3.3934757377E-01  -5.5135245393E-02
    3     -8.1156622169E-06  -1.9760700027E-03   5.8906795624E-03  -3.9365485530E-04   2.0891194772E-03
    4      1.0068399508E-02   1.1360425493E-02  -1.5395418475E-03  -6.1256377398E-03   1.2111014054E-02
    5      2.4775956177E-03  -1.0077205212E-02   2.6370701936E-02  -4.4513742185E-03   6.8024212025E-03
    6     -1.5516673536E-03   4.7269836019E-03   1.8058678731E-03  -1.9055546644E-03  -2.5810502826E-03
    7      7.5914820148E-04   1.9938021134E-03  -3.1942780503E-03   9.9201559111E-04   3.4568539627E-04
    8     -2.3930748539E-03  -2.9989683490E-03   3.1847549655E-03   1.3120781325E-03   1.6869762539E-03
    9     -1.3455066033E-02  -8.2257739608E-03   3.8003817234E-04   2.9835325365E-03   6.8937037537E-03
   10     -9.0227854703E-03  -4.8721782905E-03   2.2089071919E-03   1.7870441251E-04  -1.4028103516E-03
   11     -1.5849396116E-03   3.2874173573E-05  -1.2706478979E-03   7.8666984186E-04  -4.6328684296E-03
   12      1.6164193212E-02   5.3658040000E-03  -6.1993335954E-04  -1.7863925024E-03   9.6880908033E-04
   13      1.3612861166E-03  -1.7241672688E-03  -2.9819080340E-04   1.0135017370E-03   2.1843927586E-03
   14      1.0726267772E-02   3.8675808363E-04   3.9423947237E-04  -5.1964701717E-05  -6.2819190130E-04
   15     -4.4390499203E-02  -1.3875706402E-03  -1.3114892600E-03  -1.5292945136E-03  -1.2992401810E-03
   16     -1.8686166780E-01   4.5238316638E-03  -5.6211194833E-04  -2.6394451026E-03   4.9050008164E-04
   17     -2.5114443034E-01   3.5006828803E-03   1.2204846833E-03   1.4878454235E-03   1.0935191960E-03
   18      1.5207817790E-01  -1.2010357054E-02  -1.9414365883E-03   1.8124940374E-03  -1.8682533698E-03
   19      1.1473920824E-01  -8.1724161463E-03  -8.2587121192E-04   1.1099703607E-03  -3.4280458792E-03
   20      6.7982331912E-01   5.7206474077E-03   9.2729735704E-04  -1.1874497232E-03  -3.0775800942E-03
   21      5.7206474077E-03   5.5593238874E-02  -1.6745583493E-02   8.8133687371E-02  -1.5949870528E-04
   22      9.2729735704E-04  -1.6745583493E-02   6.4380788177E-02  -6.1412894429E-02  -5.3709825021E-03
   23     -1.1874497232E-03   8.8133687371E-02  -6.1412894429E-02   3.4947773036E-01  -2.0329649298E-03
   24     -3.0775800942E-03  -1.5949870528E-04  -5.3709825021E-03  -2.0329649298E-03   4.9053603622E-02
   25     -7.6038026440E-04   2.3329681083E-03   8.6005228694E-03   6.1174769234E-03   6.0640559940E-02
   26      1.2293400449E-03  -4.9665448788E-03  -2.0818607758E-02  -8.2979925423E-03   5.6247273822E-02
   27     -4.3021406088E-04  -5.8157285525E-04   7.0190598970E-05   1.3419337141E-04   1.5937215285E-04
   28      3.1406730785E-04  -9.1833914135E-05   4.5342611543E-05  -3.2238171739E-05   8.0832846374E-05
   29      1.1941734119E-03  -1.5848421725E-05  -5.7319357570E-05   4.7377202441E-06  -3.7944132173E-05
   30     -2.6385059855E-03  -2.1626243268E-04   3.8583181761E-05   1.1656153922E-04   2.1581763582E-04
   31      2.1916975663E-03  -1.1765692466E-04  -2.2563000272E-05  -2.4536452934E-05   1.1069199248E-04
   32      3.3354769879E-04   1.0689796949E-04   2.0330772110E-06  -2.2258850641E-05  -1.1051967096E-04
   33     -2.8123875613E-03  -4.3439074322E-05  -2.1842286370E-05   3.2148218225E-04  -1.1913843501E-04
   34     -2.8413248444E-02  -1.2073798682E-04   9.8909811003E-05   1.6000196551E-04   8.9520619326E-05
   35     -1.3765677512E-02  -2.8197308583E-04  -1.5729278761E-04  -6.6863072853E-05   1.1487737469E-04
   36     -3.8902737593E-02   3.7986652831E-04   4.3137763096E-04   1.3809339200E-04  -5.7782785869E-06
   37      7.1266475574E-02   4.5714332031E-05   1.1193512605E-04  -1.9610573480E-04   1.2384434761E-04
   38     -8.2084738766E-02  -3.4674452096E-05  -3.0062158158E-04   1.6855467506E-04  -3.3189661884E-04
   39     -7.8286364824E-02   7.2815621824E-05   4.7635793867E-05  -1.2935343124E-04   6.5388593923E-04
   40      2.7233414941E-02   2.9849155040E-05  -2.3668361997E-04  -8.2464669929E-05  -2.7991401410E-04
   41     -3.3282701493E-01  -2.6467210246E-04  -4.6834544892E-05   1.8786072414E-04   4.5495077161E-05
                   25                 26                 27                 28                 29        
    0     -5.3118447737E-02  -5.3201400426E-02   2.4465254572E-03   4.3157431282E-04  -7.6503922681E-05
    1     -2.3629498542E-01  -1.4127945756E-01  -2.5823807289E-03  -4.1806626081E-04   1.6756042959E-04
    2     -1.3645349557E-01  -1.6446542443E-01  -9.2477440550E-04  -3.2826654546E-04   1.4993605200E-04
    3     -1.2461906125E-02   3.1276943040E-03   3.6194923073E-03  -8.0919611253E-04  -9.4538342917E-04
    4     -1.3289059580E-02   6.5203515824E-03   8.0926020766E-03   1.4551069632E-03  -1.7155428013E-03
    5     -1.9922032301E-02   4.7678076725E-03   7.8969602240E-03   4.3202115999E-03  -1.0931883506E-03
    6      7.3990329439E-05   9.3092599081E-04  -4.9951900389E-04   2.9229462546E-04   2.0769643900E-04
    7      7.9229575458E-04   1.3494482538E-03   3.6195577968E-04   7.3678483705E-05  -1.0977322786E-05
    8      1.6144068075E-04  -7.8496942185E-04  -1.4621073955E-03  -4.1770224842E-04   1.2394719820E-03
    9      1.7418397827E-03  -2.4784661403E-03  -2.5796050394E-02  -9.1343222805E-03   6.2216488863E-03
   10     -6.3651112342E-03   4.1473314141E-03  -1.8869568001E-02  -3.6840845740E-03   2.9774831795E-03
   11      8.6762525680E-04   3.3446370715E-03   2.7620825000E-02   7.2349699695E-03  -1.2756474339E-03
   12      1.5123627355E-03  -1.0025571402E-03  -3.5854738667E-02   5.7170385858E-03  -5.3476233265E-03
   13      4.0008103210E-04  -6.6869013498E-04   6.2841000120E-04  -7.8276669251E-02   6.9975783730E-02
   14     -2.0871986136E-04   2.2771379859E-04  -1.0428465756E-02   6.6781228443E-02  -3.2076574540E-01
   15     -5.1417467057E-04   1.8237843332E-04  -4.0499910709E-04   1.3312827190E-03  -1.7770187838E-03
   16      1.2646915128E-04  -4.9845859887E-04   9.9550532742E-03  -2.5793984115E-03   1.6749773358E-04
   17      4.9914522818E-04  -3.0642432991E-04  -1.9573731955E-02   2.5725264199E-02  -3.5573603803E-03
   18      1.6206098751E-04   1.5584789138E-03  -4.2166804982E-03  -2.7372511674E-04   1.7097648511E-04
   19     -8.8888646807E-05   1.6602094061E-03  -3.5736086044E-03   1.0592647389E-03  -8.7971542315E-04
   20     -7.6038026440E-04   1.2293400449E-03  -4.3021406088E-04   3.1406730785E-04   1.1941734119E-03
   21      2.3329681083E-03  -4.9665448788E-03  -5.8157285525E-04  -9.1833914135E-05  -1.5848421725E-05
   22      8.6005228694E-03  -2.0818607758E-02   7.0190598970E-05   4.5342611543E-05  -5.7319357570E-05
   23      6.1174769234E-03  -8.2979925423E-03   1.3419337141E-04  -3.2238171739E-05   4.7377202441E-06
   24      6.0640559940E-02   5.6247273822E-02   1.5937215285E-04   8.0832846374E-05  -3.7944132173E-05
   25      2.4626958984E-01   1.4944458334E-01  -1.6958184005E-04  -7.2071083712E-05   1.8675963527E-05
   26      1.4944458334E-01   1.6413147404E-01   1.0211556285E-05  -1.5607751924E-05  -1.1635859425E-05
   27     -1.6958184005E-04   1.0211556285E-05   5.8009880277E-02  -7.2450529438E-05   1.9085121809E-03
   28     -7.2071083712E-05  -1.5607751924E-05  -7.2450529438E-05   7.6228714825E-02  -7.8633022008E-02
   29      1.8675963527E-05  -1.1635859425E-05   1.9085121809E-03  -7.8633022008E-02   3.3645673473E-01
   30     -7.9745261788E-05  -3.7812798680E-05   1.6900517170E-03   5.0426288169E-04  -7.0595485749E-04
   31     -1.5544675592E-05  -1.8520129530E-05   2.2778897838E-03   9.6880831340E-03   6.5794761303E-03
   32      3.9890391136E-05   1.6256014197E-05  -4.2149404776E-03  -2.4459818237E-02  -1.3339280712E-02
   33     -6.7083328523E-05   1.3442607205E-04   5.7601904432E-04   1.7419794708E-03   1.2133964192E-04
   34      2.6769965804E-06   5.4236363237E-05   4.0229043730E-03  -3.4240969443E-03   8.3227452213E-04
   35      1.4941019966E-05   7.1968775678E-05  -1.3072151541E-03   6.2893852298E-04   7.7504833962E-04
   36     -4.0292417758E-05  -2.5416000548E-04  -4.1919095754E-04   3.7971297557E-04  -3.3744935005E-04
   37      5.0916548330E-05  -9.9417828588E-06  -2.2026048147E-04   2.4518676345E-04  -7.9565714890E-05
   38      4.7696509894E-05  -6.0897593138E-05   2.0968886734E-04  -5.3829245851E-04   2.3343070627E-04
   39     -1.7050966320E-05  -2.5379945906E-04   1.2714105271E-03  -9.6306360762E-05   6.2165699127E-04
   40     -1.1689155755E-04   1.2950705887E-04   7.7700194088E-05  -3.4099099414E-04   6.5680883418E-04
   41      1.3676898686E-04   1.3814675550E-04   5.5295360447E-04  -5.7915051715E-04  -1.0674805132E-05
                   30                 31                 32                 33                 34        
    0     -3.0432567532E-04   4.9653569153E-04  -2.5776378691E-04   8.6030453147E-04   9.2707164080E-05
    1     -5.6600500634E-04   1.5049089666E-04   2.3014303237E-04  -5.4055386365E-04   2.6767293854E-04
    2     -7.1148446944E-04  -2.4171327655E-04   2.3564128012E-04  -3.0781024970E-04  -5.3547010800E-05
    3     -4.6188677728E-03  -1.2980118722E-03   1.6799233890E-03   1.0207603833E-03  -2.6716473256E-04
    4     -9.6192744274E-04   7.5583694126E-04   7.0893776172E-04   1.8179816958E-03  -7.4849779740E-04
    5      3.1759869123E-03   1.8945222806E-03  -8.9694276616E-04  -2.1591075596E-04  -4.3362898868E-04
    6      1.8626685834E-05   1.7707633648E-04  -2.6723654924E-04  -6.4302265852E-04  -1.4098402362E-04
    7     -5.5729590205E-05   7.9214055154E-05  -1.2235661195E-04  -2.9470521752E-05   1.0232333321E-04
    8     -2.9751947308E-04  -1.5126242203E-04   3.5351371160E-04  -1.5463323565E-04  -1.9824401191E-05
    9     -1.7270769265E-02  -4.7472793857E-03   5.3081462939E-03  -1.5687699182E-03   6.7148427016E-04
   10     -2.9177816069E-02  -6.4340392357E-03   8.4877053526E-03  -2.6958282461E-03   1.5539240119E-04
   11     -1.7731447895E-02  -4.6499181422E-03   5.9754980030E-03   2.7839727569E-04  -7.0151427239E-04
   12     -4.7628322178E-02  -2.9555560788E-02  -3.0809213950E-02   9.4510704582E-05   7.7296827576E-03
   13     -2.6073748349E-02  -2.3710667719E-01  -1.4421459861E-01   1.8004977829E-03  -1.6211142920E-03
   14     -2.3072226578E-02  -1.3797870105E-01  -1.6693562009E-01  -1.5146996551E-02   2.7081716787E-02
   15      6.9598384142E-03  -5.1626451422E-03   1.6065352064E-03  -7.6401082884E-02   1.9906295123E-02
   16      1.6336620051E-02  -1.4376154388E-02   8.3005107467E-03   1.7695162135E-02  -5.8090407998E-02
   17      1.4024867231E-02  -1.6512456903E-02   6.6288881338E-03  -1.0014897212E-01   2.5871909750E-02
   18     -1.4003017783E-03   2.8256110618E-03  -7.2985664242E-04   1.7810481975E-03  -9.2725169230E-03
   19      4.8478249899E-03  -3.9260905547E-03   9.9053853827E-04   1.4791577939E-03   5.5817919911E-03
   20     -2.6385059855E-03   2.1916975663E-03   3.3354769879E-04  -2.8123875613E-03  -2.8413248444E-02
   21     -2.1626243268E-04  -1.1765692466E-04   1.0689796949E-04  -4.3439074322E-05  -1.2073798682E-04
   22      3.8583181761E-05  -2.2563000272E-05   2.0330772110E-06  -2.1842286370E-05   9.8909811003E-05
   23      1.1656153922E-04  -2.4536452934E-05  -2.2258850641E-05   3.2148218225E-04   1.6000196551E-04
   24      2.1581763582E-04   1.1069199248E-04  -1.1051967096E-04  -1.1913843501E-04   8.9520619326E-05
   25     -7.9745261788E-05  -1.5544675592E-05   3.9890391136E-05  -6.7083328523E-05   2.6769965804E-06
   26     -3.7812798680E-05  -1.8520129530E-05   1.6256014197E-05   1.3442607205E-04   5.4236363237E-05
   27      1.6900517170E-03   2.2778897838E-03  -4.2149404776E-03   5.7601904432E-04   4.0229043730E-03
   28      5.0426288169E-04   9.6880831340E-03  -2.4459818237E-02   1.7419794708E-03  -3.4240969443E-03
   29     -7.0595485749E-04   6.5794761303E-03  -1.3339280712E-02   1.2133964192E-04   8.3227452213E-04
   30      6.3837613044E-02   3.5581938898E-02   2.7128376791E-02  -9.2520057230E-04  -1.2487974800E-03
   31      3.5581938898E-02   2.5096588489E-01   1.4959488097E-01  -4.2335967540E-04   1.0263492002E-03
   32      2.7128376791E-02   1.4959488097E-01   1.6633813059E-01   6.8688001553E-04  -1.6043584641E-04
   33     -9.2520057230E-04  -4.2335967540E-04   6.8688001553E-04   7.2938736645E-02  -2.0741673285E-02
   34     -1.2487974800E-03   1.0263492002E-03  -1.6043584641E-04  -2.0741673285E-02   5.9052697845E-02
   35      4.7879503986E-04   2.6465516026E-04   6.2660383199E-04   1.1661435317E-01  -2.2249780736E-02
   36     -5.3140703957E-04  -1.9711407119E-04  -7.6952477429E-05  -5.7137835164E-03  -1.7010730946E-03
   37      9.7212444599E-04  -7.9774027735E-04   3.5200975143E-04  -1.8073535284E-03   7.4338311804E-04
   38      5.8535829195E-04  -8.8745446982E-04   4.0630020723E-04   2.5126659043E-03   1.0304082530E-03
   39      1.7350921641E-04   2.8899054227E-05  -5.3381774563E-05   8.1430575529E-03   9.7709568522E-04
   40     -1.1460020842E-04   1.2950212084E-05   2.5536218345E-04   1.7956433905E-03  -3.1470806033E-03
   41     -3.1188808446E-04  -6.5471759267E-05   2.7972295007E-04  -1.8873594307E-03  -3.0051731271E-03
                   35                 36                 37                 38                 39        
    0      1.1351258427E-04  -5.3042867162E-03  -1.8952479339E-03   3.2865752656E-03  -1.5349808260E-02
    1      1.8447346564E-04   3.4204921679E-03   1.1497001244E-03  -1.7746330144E-03   3.3368625666E-03
    2     -6.3795435294E-05  -9.1564212723E-04   3.2816480771E-04   6.1466702174E-04   7.7314763557E-03
    3      3.3130782723E-04   1.1331873016E-03   7.1215970243E-04  -2.0084747279E-04  -3.9236775967E-03
    4     -1.2570018488E-04  -1.0589227945E-03  -7.6413287803E-04   1.3571002687E-03  -8.1386644483E-03
    5     -1.4208539929E-05   2.0663520030E-04  -6.9423531918E-04  -1.1182916333E-03   5.0136122719E-03
    6      1.3970732332E-04  -4.6537367329E-04  -2.8136175095E-04  -2.9302402011E-04   9.0994273359E-04
    7     -7.4903766910E-05  -6.4794959781E-05   1.6548488742E-04   2.7124115320E-05  -3.2120612311E-04
    8      2.2054262241E-04   1.3516119128E-04  -2.4840259253E-04   5.1586715469E-04  -3.6594471717E-04
    9     -1.0913728245E-04   1.3392595933E-03   4.2609992284E-04  -1.5468982906E-03   3.0000845224E-03
   10      6.4030143052E-04  -5.3092259084E-04   9.7146091006E-04  -4.5817787177E-04   5.9672679978E-03
   11      3.3468379377E-04   1.6185158785E-05   5.4127723079E-04  -2.7196520133E-04   9.0669591339E-04
   12      2.1309874728E-04   6.4348542648E-03  -1.4285105137E-03  -2.1638850349E-03  -1.0132551917E-02
   13     -1.5663573937E-03   1.7780522587E-03  -2.9886543162E-03  -4.1880961954E-03  -1.1533926219E-03
   14     -2.7712163398E-03  -4.5492539610E-03  -4.6708405761E-03  -2.7378662536E-04   2.8315994627E-03
   15     -1.0949801649E-01   8.6316035864E-03   1.3746819844E-02   8.4754325357E-03   9.1675255038E-04
   16      2.1706268429E-02  -6.3752456699E-03  -1.6718854002E-02  -1.6185606534E-02  -7.5858526621E-03
   17     -3.0821339072E-01   1.1205346228E-03   1.0510007766E-02   8.6404842717E-03  -1.0171473959E-02
   18     -5.9305095462E-03  -8.7015830272E-02   1.0407684791E-01  -4.1339303563E-02  -4.9244437450E-02
   19      3.8525518116E-03   1.1186938530E-01  -2.8128904367E-01   7.2723852317E-02   1.8587891581E-02
   20     -1.3765677512E-02  -3.8902737593E-02   7.1266475574E-02  -8.2084738766E-02  -7.8286364824E-02
   21     -2.8197308583E-04   3.7986652831E-04   4.5714332031E-05  -3.4674452096E-05   7.2815621824E-05
   22     -1.5729278761E-04   4.3137763096E-04   1.1193512605E-04  -3.0062158158E-04   4.7635793867E-05
   23     -6.6863072853E-05   1.3809339200E-04  -1.9610573480E-04   1.6855467506E-04  -1.2935343124E-04
   24      1.1487737469E-04  -5.7782785869E-06   1.2384434761E-04  -3.3189661884E-04   6.5388593923E-04
   25      1.4941019966E-05  -4.0292417758E-05   5.0916548330E-05   4.7696509894E-05  -1.7050966320E-05
   26      7.1968775678E-05  -2.5416000548E-04  -9.9417828588E-06  -6.0897593138E-05  -2.5379945906E-04
   27     -1.3072151541E-03  -4.1919095754E-04  -2.2026048147E-04   2.0968886734E-04   1.2714105271E-03
   28      6.2893852298E-04   3.7971297557E-04   2.4518676345E-04  -5.3829245851E-04  -9.6306360762E-05
   29      7.7504833962E-04  -3.3744935005E-04  -7.9565714890E-05   2.3343070627E-04   6.2165699127E-04
   30      4.7879503986E-04  -5.3140703957E-04   9.7212444599E-04   5.8535829195E-04   1.7350921641E-04
   31      2.6465516026E-04  -1.9711407119E-04  -7.9774027735E-04  -8.8745446982E-04   2.8899054227E-05
   32      6.2660383199E-04  -7.6952477429E-05   3.5200975143E-04   4.0630020723E-04  -5.3381774563E-05
   33      1.1661435317E-01  -5.7137835164E-03  -1.8073535284E-03   2.5126659043E-03   8.1430575529E-03
   34     -2.2249780736E-02  -1.7010730946E-03   7.4338311804E-04   1.0304082530E-03   9.7709568522E-04
   35      3.2217344714E-01   2.6171648607E-03   5.4791103723E-04   1.9351851652E-04  -3.4914397211E-03
   36      2.6171648607E-03   8.1950084044E-02  -1.1418684195E-01   4.1610239875E-02  -4.1320486444E-04
   37      5.4791103723E-04  -1.1418684195E-01   2.9797592824E-01  -7.5454557426E-02  -2.8284581173E-04
   38      1.9351851652E-04   4.1610239875E-02  -7.5454557426E-02   7.5882818349E-02  -1.0769905836E-02
   39     -3.4914397211E-03  -4.1320486444E-04  -2.8284581173E-04  -1.0769905836E-02   6.3922221424E-02
   40     -3.6594008226E-03   6.2749986725E-03   1.1444294225E-03   2.4601533706E-02  -1.1347362621E-02
   41      4.9933859778E-04  -8.0734423772E-04  -2.1924726394E-03  -2.8459610829E-03   8.6424908223E-02
                   40                 41        
     0     -1.5644400277E-03   4.6023828294E-03
     1      4.8616043807E-04  -5.7766862409E-04
     2      1.8085170999E-03  -1.6176675150E-03
     3      2.7905009545E-03  -1.6130653324E-03
     4     -2.1935617814E-04   2.8088176817E-03
     5     -1.8212110216E-03   5.2385075973E-05
     6     -6.2071229270E-04   1.0439282362E-03
     7     -2.8343403508E-05  -7.6665992185E-04
     8     -1.7257420407E-04   1.1668818484E-03
     9      1.5376137734E-04  -1.3904924489E-04
    10      3.9790173304E-04  -1.6498845036E-03
    11      2.9771118273E-04  -4.0686428567E-04
    12     -2.4748476115E-03   2.2355235709E-03
    13      1.7432759435E-03   1.1231293604E-03
    14     -1.8899364630E-04   4.8068306526E-04
    15     -8.4066024887E-03  -4.9625839637E-03
    16      5.4621588868E-03   6.1333406256E-03
    17     -2.7468015734E-02  -1.1312794630E-02
    18      1.3683054457E-02  -8.4927514640E-02
    19     -6.1661214154E-02   2.0294291237E-02
    20      2.7233414941E-02  -3.3282701493E-01
    21      2.9849155040E-05  -2.6467210246E-04
    22     -2.3668361997E-04  -4.6834544892E-05
    23     -8.2464669929E-05   1.8786072414E-04
    24     -2.7991401410E-04   4.5495077161E-05
    25     -1.1689155755E-04   1.3676898686E-04
    26      1.2950705887E-04   1.3814675550E-04
    27      7.7700194088E-05   5.5295360447E-04
    28     -3.4099099414E-04  -5.7915051715E-04
    29      6.5680883418E-04  -1.0674805132E-05
    30     -1.1460020842E-04  -3.1188808446E-04
    31      1.2950212084E-05  -6.5471759267E-05
    32      2.5536218345E-04   2.7972295007E-04
    33      1.7956433905E-03  -1.8873594307E-03
    34     -3.1470806033E-03  -3.0051731271E-03
    35     -3.6594008226E-03   4.9933859778E-04
    36      6.2749986725E-03  -8.0734423772E-04
    37      1.1444294225E-03  -2.1924726394E-03
    38      2.4601533706E-02  -2.8459610829E-03
    39     -1.1347362621E-02   8.6424908223E-02
    40      5.6503683874E-02  -2.1601613581E-02
    41     -2.1601613581E-02   3.4621595824E-01

$vibrational_frequencies
42
    0        0.0000000000000000
    1        0.0000000000000000
    2        0.0000000000000000
    3        0.0000000000000000
    4        0.0000000000000000
    5        0.0000000000000000
    6     -224.9644260946897987
    7      100.0715854031996628
    8      170.1738450793050106
    9      353.9797271839524342
   10      378.1534241297321728
   11      399.2975339966837396
   12      451.9299931024005446
   13      520.5649250612400465
   14      609.4862843051903383
   15      679.0796591818493653
   16      735.4016258999447473
   17      791.6288115445941003
   18      846.0246583501648274
   19      924.0618847893875909
   20      950.7949082199709210
   21     1016.0909620833886038
   22     1031.8431093942597272
   23     1050.4486479497804794
   24     1086.4798642657081018
   25     1186.6265331856657212
   26     1215.9090170796253005
   27     1271.6103108141919620
   28     1323.3848896690783477
   29     1368.6003159085294101
   30     1446.5989759996678004
   31     1476.8149376339420087
   32     1541.0112268046582358
   33     1650.5138985698613396
   34     1710.0527407069785113
   35     3164.5922090907906750
   36     3201.8047479206475145
   37     3241.4590227788926313
   38     3244.0595210517794840
   39     3263.8089065010667582
   40     3297.6636582235091737
   41     3355.2431986769965988

$normal_modes
42 42
                    0                  1                  2                  3                  4        
    0      0.0000000000E+00   0.0000000000E+00   0.0000000000E+00   0.0000000000E+00   0.0000000000E+00
    1      0.0000000000E+00   0.0000000000E+00   0.0000000000E+00   0.0000000000E+00   0.0000000000E+00
    2      0.0000000000E+00   0.0000000000E+00   0.0000000000E+00   0.0000000000E+00   0.0000000000E+00
    3      0.0000000000E+00   0.0000000000E+00   0.0000000000E+00   0.0000000000E+00   0.0000000000E+00
    4      0.0000000000E+00   0.0000000000E+00   0.0000000000E+00   0.0000000000E+00   0.0000000000E+00
