
$orca_hessian_file

$act_atom
  0

$act_coord
  0

$act_energy
        0.000000

$multiplicity
  1

$hessian
42
                    0                  1                  2                  3                  4        
    0      1.1220845688E-01  -1.9936731368E-02   1.6634287315E-01  -6.2498530812E-02   1.4832427174E-02
    1     -1.9936731368E-02   7.8118611235E-01   2.2773275646E-03   8.1188502839E-02  -3.7312695647E-01
    2      1.6634287315E-01   2.2773275646E-03   6.5851981755E-01  -3.5066679045E-02   9.2415624033E-02
    3     -6.2498530812E-02   8.1188502839E-02  -3.5066679045E-02   2.4929055349E-01  -9.1784123416E-04
    4      1.4832427174E-02  -3.7312695647E-01   9.2415624033E-02  -9.1784123416E-04   7.9947404111E-01
    5     -5.1135253896E-02   1.0028973173E-01  -1.1346554919E-01   1.0158626569E-01   4.5934445330E-02
    6     -1.2018905482E-03   4.5775336173E-03  -1.5707102175E-02  -3.6609584308E-02   1.2842598821E-02
    7      1.0795467023E-02  -3.9659032617E-03   2.9216068625E-02   7.0258112495E-03  -4.6673157783E-02
    8     -1.2957141847E-02   7.0678693261E-03  -3.0211728916E-02  -2.1676827311E-02   4.3384017243E-02
    9      5.2034815442E-02  -2.4147304501E-02   1.2881009576E-03  -8.9223873786E-02  -7.3167149862E-03
   10      4.4491325772E-02  -9.0485202927E-02  -3.3087386983E-02  -5.0922678555E-02  -3.3403199480E-01
   11      2.1037864909E-02  -2.4363708732E-02   1.2905929572E-02  -3.6309602088E-02  -1.7787703386E-01
   12     -6.1840678514E-02   4.0495140339E-02  -4.9394171492E-04  -2.2819750643E-02  -1.3803713378E-01
   13      1.4381716429E-02  -5.5537856425E-03  -1.2305549355E-03  -1.6216315198E-02   4.9940615274E-03
   14     -3.7727899051E-03   9.7319626789E-04  -1.2349038577E-03  -1.0344437129E-02  -8.0242432523E-03
   15     -4.1600378886E-04  -6.8569658560E-03  -3.5657645957E-03  -1.5270230467E-02   1.6808821904E-02
   16     -7.0322891366E-02   2.5970258286E-02  -1.9657611925E-03  -3.7053098535E-03  -9.1634310298E-02
   17     -1.3714503843E-02   8.4608339408E-03   1.6038012929E-03  -2.0138152705E-03  -1.7425066804E-02
   18      6.0251179494E-02  -2.0711488934E-02  -5.0675435498E-04  -2.1054070486E-02   7.9557215785E-02
   19      4.7814275600E-02  -3.0159153677E-02   8.1832312765E-05  -7.9471770255E-03   5.5371961931E-02
   20      1.0025418374E-02  -6.4877073093E-03  -1.6613750259E-02  -2.4662892775E-04   1.7391909644E-02
   21     -3.3034616928E-02   6.4318929207E-03  -6.1387459853E-02  -1.0356696430E-03   1.3023920409E-02
   22      1.2446992674E-02  -6.7903732232E-02   4.9351499494E-02   3.5792879126E-03  -1.6647239450E-03
   23     -6.9348874941E-02   5.7602065083E-02  -3.4436866332E-01  -5.8165394253E-04  -5.7283113799E-03
   24     -4.9216991681E-02  -6.5272756848E-02  -5.5605968369E-02   7.9911695960E-04   1.3152436130E-02
   25     -5.2493224395E-02  -2.3725201032E-01  -1.3834106059E-01  -1.2143573886E-02  -1.3239511011E-02
   26     -5.2919159543E-02  -1.4346939909E-01  -1.6659319889E-01   4.1354760768E-03   6.1561906430E-03
   27      3.7280088199E-03  -3.4201707284E-03  -7.4048740425E-04   1.7485724258E-03   9.2989763000E-03
   28      1.0569695785E-03  -1.0097086557E-03  -2.4813796225E-04  -9.9828097254E-04   2.7081199559E-03
   29     -3.8976214590E-04   3.1176576902E-04  -1.0000171597E-04  -4.4472471324E-04  -1.2042479846E-03
   30      5.0437112637E-04  -6.9675011946E-04  -5.1603634493E-04  -3.4455045287E-03   5.0682862794E-04
   31      5.5931501972E-04   3.3656130429E-05  -1.7313252381E-04  -1.1546498359E-03   5.5214147006E-04
   32     -5.0668061047E-04   4.8276502932E-04   2.7641381608E-04   1.1741710350E-03  -4.0813692144E-04
   33      7.1607235804E-04  -2.6369657051E-04  -3.7360914679E-04   7.4689229676E-04   8.5856528153E-04
   34      7.8309265412E-05   2.9532217147E-04   6.1456354553E-05   2.9108295706E-05  -5.4982059134E-04
   35     -1.6224472075E-04   1.9339600795E-04  -3.1164277735E-05   1.9765951260E-04  -4.4502695031E-04
   36     -8.6920530619E-03   5.8559784212E-03  -1.2366398822E-03   1.4107659602E-03  -4.4397909527E-03
   37     -2.6054832800E-03   1.9753788643E-03   7.2044767187E-06   5.5288279781E-04  -1.5773006740E-03
   38      4.5433899971E-03  -2.8268655591E-03   5.8830584047E-04   4.5106826089E-05   3.2312068400E-03
   39     -1.2542138787E-02   2.7517436874E-03   7.5671440879E-03  -2.0386864571E-03  -1.0190169601E-02
   40     -1.0933950270E-03  -4.2746184302E-06   1.6403427794E-03   1.6500935885E-03  -6.0255042731E-04
   41      2.9591897146E-03  -5.1659148664E-04  -1.2753076498E-03  -4.5877551680E-04   2.6331704347E-03
                    5                  6                  7                  8                  9        
    0     -5.1135253896E-02  -1.2018905482E-03   1.0795467023E-02  -1.2957141847E-02   5.2034815442E-02
    1      1.0028973173E-01   4.5775336173E-03  -3.9659032617E-03   7.0678693261E-03  -2.4147304501E-02
    2     -1.1346554919E-01  -1.5707102175E-02   2.9216068625E-02  -3.0211728916E-02   1.2881009576E-03
    3      1.0158626569E-01  -3.6609584308E-02   7.0258112495E-03  -2.1676827311E-02  -8.9223873786E-02
    4      4.5934445330E-02   1.2842598821E-02  -4.6673157783E-02   4.3384017243E-02  -7.3167149862E-03
    5      3.8267839865E-01  -1.3309454100E-02   1.7839618663E-02  -7.8883957477E-02  -2.2121286685E-02
    6     -1.3309454100E-02   3.2363926503E-02  -9.5708693098E-03   5.5652606447E-02  -1.3885837890E-03
    7      1.7839618663E-02  -9.5708693098E-03   4.5849949645E-02  -2.3102748439E-02  -1.1407334156E-02
    8     -7.8883957477E-02   5.5652606447E-02  -2.3102748439E-02   1.6754877594E-01  -2.3807388824E-02
    9     -2.2121286685E-02  -1.3885837890E-03  -1.1407334156E-02  -2.3807388824E-02   6.9521640640E-02
   10     -1.6397961012E-01  -1.2954916615E-02   6.5151463712E-03  -3.3762652863E-02   1.3957296995E-02
   11     -1.9280842140E-01  -2.2659093601E-02  -2.6401908142E-02  -5.8110964698E-02   2.6425644231E-02
   12     -4.8143143557E-02   3.4237160396E-03   3.5476000229E-03   5.8065094210E-03   8.6570547035E-02
   13      3.0772052125E-03  -9.7292740402E-05  -6.5683801131E-04   2.9046073016E-03  -9.0180756804E-03
   14      4.4390222696E-03  -9.3903961383E-04  -4.3761874457E-04  -2.0304530418E-03   1.3336216159E-02
   15      6.2098022678E-03   8.9273377463E-04  -1.6565208667E-04  -2.4596740621E-03  -4.5891961446E-02
   16     -2.0594166099E-02   8.5682183237E-04   2.7715760514E-03  -2.1157113318E-03   8.0587521819E-02
   17     -2.9045967449E-03  -4.7320295731E-04   2.8188864976E-04   1.9134332739E-03   1.8519915024E-02
   18      1.3698322138E-02   1.7038507057E-03  -3.0848534789E-03   3.9182361131E-03  -4.4251234153E-02
   19      7.3589839204E-03   2.0852002214E-03  -1.9262802170E-03   2.6443293985E-03  -3.6314251139E-02
   20      5.3751401075E-03  -1.3358616210E-03   2.8470629802E-04  -2.4994877697E-03  -1.9144754221E-02
   21     -8.8251992992E-03   3.5999398778E-03   2.1113785335E-03  -2.8382402812E-03  -8.7821588451E-03
   22      2.7378896514E-02   2.0855330668E-03  -3.0072892899E-03   3.4853353243E-03   2.7818657371E-04
   23     -5.6814050445E-03  -1.4167380512E-03   1.2552978316E-03   7.9435295898E-04   2.6860388258E-03
   24      8.3073467058E-03  -1.8845379921E-03   3.6342627823E-04   1.0363853641E-03   5.2294353887E-03
   25     -2.0760992329E-02   3.4170159730E-04   8.2238259833E-04   4.4677553030E-04   2.3379545230E-03
   26      4.5622627578E-03   5.0882405238E-04   1.5364099936E-03  -8.1590110530E-04  -1.9670542407E-03
   27      7.6336034814E-03  -4.9722741820E-04   2.9854320175E-04  -1.3932066662E-03  -2.1196019226E-02
   28      3.8681017851E-03   2.4028671088E-04   2.9535594432E-05  -4.6796254119E-04  -7.4916395912E-03
   29     -8.9008585910E-05   1.2913779422E-04   8.8149893809E-05   4.7121483025E-04   3.5971188135E-03
   30      2.5735335073E-03   6.8530144982E-05  -3.4617281365E-05   5.5833701351E-05  -8.7576110730E-03
   31      1.5210001919E-03   2.2084126396E-04   1.0447711294E-04   4.3936297234E-05  -2.5003421987E-03
   32     -1.6916046793E-03  -2.8308183533E-04  -1.5560519521E-04   3.2300538769E-04   3.4922014674E-03
   33     -4.0840153348E-04  -5.1158039319E-04  -5.9463914947E-06  -4.9993900145E-05  -2.8650413595E-04
   34     -1.8684119774E-04  -1.2226609764E-04   9.1891654353E-05  -1.8223291637E-05  -3.7565470819E-05
   35     -1.9774171363E-04   6.0773519635E-05  -3.7592930837E-05   2.0343438609E-04   2.5376779367E-04
   36      2.0826544783E-04  -6.5661909965E-04   1.5278176875E-04  -5.2272883804E-04   2.0868124811E-03
   37     -4.8650186677E-04  -2.6074658345E-04   1.2991389083E-04  -3.6667112724E-04   4.3079373847E-04
   38     -1.1761351610E-03  -4.1879757900E-04  -1.3398944774E-05   6.0561606218E-04  -1.9667505483E-03
   39      3.7300646368E-03   6.9732650298E-04  -2.3953707045E-05  -7.6301440576E-04   4.3346954670E-03
   40     -1.2943687454E-03  -2.4620745053E-04  -8.5404356261E-05  -1.4313524883E-04   6.2956762107E-04
   41     -1.5640378221E-04   1.8967481024E-04  -3.5303313519E-04   6.9266017010E-04  -6.0910055046E-04
                   10                 11                 12                 13                 14        
    0      4.4491325772E-02   2.1037864909E-02  -6.1840678514E-02   1.4381716429E-02  -3.7727899051E-03
    1     -9.0485202927E-02  -2.4363708732E-02   4.0495140339E-02  -5.5537856425E-03   9.7319626789E-04
    2     -3.3087386983E-02   1.2905929572E-02  -4.9394171492E-04  -1.2305549355E-03  -1.2349038577E-03
    3     -5.0922678555E-02  -3.6309602088E-02  -2.2819750643E-02  -1.6216315198E-02  -1.0344437129E-02
    4     -3.3403199480E-01  -1.7787703386E-01  -1.3803713378E-01   4.9940615274E-03  -8.0242432523E-03
    5     -1.6397961012E-01  -1.9280842140E-01  -4.8143143557E-02   3.0772052125E-03   4.4390222696E-03
    6     -1.2954916615E-02  -2.2659093601E-02   3.4237160396E-03  -9.7292740402E-05  -9.3903961383E-04
    7      6.5151463712E-03  -2.6401908142E-02   3.5476000229E-03  -6.5683801131E-04  -4.3761874457E-04
    8     -3.3762652863E-02  -5.8110964698E-02   5.8065094210E-03   2.9046073016E-03  -2.0304530418E-03
    9      1.3957296995E-02   2.6425644231E-02   8.6570547035E-02  -9.0180756804E-03   1.3336216159E-02
   10      4.4118422579E-01   2.3219076765E-01   9.4263737545E-02  -3.7987852161E-02  -1.9272545870E-03
   11      2.3219076765E-01   2.6024654902E-01   3.6801641470E-02  -1.1580844661E-02  -3.0236743694E-02
   12      9.4263737545E-02   3.6801641470E-02   1.1062229757E-01  -1.1756280202E-01   1.1060909188E-01
   13     -3.7987852161E-02  -1.1580844661E-02  -1.1756280202E-01   7.0878858747E-01   3.5834517896E-02
   14     -1.9272545870E-03  -3.0236743694E-02   1.1060909188E-01   3.5834517896E-02   6.7378930027E-01
   15     -1.1620234535E-02  -5.4723031122E-03  -1.0330718914E-01   1.2687125840E-01  -5.0562868612E-02
   16      6.4909006398E-02   2.1413048537E-02   4.5025324698E-02  -2.9671908461E-01   5.5285970419E-02
   17      6.6228699280E-03   5.0369126310E-03  -6.6364652839E-02   6.6615885243E-02  -1.3243203799E-01
   18     -4.7866296068E-02  -1.8962604638E-02   5.9170882393E-02  -2.6006090836E-03   1.3892018452E-02
   19     -4.0164679877E-02  -1.4440332896E-02   5.1175926851E-02  -5.1942228810E-02  -1.8659681906E-02
   20     -1.4002796726E-02  -3.8090813714E-03   2.5803056894E-02  -4.8229382371E-03   1.1784751864E-02
   21     -7.2794639456E-03  -1.4237621410E-03   7.0368307608E-03  -2.3844758488E-03   3.9308429446E-04
   22      2.0737465603E-03  -1.6172958149E-03  -2.1983309863E-04  -2.1186395885E-04   2.3657083112E-04
   23      2.7984042393E-04   1.5766588996E-03  -1.9265009799E-03   1.0292241469E-03  -1.0042524980E-04
   24     -5.5801614085E-04  -3.6835384544E-03   1.1183826904E-03   7.6593602503E-04  -8.8704671565E-04
   25     -6.2259465647E-03   1.5077355781E-03   8.3859176367E-04   4.0116276376E-04  -1.8663787294E-04
   26      3.9277133995E-03   3.0689963071E-03  -1.2343502470E-03   3.4058092430E-06   2.9426242184E-04
   27     -1.4610893433E-02   1.1914815134E-02  -3.3169303863E-02   9.3464408512E-03  -4.4189166163E-02
   28     -4.5934074711E-03   3.0769508701E-03   1.8988047088E-02  -7.6036657527E-02   6.1247905695E-02
   29      1.3989358672E-03  -6.1545735256E-04  -4.6235008942E-02   6.5078272508E-02  -3.3884639334E-01
   30     -1.5116639877E-02  -9.8823806483E-03  -3.8840903088E-02  -7.2955135380E-03  -1.1719372038E-02
   31     -3.6662235486E-03  -2.5810101101E-03  -2.9771588115E-03  -2.4125079096E-01  -1.4898225716E-01
   32      5.4826807585E-03   3.4670232856E-03  -1.5480788366E-02  -1.5288301385E-01  -1.8185501582E-01
   33     -9.2841023328E-04  -8.9341512624E-06  -3.7474106289E-04   2.1246906104E-03  -1.3813646319E-02
   34      3.5003881020E-04  -4.1857055357E-04   8.0932979017E-03  -2.5326632895E-03   2.9752858107E-02
   35      4.6258168161E-04   4.3558703688E-04  -7.0897801144E-04  -1.0489028242E-03  -3.4860321595E-03
   36      2.7491135666E-03   9.8495485664E-04   3.4601517926E-03   4.9897942046E-04  -3.6973298516E-03
   37      1.5022054510E-03   7.4978259890E-04  -1.0343276913E-03  -3.1832199884E-03  -4.6229998527E-03
   38     -2.1218822270E-03  -6.4231683089E-04  -4.0274887366E-04  -3.8092727586E-03  -1.2142474415E-03
   39      6.4079819780E-03   1.2546300315E-03  -1.1050241970E-02   1.2043869267E-03   1.6978083362E-03
   40      6.2093797310E-04   3.6027703506E-04  -2.6147353543E-03   1.8911731964E-03  -4.7406158752E-04
   41     -1.5016636909E-03  -5.1467140603E-04   1.9672911003E-03   8.1614489268E-04   1.1289157777E-03
                   15                 16                 17                 18                 19        
    0     -4.1600378886E-04  -7.0322891366E-02  -1.3714503843E-02   6.0251179494E-02   4.7814275600E-02
    1     -6.8569658560E-03   2.5970258286E-02   8.4608339408E-03  -2.0711488934E-02  -3.0159153677E-02
    2     -3.5657645957E-03  -1.9657611925E-03   1.6038012929E-03  -5.0675435498E-04   8.1832312765E-05
    3     -1.5270230467E-02  -3.7053098535E-03  -2.0138152705E-03  -2.1054070486E-02  -7.9471770255E-03
    4      1.6808821904E-02  -9.1634310298E-02  -1.7425066804E-02   7.9557215785E-02   5.5371961931E-02
    5      6.2098022678E-03  -2.0594166099E-02  -2.9045967449E-03   1.3698322138E-02   7.3589839204E-03
    6      8.9273377463E-04   8.5682183237E-04  -4.7320295731E-04   1.7038507057E-03   2.0852002214E-03
    7     -1.6565208667E-04   2.7715760514E-03   2.8188864976E-04  -3.0848534789E-03  -1.9262802170E-03
    8     -2.4596740621E-03  -2.1157113318E-03   1.9134332739E-03   3.9182361131E-03   2.6443293985E-03
    9     -4.5891961446E-02   8.0587521819E-02   1.8519915024E-02  -4.4251234153E-02  -3.6314251139E-02
   10     -1.1620234535E-02   6.4909006398E-02   6.6228699280E-03  -4.7866296068E-02  -4.0164679877E-02
   11     -5.4723031122E-03   2.1413048537E-02   5.0369126310E-03  -1.8962604638E-02  -1.4440332896E-02
   12     -1.0330718914E-01   4.5025324698E-02  -6.6364652839E-02   5.9170882393E-02   5.1175926851E-02
   13      1.2687125840E-01  -2.9671908461E-01   6.6615885243E-02  -2.6006090836E-03  -5.1942228810E-02
   14     -5.0562868612E-02   5.5285970419E-02  -1.3243203799E-01   1.3892018452E-02  -1.8659681906E-02
   15      2.8765877726E-01  -1.2368941562E-01   1.9475338425E-01  -6.9125066181E-02  -2.4531278508E-02
   16     -1.2368941562E-01   6.5973785373E-01   7.1301249583E-02   3.5208665686E-02  -2.8297849633E-01
   17      1.9475338425E-01   7.1301249583E-02   6.8098349426E-01  -3.2841327895E-02  -1.6530743154E-01
   18     -6.9125066181E-02   3.5208665686E-02  -3.2841327895E-02   1.5038196896E-01  -1.5034898821E-01
   19     -2.4531278508E-02  -2.8297849633E-01  -1.6530743154E-01  -1.5034898821E-01   7.0821548797E-01
   20     -4.4747072927E-02  -1.5189955104E-01  -2.4111284620E-01   1.3263691510E-01   7.5971223936E-02
   21     -6.3054873053E-04   6.8505184087E-03   2.5144809534E-03  -9.0656555668E-03  -7.5123747571E-03
   22     -6.5133518812E-04  -3.1203732002E-04   7.6040909277E-04  -8.9515169339E-04  -5.8126575603E-04
   23     -6.8090758599E-04  -2.4139610414E-03   8.4933422192E-04   1.0162731820E-03   1.0888416206E-03
   24     -1.7629777200E-03   5.0747461929E-04   1.3014296577E-03  -1.8370853171E-03  -4.8638434508E-03
   25     -4.7140888133E-04   3.2058718916E-05   3.7417284240E-04   2.9139382316E-04  -8.4450946251E-05
   26      5.4445180265E-04  -6.5317572635E-04  -5.5494659019E-04   1.3747823560E-03   2.1460930424E-03
   27     -1.4740019456E-03   1.2650204084E-02  -1.6728053372E-02  -6.8631924779E-03  -5.7051528721E-03
   28      2.9377260993E-03   1.7008357442E-03   2.6518896434E-02  -1.8057766753E-03   2.3939622035E-04
   29     -9.6967896097E-04  -1.7292839542E-03  -2.5983314644E-03   9.5906558813E-04  -3.7990619854E-04
   30      7.4201784611E-03   1.5272653760E-02   1.2355282417E-02   1.2259085816E-03   4.3782196280E-03
   31     -3.8844244649E-03  -1.1893747955E-02  -1.7557926097E-02   3.5014989485E-03  -3.8418580550E-03
   32      5.5082853323E-04   8.1396865687E-03   8.3293084136E-03  -1.0441057004E-03   1.2832434357E-03
   33     -6.8961531884E-02   1.8086664019E-02  -8.8878787072E-02   1.5400322689E-03   5.4366835434E-04
   34      1.9445169466E-02  -6.2645066251E-02   3.5606669699E-02  -7.9656307833E-03   6.1529324435E-03
   35     -9.7338379892E-02   3.3606613043E-02  -3.1579078221E-01  -4.7839159008E-03   4.9093742384E-03
   36      8.5522786727E-03  -8.8379689699E-03   1.1518465262E-03  -7.9379738479E-02   1.1083183364E-01
   37      1.1474402587E-02  -1.5625749550E-02   1.0517327715E-02   1.0207692562E-01  -2.9412757220E-01
   38      8.3127202064E-03  -1.5485484892E-02   9.1410284938E-03  -3.8658356592E-02   7.0238375577E-02
   39      2.3155431337E-03  -8.5141413697E-03  -9.5913253322E-03  -4.2697779737E-02   2.0420130407E-02
   40     -5.6427850532E-03   6.6869033842E-03  -2.6777194923E-02   1.4616906319E-02  -6.4173792703E-02
   41     -4.5652075590E-03   7.1179433573E-03  -1.2463771385E-02  -7.0705030361E-02   3.3080680805E-02
                   20                 21                 22                 23                 24        
    0      1.0025418374E-02  -3.3034616928E-02   1.2446992674E-02  -6.9348874941E-02  -4.9216991681E-02
    1     -6.4877073093E-03   6.4318929207E-03  -6.7903732232E-02   5.7602065083E-02  -6.5272756848E-02
    2     -1.6613750259E-02  -6.1387459853E-02   4.9351499494E-02  -3.4436866332E-01  -5.5605968369E-02
    3     -2.4662892775E-04  -1.0356696430E-03   3.5792879126E-03  -5.8165394253E-04   7.9911695960E-04
    4      1.7391909644E-02   1.3023920409E-02  -1.6647239450E-03  -5.7283113799E-03   1.3152436130E-02
    5      5.3751401075E-03  -8.8251992992E-03   2.7378896514E-02  -5.6814050445E-03   8.3073467058E-03
    6     -1.3358616210E-03   3.5999398778E-03   2.0855330668E-03  -1.4167380512E-03  -1.8845379921E-03
    7      2.8470629802E-04   2.1113785335E-03  -3.0072892899E-03   1.2552978316E-03   3.6342627823E-04
    8     -2.4994877697E-03  -2.8382402812E-03   3.4853353243E-03   7.9435295898E-04   1.0363853641E-03
    9     -1.9144754221E-02  -8.7821588451E-03   2.7818657371E-04   2.6860388258E-03   5.2294353887E-03
   10     -1.4002796726E-02  -7.2794639456E-03   2.0737465603E-03   2.7984042393E-04  -5.5801614085E-04
   11     -3.8090813714E-03  -1.4237621410E-03  -1.6172958149E-03   1.5766588996E-03  -3.6835384544E-03
   12      2.5803056894E-02   7.0368307608E-03  -2.1983309863E-04  -1.9265009799E-03   1.1183826904E-03
   13     -4.8229382371E-03  -2.3844758488E-03  -2.1186395885E-04   1.0292241469E-03   7.6593602503E-04
   14      1.1784751864E-02   3.9308429446E-04   2.3657083112E-04  -1.0042524980E-04  -8.8704671565E-04
   15     -4.4747072927E-02  -6.3054873053E-04  -6.5133518812E-04  -6.8090758599E-04  -1.7629777200E-03
   16     -1.5189955104E-01   6.8505184087E-03  -3.1203732002E-04  -2.4139610414E-03   5.0747461929E-04
   17     -2.4111284620E-01   2.5144809534E-03   7.6040909277E-04   8.4933422192E-04   1.3014296577E-03
   18      1.3263691510E-01  -9.0656555668E-03  -8.9515169339E-04   1.0162731820E-03  -1.8370853171E-03
   19      7.5971223936E-02  -7.5123747571E-03  -5.8126575603E-04   1.0888416206E-03  -4.8638434508E-03
   20      6.7920245660E-01   6.1380986830E-03   6.9690105943E-04  -1.0857222817E-03  -3.9553462151E-03
   21      6.1380986830E-03   4.3300260091E-02  -1.3403955613E-02   7.0784008678E-02  -3.5432674781E-04
   22      6.9690105943E-04  -1.3403955613E-02   6.3046510839E-02  -5.9017829766E-02  -3.4069413799E-03
   23     -1.0857222817E-03   7.0784008678E-02  -5.9017829766E-02   3.5597384878E-01  -1.1023742174E-03
   24     -3.9553462151E-03  -3.5432674781E-04  -3.4069413799E-03  -1.1023742174E-03   4.6797584203E-02
   25     -4.4289450217E-04   2.5305341883E-03   8.5992099613E-03   6.0842712571E-03   5.9069901656E-02
   26      1.4384672482E-03  -5.0335549031E-03  -2.0898789761E-02  -8.1384963078E-03   5.5040564920E-02
   27     -8.2322291565E-04  -7.0028856250E-04   3.1815091529E-05   1.3156001853E-04   1.0003929135E-04
   28      5.6685500831E-04  -1.5001689685E-04   3.2275595496E-05   6.0502407461E-06   5.2501212663E-05
   29      1.4028977492E-03   6.5174523343E-06  -2.0333207827E-05  -3.2198651668E-05  -3.0721721536E-05
   30     -3.4168241115E-03  -2.0915824938E-04   2.3559059957E-05   8.5656176169E-05   2.4536270458E-05
   31      1.5355159353E-03  -1.0302881105E-04  -1.6203095958E-05  -1.0282964763E-05   6.6611705706E-05
   32      5.7347485606E-04   1.2590160420E-04  -5.3062763483E-06  -1.5672296128E-05  -5.2917888308E-05
   33     -2.2938022104E-03  -1.5288772417E-04  -1.2166046098E-04   2.0457351704E-04  -8.0789018876E-05
   34     -2.7999082246E-02  -2.2489051714E-04   3.7584600904E-05   1.1691279228E-04   1.1453382400E-04
   35     -1.4656273342E-02  -2.5954447379E-04  -1.0903227754E-04   1.2328850486E-05   8.6483533231E-05
   36     -3.4988612210E-02   7.6281863074E-04   2.9494368267E-04   8.8773835601E-05   2.9272278238E-04
   37      6.9491183166E-02   2.6577410491E-04   8.7435119167E-05  -1.9423448592E-04   2.4734567171E-04
   38     -8.0274550051E-02  -1.6164033458E-04  -2.4914339361E-04   1.1509821977E-04  -5.1977450567E-04
   39     -6.3644881183E-02  -7.3453836285E-04  -3.8117232498E-05   5.3553078825E-05   7.7489089074E-04
   40      3.9701049261E-02  -1.5913556962E-04  -1.7964707879E-04  -9.1314645515E-05  -2.3605194300E-04
   41     -3.3972547716E-01  -2.6077974450E-05   1.5490677444E-06   1.0096121816E-04   6.7976690630E-05
                   25                 26                 27                 28                 29        
    0     -5.2493224395E-02  -5.2919159543E-02   3.7280088199E-03   1.0569695785E-03  -3.8976214590E-04
    1     -2.3725201032E-01  -1.4346939909E-01  -3.4201707284E-03  -1.0097086557E-03   3.1176576902E-04
    2     -1.3834106059E-01  -1.6659319889E-01  -7.4048740425E-04  -2.4813796225E-04  -1.0000171597E-04
    3     -1.2143573886E-02   4.1354760768E-03   1.7485724258E-03  -9.9828097254E-04  -4.4472471324E-04
    4     -1.3239511011E-02   6.1561906430E-03   9.2989763000E-03   2.7081199559E-03  -1.2042479846E-03
    5     -2.0760992329E-02   4.5622627578E-03   7.6336034814E-03   3.8681017851E-03  -8.9008585910E-05
    6      3.4170159730E-04   5.0882405238E-04  -4.9722741820E-04   2.4028671088E-04   1.2913779422E-04
    7      8.2238259833E-04   1.5364099936E-03   2.9854320175E-04   2.9535594432E-05   8.8149893809E-05
    8      4.4677553030E-04  -8.1590110530E-04  -1.3932066662E-03  -4.6796254119E-04   4.7121483025E-04
    9      2.3379545230E-03  -1.9670542407E-03  -2.1196019226E-02  -7.4916395912E-03   3.5971188135E-03
   10     -6.2259465647E-03   3.9277133995E-03  -1.4610893433E-02  -4.5934074711E-03   1.3989358672E-03
   11      1.5077355781E-03   3.0689963071E-03   1.1914815134E-02   3.0769508701E-03  -6.1545735256E-04
   12      8.3859176367E-04  -1.2343502470E-03  -3.3169303863E-02   1.8988047088E-02  -4.6235008942E-02
   13      4.0116276376E-04   3.4058092430E-06   9.3464408512E-03  -7.6036657527E-02   6.5078272508E-02
   14     -1.8663787294E-04   2.9426242184E-04  -4.4189166163E-02   6.1247905695E-02  -3.3884639334E-01
   15     -4.7140888133E-04   5.4445180265E-04  -1.4740019456E-03   2.9377260993E-03  -9.6967896097E-04
   16      3.2058718916E-05  -6.5317572635E-04   1.2650204084E-02   1.7008357442E-03  -1.7292839542E-03
   17      3.7417284240E-04  -5.5494659019E-04  -1.6728053372E-02   2.6518896434E-02  -2.5983314644E-03
   18      2.9139382316E-04   1.3747823560E-03  -6.8631924779E-03  -1.8057766753E-03   9.5906558813E-04
   19     -8.4450946251E-05   2.1460930424E-03  -5.7051528721E-03   2.3939622035E-04  -3.7990619854E-04
   20     -4.4289450217E-04   1.4384672482E-03  -8.2322291565E-04   5.6685500831E-04   1.4028977492E-03
   21      2.5305341883E-03  -5.0335549031E-03  -7.0028856250E-04  -1.5001689685E-04   6.5174523343E-06
   22      8.5992099613E-03  -2.0898789761E-02   3.1815091529E-05   3.2275595496E-05  -2.0333207827E-05
   23      6.0842712571E-03  -8.1384963078E-03   1.3156001853E-04   6.0502407461E-06  -3.2198651668E-05
   24      5.9069901656E-02   5.5040564920E-02   1.0003929135E-04   5.2501212663E-05  -3.0721721536E-05
   25      2.4706330470E-01   1.5118617776E-01  -7.4392209524E-05  -3.0176048181E-05  -3.4346316408E-05
   26      1.5118617776E-01   1.6654537172E-01   7.6631709611E-05   1.9226864455E-05  -1.1885985437E-05
   27     -7.4392209524E-05   7.6631709611E-05   5.0627330005E-02  -1.3890468222E-02   4.6586342483E-02
   28     -3.0176048181E-05   1.9226864455E-05  -1.3890468222E-02   7.1256939244E-02  -7.0874458637E-02
   29     -3.4346316408E-05  -1.1885985437E-05   4.6586342483E-02  -7.0874458637E-02   3.4987639861E-01
   30      1.2278637100E-05   3.1179716185E-06   2.7555207554E-03  -2.2302861674E-03  -2.8661581806E-03
   31      1.5791523973E-06  -6.9765242017E-07   1.5963627954E-03   9.2602125502E-03   6.5883685509E-03
   32      2.4556861262E-05  -8.9313618314E-06  -1.2538547337E-03  -2.2939020486E-02  -1.0958773095E-02
   33     -4.5714176931E-05   1.3548411151E-04   3.6248606665E-03   2.7847666297E-03  -5.5678283903E-04
   34     -1.8563394909E-05   1.6006016452E-05   4.5016050022E-03  -3.3541389819E-03   3.0578211591E-04
   35     -2.2193180444E-06   6.8770478332E-05  -1.8612750383E-03   2.6441650249E-04   1.2181738937E-03
   36     -7.0176456350E-05  -3.7132236020E-04  -5.6678855215E-05   2.6345737140E-04  -3.2347924509E-04
   37      5.3678158011E-05  -8.5612436669E-05  -1.1974256100E-04   2.0538761598E-04  -1.1013457185E-04
   38      4.6748379046E-05   6.3956145399E-05   4.7953712384E-06  -4.6733981020E-04   2.1781577764E-04
   39     -1.2642354382E-04  -2.9639049126E-04   1.3723803836E-03   2.4421081367E-04   5.3107283005E-04
   40     -1.2271776357E-04   1.1286893832E-04   9.5375719958E-05  -4.0861383621E-04   5.6554515495E-04
   41      1.0129491090E-04   8.1273162276E-05   6.4857988273E-04  -5.5559295225E-04   6.5549328764E-05
                   30                 31                 32                 33                 34        
    0      5.0437112637E-04   5.5931501972E-04  -5.0668061047E-04   7.1607235804E-04   7.8309265412E-05
    1     -6.9675011946E-04   3.3656130429E-05   4.8276502932E-04  -2.6369657051E-04   2.9532217147E-04
    2     -5.1603634493E-04  -1.7313252381E-04   2.7641381608E-04  -3.7360914679E-04   6.1456354553E-05
    3     -3.4455045287E-03  -1.1546498359E-03   1.1741710350E-03   7.4689229676E-04   2.9108295706E-05
    4      5.0682862794E-04   5.5214147006E-04  -4.0813692144E-04   8.5856528153E-04  -5.4982059134E-04
    5      2.5735335073E-03   1.5210001919E-03  -1.6916046793E-03  -4.0840153348E-04  -1.8684119774E-04
    6      6.8530144982E-05   2.2084126396E-04  -2.8308183533E-04  -5.1158039319E-04  -1.2226609764E-04
    7     -3.4617281365E-05   1.0447711294E-04  -1.5560519521E-04  -5.9463914947E-06   9.1891654353E-05
    8      5.5833701351E-05   4.3936297234E-05   3.2300538769E-04  -4.9993900145E-05  -1.8223291637E-05
    9     -8.7576110730E-03  -2.5003421987E-03   3.4922014674E-03  -2.8650413595E-04  -3.7565470819E-05
   10     -1.5116639877E-02  -3.6662235486E-03   5.4826807585E-03  -9.2841023328E-04   3.5003881020E-04
   11     -9.8823806483E-03  -2.5810101101E-03   3.4670232856E-03  -8.9341512624E-06  -4.1857055357E-04
   12     -3.8840903088E-02  -2.9771588115E-03  -1.5480788366E-02  -3.7474106289E-04   8.0932979017E-03
   13     -7.2955135380E-03  -2.4125079096E-01  -1.5288301385E-01   2.1246906104E-03  -2.5326632895E-03
   14     -1.1719372038E-02  -1.4898225716E-01  -1.8185501582E-01  -1.3813646319E-02   2.9752858107E-02
   15      7.4201784611E-03  -3.8844244649E-03   5.5082853323E-04  -6.8961531884E-02   1.9445169466E-02
   16      1.5272653760E-02  -1.1893747955E-02   8.1396865687E-03   1.8086664019E-02  -6.2645066251E-02
   17      1.2355282417E-02  -1.7557926097E-02   8.3293084136E-03  -8.8878787072E-02   3.5606669699E-02
   18      1.2259085816E-03   3.5014989485E-03  -1.0441057004E-03   1.5400322689E-03  -7.9656307833E-03
   19      4.3782196280E-03  -3.8418580550E-03   1.2832434357E-03   5.4366835434E-04   6.1529324435E-03
   20     -3.4168241115E-03   1.5355159353E-03   5.7347485606E-04  -2.2938022104E-03  -2.7999082246E-02
   21     -2.0915824938E-04  -1.0302881105E-04   1.2590160420E-04  -1.5288772417E-04  -2.2489051714E-04
   22      2.3559059957E-05  -1.6203095958E-05  -5.3062763483E-06  -1.2166046098E-04   3.7584600904E-05
   23      8.5656176169E-05  -1.0282964763E-05  -1.5672296128E-05   2.0457351704E-04   1.1691279228E-04
   24      2.4536270458E-05   6.6611705706E-05  -5.2917888308E-05  -8.0789018876E-05   1.1453382400E-04
   25      1.2278637100E-05   1.5791523973E-06   2.4556861262E-05  -4.5714176931E-05  -1.8563394909E-05
   26      3.1179716185E-06  -6.9765242017E-07  -8.9313618314E-06   1.3548411151E-04   1.6006016452E-05
   27      2.7555207554E-03   1.5963627954E-03  -1.2538547337E-03   3.6248606665E-03   4.5016050022E-03
   28     -2.2302861674E-03   9.2602125502E-03  -2.2939020486E-02   2.7847666297E-03  -3.3541389819E-03
   29     -2.8661581806E-03   6.5883685509E-03  -1.0958773095E-02  -5.5678283903E-04   3.0578211591E-04
   30      4.2602165369E-02   6.1547701205E-03   1.2153929126E-02  -2.8104765233E-03  -1.6240346570E-03
   31      6.1547701205E-03   2.5067710347E-01   1.6029810022E-01  -1.1052358568E-03   7.7066463996E-04
   32      1.2153929126E-02   1.6029810022E-01   1.8026227303E-01   1.1837210409E-03  -1.7450346751E-05
   33     -2.8104765233E-03  -1.1052358568E-03   1.1837210409E-03   6.3994023581E-02  -2.1701684931E-02
   34     -1.6240346570E-03   7.7066463996E-04  -1.7450346751E-05  -2.1701684931E-02   6.3926965359E-02
   35      1.0271048767E-03   3.8319933597E-04   5.1231667450E-04   1.0449539025E-01  -3.5292454950E-02
   36     -6.8257081026E-04  -4.5052909267E-04   4.0208850259E-05  -4.3979146875E-03  -9.8252757274E-04
   37      7.2110097149E-04  -7.4536526217E-04   4.3739062361E-04  -1.4314007089E-03   7.8959121253E-04
   38      5.3946696812E-04  -9.2228640330E-04   4.5425696362E-04   1.6905855427E-03   8.7053934980E-04
   39      1.4501356432E-04   6.9799744024E-05  -1.0354813825E-04   6.9545442588E-03   3.9318139900E-04
   40     -6.5399691204E-05   1.4354349423E-05   2.6494426251E-04   1.2087893120E-03  -3.3147383830E-03
   41     -3.8913780638E-04  -1.4736230399E-04   3.3192482745E-04  -1.3317093031E-03  -2.8090332437E-03
                   35                 36                 37                 38                 39        
    0     -1.6224472075E-04  -8.6920530619E-03  -2.6054832800E-03   4.5433899971E-03  -1.2542138787E-02
    1      1.9339600795E-04   5.8559784212E-03   1.9753788643E-03  -2.8268655591E-03   2.7517436874E-03
    2     -3.1164277735E-05  -1.2366398822E-03   7.2044767187E-06   5.8830584047E-04   7.5671440879E-03
    3      1.9765951260E-04   1.4107659602E-03   5.5288279781E-04   4.5106826089E-05  -2.0386864571E-03
    4     -4.4502695031E-04  -4.4397909527E-03  -1.5773006740E-03   3.2312068400E-03  -1.0190169601E-02
    5     -1.9774171363E-04   2.0826544783E-04  -4.8650186677E-04  -1.1761351610E-03   3.7300646368E-03
    6      6.0773519635E-05  -6.5661909965E-04  -2.6074658345E-04  -4.1879757900E-04   6.9732650298E-04
    7     -3.7592930837E-05   1.5278176875E-04   1.2991389083E-04  -1.3398944774E-05  -2.3953707045E-05
    8      2.0343438609E-04  -5.2272883804E-04  -3.6667112724E-04   6.0561606218E-04  -7.6301440576E-04
    9      2.5376779367E-04   2.0868124811E-03   4.3079373847E-04  -1.9667505483E-03   4.3346954670E-03
   10      4.6258168161E-04   2.7491135666E-03   1.5022054510E-03  -2.1218822270E-03   6.4079819780E-03
   11      4.3558703688E-04   9.8495485664E-04   7.4978259890E-04  -6.4231683089E-04   1.2546300315E-03
   12     -7.0897801144E-04   3.4601517926E-03  -1.0343276913E-03  -4.0274887366E-04  -1.1050241970E-02
   13     -1.0489028242E-03   4.9897942046E-04  -3.1832199884E-03  -3.8092727586E-03   1.2043869267E-03
   14     -3.4860321595E-03  -3.6973298516E-03  -4.6229998527E-03  -1.2142474415E-03   1.6978083362E-03
   15     -9.7338379892E-02   8.5522786727E-03   1.1474402587E-02   8.3127202064E-03   2.3155431337E-03
   16      3.3606613043E-02  -8.8379689699E-03  -1.5625749550E-02  -1.5485484892E-02  -8.5141413697E-03
   17     -3.1579078221E-01   1.1518465262E-03   1.0517327715E-02   9.1410284938E-03  -9.5913253322E-03
   18     -4.7839159008E-03  -7.9379738479E-02   1.0207692562E-01  -3.8658356592E-02  -4.2697779737E-02
   19      4.9093742384E-03   1.1083183364E-01  -2.9412757220E-01   7.0238375577E-02   2.0420130407E-02
   20     -1.4656273342E-02  -3.4988612210E-02   6.9491183166E-02  -8.0274550051E-02  -6.3644881183E-02
   21     -2.5954447379E-04   7.6281863074E-04   2.6577410491E-04  -1.6164033458E-04  -7.3453836285E-04
   22     -1.0903227754E-04   2.9494368267E-04   8.7435119167E-05  -2.4914339361E-04  -3.8117232498E-05
   23      1.2328850486E-05   8.8773835601E-05  -1.9423448592E-04   1.1509821977E-04   5.3553078825E-05
   24      8.6483533231E-05   2.9272278238E-04   2.4734567171E-04  -5.1977450567E-04   7.7489089074E-04
   25     -2.2193180444E-06  -7.0176456350E-05   5.3678158011E-05   4.6748379046E-05  -1.2642354382E-04
   26      6.8770478332E-05  -3.7132236020E-04  -8.5612436669E-05   6.3956145399E-05  -2.9639049126E-04
   27     -1.8612750383E-03  -5.6678855215E-05  -1.1974256100E-04   4.7953712384E-06   1.3723803836E-03
   28      2.6441650249E-04   2.6345737140E-04   2.0538761598E-04  -4.6733981020E-04   2.4421081367E-04
   29      1.2181738937E-03  -3.2347924509E-04  -1.1013457185E-04   2.1781577764E-04   5.3107283005E-04
   30      1.0271048767E-03  -6.8257081026E-04   7.2110097149E-04   5.3946696812E-04   1.4501356432E-04
   31      3.8319933597E-04  -4.5052909267E-04  -7.4536526217E-04  -9.2228640330E-04   6.9799744024E-05
   32      5.1231667450E-04   4.0208850259E-05   4.3739062361E-04   4.5425696362E-04  -1.0354813825E-04
   33      1.0449539025E-01  -4.3979146875E-03  -1.4314007089E-03   1.6905855427E-03   6.9545442588E-03
   34     -3.5292454950E-02  -9.8252757274E-04   7.8959121253E-04   8.7053934980E-04   3.9318139900E-04
   35      3.3101952622E-01   1.7211139176E-03   3.9263225794E-04   5.1566533567E-04  -2.7220433496E-03
   36      1.7211139176E-03   7.6652769899E-02  -1.1012552990E-01   3.7431432175E-02   6.4725477437E-04
   37      3.9263225794E-04  -1.1012552990E-01   3.1004423217E-01  -7.3506396433E-02  -1.9411546017E-04
   38      5.1566533567E-04   3.7431432175E-02  -7.3506396433E-02   7.3367300445E-02  -1.0438379283E-02
   39     -2.7220433496E-03   6.4725477437E-04  -1.9411546017E-04  -1.0438379283E-02   5.1821736339E-02
   40     -3.2655524215E-03   4.2615557685E-03   4.7138518556E-04   2.5015568709E-02  -1.2404546141E-02
   41      1.7619083264E-04  -4.8753259317E-04  -2.2233384960E-03  -1.7617938000E-03   7.2732584324E-02
                   40                 41        
     0     -1.0933950270E-03   2.9591897146E-03
     1     -4.2746184302E-06  -5.1659148664E-04
     2      1.6403427794E-03  -1.2753076498E-03
     3      1.6500935885E-03  -4.5877551680E-04
     4     -6.0255042731E-04   2.6331704347E-03
     5     -1.2943687454E-03  -1.5640378221E-04
     6     -2.4620745053E-04   1.8967481024E-04
     7     -8.5404356261E-05  -3.5303313519E-04
     8     -1.4313524883E-04   6.9266017010E-04
     9      6.2956762107E-04  -6.0910055046E-04
    10      6.2093797310E-04  -1.5016636909E-03
    11      3.6027703506E-04  -5.1467140603E-04
    12     -2.6147353543E-03   1.9672911003E-03
    13      1.8911731964E-03   8.1614489268E-04
    14     -4.7406158752E-04   1.1289157777E-03
    15     -5.6427850532E-03  -4.5652075590E-03
    16      6.6869033842E-03   7.1179433573E-03
    17     -2.6777194923E-02  -1.2463771385E-02
    18      1.4616906319E-02  -7.0705030361E-02
    19     -6.4173792703E-02   3.3080680805E-02
    20      3.9701049261E-02  -3.3972547716E-01
    21     -1.5913556962E-04  -2.6077974450E-05
    22     -1.7964707879E-04   1.5490677444E-06
    23     -9.1314645515E-05   1.0096121816E-04
    24     -2.3605194300E-04   6.7976690630E-05
    25     -1.2271776357E-04   1.0129491090E-04
    26      1.1286893832E-04   8.1273162276E-05
    27      9.5375719958E-05   6.4857988273E-04
    28     -4.0861383621E-04  -5.5559295225E-04
    29      5.6554515495E-04   6.5549328764E-05
    30     -6.5399691204E-05  -3.8913780638E-04
    31      1.4354349423E-05  -1.4736230399E-04
    32      2.6494426251E-04   3.3192482745E-04
    33      1.2087893120E-03  -1.3317093031E-03
    34     -3.3147383830E-03  -2.8090332437E-03
    35     -3.2655524215E-03   1.7619083264E-04
    36      4.2615557685E-03  -4.8753259317E-04
    37      4.7138518556E-04  -2.2233384960E-03
    38      2.5015568709E-02  -1.7617938000E-03
    39     -1.2404546141E-02   7.2732584324E-02
    40      5.9206985078E-02  -3.5629568364E-02
    41     -3.5629568364E-02   3.5331994986E-01

$vibrational_frequencies
42
    0        0.0000000000000000
    1        0.0000000000000000
    2        0.0000000000000000
    3        0.0000000000000000
    4        0.0000000000000000
    5        0.0000000000000000
    6     -572.2121999236708234
    7      118.5012451468898576
    8      153.4822507297729430
    9      304.6422624567917410
   10      355.9619278893094929
   11      395.1130705257277782
   12      414.0585041245307707
   13      467.9071463044371058
   14      498.4365940139492750
   15      648.9329457625243549
   16      720.9471767307364871
   17      765.3125399005538156
   18      811.4490629300248656
   19      877.1089056197323544
   20      927.4913624805479913
   21      987.9795857895222753
   22     1035.0998451576824664
   23     1044.3959753207311678
   24     1071.9014579755005343
   25     1087.6403169777825042
   26     1142.1890847006391141
   27     1278.0114464835148738
   28     1285.1759787284665890
   29     1325.8053438028584878
   30     1448.0532081136773286
   31     1489.3353812416244182
   32     1556.5475992972271797
   33     1586.6506633321255322
   34     1702.0012878273955721
   35     3212.3456210378035394
   36     3219.3266821637785142
   37     3238.2214053438760857
   38     3249.6074407142441487
   39     3314.0957567888781341
   40     3324.5162521561892390
   41     3351.3647348149115714

$normal_modes
42 42
                    0                  1                  2                  3                  4        
    0      0.0000000000E+00   0.0000000000E+00   0.0000000000E+00   0.0000000000E+00   0.0000000000E+00
    1      0.0000000000E+00   0.0000000000E+00   0.0000000000E+00   0.0000000000E+00   0.0000000000E+00
    2      0.0000000000E+00   0.0000000000E+00   0.0000000000E+00   0.0000000000E+00   0.0000000000E+00
    3      0.0000000000E+00   0.0000000000E+00   0.0000000000E+00   0.0000000000E+00   0.0000000000E+00
    4      0.0000000000E+00   0.0000000000E+00   0.0000000000E+00   0.0000000000E+00   0.0000000000E+00
